L1_x0,L1_y0,L1_z0,L1_x1,L1_y1,L1_z1,L1_x2,L1_y2,L1_z2,L1_x3,L1_y3,L1_z3,L1_x4,L1_y4,L1_z4,L1_x5,L1_y5,L1_z5,L1_x6,L1_y6,L1_z6,L1_x7,L1_y7,L1_z7,L1_x8,L1_y8,L1_z8,L1_x9,L1_y9,L1_z9,L1_x10,L1_y10,L1_z10,L1_x11,L1_y11,L1_z11,L1_x12,L1_y12,L1_z12,L1_x13,L1_y13,L1_z13,L1_x14,L1_y14,L1_z14,L1_x15,L1_y15,L1_z15,L1_x16,L1_y16,L1_z16,L1_x17,L1_y17,L1_z17,L1_x18,L1_y18,L1_z18,L1_x19,L1_y19,L1_z19,L1_x20,L1_y20,L1_z20,L2_x0,L2_y0,L2_z0,L2_x1,L2_y1,L2_z1,L2_x2,L2_y2,L2_z2,L2_x3,L2_y3,L2_z3,L2_x4,L2_y4,L2_z4,L2_x5,L2_y5,L2_z5,L2_x6,L2_y6,L2_z6,L2_x7,L2_y7,L2_z7,L2_x8,L2_y8,L2_z8,L2_x9,L2_y9,L2_z9,L2_x10,L2_y10,L2_z10,L2_x11,L2_y11,L2_z11,L2_x12,L2_y12,L2_z12,L2_x13,L2_y13,L2_z13,L2_x14,L2_y14,L2_z14,L2_x15,L2_y15,L2_z15,L2_x16,L2_y16,L2_z16,L2_x17,L2_y17,L2_z17,L2_x18,L2_y18,L2_z18,L2_x19,L2_y19,L2_z19,L2_x20,L2_y20,L2_z20,Fx33,Fy33,Fz33,Fx133,Fy133,Fz133,Fx362,Fy362,Fz362,Fx263,Fy263,Fz263,Fx1,Fy1,Fz1,Fx2,Fy2,Fz2,Fx4,Fy4,Fz4,Fx5,Fy5,Fz5,Fx45,Fy45,Fz45,Fx275,Fy275,Fz275,Fx61,Fy61,Fz61,Fx291,Fy291,Fz291,Fx0,Fy0,Fz0,Fx17,Fy17,Fz17,Fx57,Fy57,Fz57,Fx287,Fy287,Fz287,label,timestamp
0.0,0.0,0.0,0.0,0.0,0.0,0.0,0.0,0.0,0.0,0.0,0.0,0.0,0.0,0.0,0.0,0.0,0.0,0.0,0.0,0.0,0.0,0.0,0.0,0.0,0.0,0.0,0.0,0.0,0.0,0.0,0.0,0.0,0.0,0.0,0.0,0.0,0.0,0.0,0.0,0.0,0.0,0.0,0.0,0.0,0.0,0.0,0.0,0.0,0.0,0.0,0.0,0.0,0.0,0.0,0.0,0.0,0.0,0.0,0.0,0.0,0.0,0.0,0.0,0.0,0.0,0.0,0.0,0.0,0.0,0.0,0.0,0.0,0.0,0.0,0.0,0.0,0.0,0.0,0.0,0.0,0.0,0.0,0.0,0.0,0.0,0.0,0.0,0.0,0.0,0.0,0.0,0.0,0.0,0.0,0.0,0.0,0.0,0.0,0.0,0.0,0.0,0.0,0.0,0.0,0.0,0.0,0.0,0.0,0.0,0.0,0.0,0.0,0.0,0.0,0.0,0.0,0.0,0.0,0.0,0.0,0.0,0.0,0.0,0.0,0.0,0.371410071849823,0.44446665048599243,0.03547414392232895,0.42007219791412354,0.44084033370018005,0.013494204729795456,0.4992024302482605,0.4258841276168823,-0.005085174925625324,0.5547419786453247,0.40608349442481995,-0.005699091125279665,0.45615002512931824,0.5395045280456543,-0.06584873050451279,0.4631364047527313,0.5555819869041443,-0.032165978103876114,0.4533841609954834,0.5226835012435913,-0.07111262530088425,0.4520953893661499,0.4995872676372528,-0.06745976209640503,0.4417070746421814,0.5256154537200928,-0.06750195473432541,0.466530978679657,0.5204147696495056,-0.07165595889091492,0.4318709969520569,0.6271184086799622,0.020096877589821815,0.5282906293869019,0.6168719530105591,-0.004509287420660257,0.47091251611709595,0.5987859964370728,-0.0323452465236187,0.4780699908733368,0.6615644693374634,-0.014090457931160927,0.42193883657455444,0.6331237554550171,0.024647748097777367,0.5454200506210327,0.6119926571846008,-0.0037476452998816967,no,2025-11-18T07:29:00.464880
0.0,0.0,0.0,0.0,0.0,0.0,0.0,0.0,0.0,0.0,0.0,0.0,0.0,0.0,0.0,0.0,0.0,0.0,0.0,0.0,0.0,0.0,0.0,0.0,0.0,0.0,0.0,0.0,0.0,0.0,0.0,0.0,0.0,0.0,0.0,0.0,0.0,0.0,0.0,0.0,0.0,0.0,0.0,0.0,0.0,0.0,0.0,0.0,0.0,0.0,0.0,0.0,0.0,0.0,0.0,0.0,0.0,0.0,0.0,0.0,0.0,0.0,0.0,0.0,0.0,0.0,0.0,0.0,0.0,0.0,0.0,0.0,0.0,0.0,0.0,0.0,0.0,0.0,0.0,0.0,0.0,0.0,0.0,0.0,0.0,0.0,0.0,0.0,0.0,0.0,0.0,0.0,0.0,0.0,0.0,0.0,0.0,0.0,0.0,0.0,0.0,0.0,0.0,0.0,0.0,0.0,0.0,0.0,0.0,0.0,0.0,0.0,0.0,0.0,0.0,0.0,0.0,0.0,0.0,0.0,0.0,0.0,0.0,0.0,0.0,0.0,0.37395794689655304,0.44547946751117706,0.032979018054902554,0.42237305641174316,0.4426461011171341,0.011734679341316223,0.5014173984527588,0.4284420907497406,-0.0053504034876823425,0.557945191860199,0.4089501351118088,-0.0048768718261271715,0.45938120782375336,0.5400600731372833,-0.0663653127849102,0.4659631550312042,0.5562129020690918,-0.03215370513498783,0.4567621052265167,0.52339968085289,-0.0717945322394371,0.45546647906303406,0.500368133187294,-0.06829452514648438,0.4449024498462677,0.5261847674846649,-0.06834957748651505,0.4699946194887161,0.5212369561195374,-0.07216116040945053,0.43401893973350525,0.6278134882450104,0.0203297957777977,0.5297445952892303,0.6185481548309326,-0.0023892767494544387,0.4735448956489563,0.6007728278636932,-0.032127268612384796,0.479999303817749,0.6633303165435791,-0.01249467208981514,0.42310211062431335,0.6332447528839111,0.02477084379643202,0.5478074848651886,0.6126802563667297,-0.0014553929213434458,no,2025-11-18T07:29:00.637873
0.0,0.0,0.0,0.0,0.0,0.0,0.0,0.0,0.0,0.0,0.0,0.0,0.0,0.0,0.0,0.0,0.0,0.0,0.0,0.0,0.0,0.0,0.0,0.0,0.0,0.0,0.0,0.0,0.0,0.0,0.0,0.0,0.0,0.0,0.0,0.0,0.0,0.0,0.0,0.0,0.0,0.0,0.0,0.0,0.0,0.0,0.0,0.0,0.0,0.0,0.0,0.0,0.0,0.0,0.0,0.0,0.0,0.0,0.0,0.0,0.0,0.0,0.0,0.0,0.0,0.0,0.0,0.0,0.0,0.0,0.0,0.0,0.0,0.0,0.0,0.0,0.0,0.0,0.0,0.0,0.0,0.0,0.0,0.0,0.0,0.0,0.0,0.0,0.0,0.0,0.0,0.0,0.0,0.0,0.0,0.0,0.0,0.0,0.0,0.0,0.0,0.0,0.0,0.0,0.0,0.0,0.0,0.0,0.0,0.0,0.0,0.0,0.0,0.0,0.0,0.0,0.0,0.0,0.0,0.0,0.0,0.0,0.0,0.0,0.0,0.0,0.3768235817551613,0.44534168392419815,0.030558389145880938,0.4250202775001526,0.4437491074204445,0.009985463228076696,0.5048844516277313,0.42977212369441986,-0.005826728185638785,0.5615953207015991,0.4099164828658104,-0.004449128522537649,0.4627545699477196,0.5422003120183945,-0.06660581566393375,0.4688178449869156,0.5580342710018158,-0.03199233207851648,0.4602944999933243,0.525520458817482,-0.07218661159276962,0.4589877128601074,0.5022388771176338,-0.06886307150125504,0.44829680025577545,0.5280667692422867,-0.068885937333107,0.47352320700883865,0.5234432518482208,-0.07241203263401985,0.43578311800956726,0.6293395608663559,0.020670107565820217,0.5318691581487656,0.6203902959823608,-0.0004750636871904135,0.4764210283756256,0.6005126982927322,-0.03161714505404234,0.4826987236738205,0.664713591337204,-0.010735467076301575,0.42443928122520447,0.6334947347640991,0.02503402763977647,0.549330934882164,0.6140103042125702,0.0006432391237467527,no,2025-11-18T07:29:00.802181
0.0,0.0,0.0,0.0,0.0,0.0,0.0,0.0,0.0,0.0,0.0,0.0,0.0,0.0,0.0,0.0,0.0,0.0,0.0,0.0,0.0,0.0,0.0,0.0,0.0,0.0,0.0,0.0,0.0,0.0,0.0,0.0,0.0,0.0,0.0,0.0,0.0,0.0,0.0,0.0,0.0,0.0,0.0,0.0,0.0,0.0,0.0,0.0,0.0,0.0,0.0,0.0,0.0,0.0,0.0,0.0,0.0,0.0,0.0,0.0,0.0,0.0,0.0,0.0,0.0,0.0,0.0,0.0,0.0,0.0,0.0,0.0,0.0,0.0,0.0,0.0,0.0,0.0,0.0,0.0,0.0,0.0,0.0,0.0,0.0,0.0,0.0,0.0,0.0,0.0,0.0,0.0,0.0,0.0,0.0,0.0,0.0,0.0,0.0,0.0,0.0,0.0,0.0,0.0,0.0,0.0,0.0,0.0,0.0,0.0,0.0,0.0,0.0,0.0,0.0,0.0,0.0,0.0,0.0,0.0,0.0,0.0,0.0,0.0,0.0,0.0,0.37734951451420784,0.4446873553097248,0.03001213655807078,0.4249516427516937,0.444478590041399,0.009478999534621835,0.5059051066637039,0.43026045709848404,-0.006278676795773208,0.5626312494277954,0.4108264558017254,-0.00490152946440503,0.4633755050599575,0.544583223760128,-0.0670831585302949,0.469445176422596,0.5600065737962723,-0.03210465284064412,0.4609319046139717,0.5278409197926521,-0.07277017459273338,0.45964305102825165,0.5042665638029575,-0.06954209879040718,0.4488137885928154,0.5302462354302406,-0.06947226822376251,0.4742724485695362,0.525761678814888,-0.072987275198102,0.4366920739412308,0.6307070180773735,0.021691143047064543,0.5329999849200249,0.6223846673965454,0.0005569293280132115,0.47755207121372223,0.6026113703846931,-0.03127102414146066,0.48381007462739944,0.6662759929895401,-0.009966509882360697,0.4243405908346176,0.6342997848987579,0.02599611901678145,0.550744079053402,0.6150572746992111,0.0016188871813938022,no,2025-11-18T07:29:00.919143
0.0,0.0,0.0,0.0,0.0,0.0,0.0,0.0,0.0,0.0,0.0,0.0,0.0,0.0,0.0,0.0,0.0,0.0,0.0,0.0,0.0,0.0,0.0,0.0,0.0,0.0,0.0,0.0,0.0,0.0,0.0,0.0,0.0,0.0,0.0,0.0,0.0,0.0,0.0,0.0,0.0,0.0,0.0,0.0,0.0,0.0,0.0,0.0,0.0,0.0,0.0,0.0,0.0,0.0,0.0,0.0,0.0,0.0,0.0,0.0,0.0,0.0,0.0,0.0,0.0,0.0,0.0,0.0,0.0,0.0,0.0,0.0,0.0,0.0,0.0,0.0,0.0,0.0,0.0,0.0,0.0,0.0,0.0,0.0,0.0,0.0,0.0,0.0,0.0,0.0,0.0,0.0,0.0,0.0,0.0,0.0,0.0,0.0,0.0,0.0,0.0,0.0,0.0,0.0,0.0,0.0,0.0,0.0,0.0,0.0,0.0,0.0,0.0,0.0,0.0,0.0,0.0,0.0,0.0,0.0,0.0,0.0,0.0,0.0,0.0,0.0,0.3767953608185053,0.44374446012079716,0.029433635179884732,0.4243970960378647,0.44504661299288273,0.008047656738199294,0.5065446570515633,0.4310428388416767,-0.009089504310395569,0.5632613599300385,0.4107288774102926,-0.008579301735153422,0.462463466450572,0.5467834286391735,-0.0664813001640141,0.4691404439508915,0.5618787184357643,-0.031082321191206574,0.4598926492035389,0.5301263071596622,-0.07247170247137547,0.4586208239197731,0.5064781922847033,-0.06972201354801655,0.4478464089334011,0.5324379689991474,-0.06903612613677979,0.47326343692839146,0.5280523672699928,-0.07285295519977808,0.4374026730656624,0.6313755176961422,0.024856335250660777,0.5324783883988857,0.6243338882923126,0.0018602484196890146,0.4769429489970207,0.6061901785433292,-0.02940193866379559,0.4826812334358692,0.6679005101323128,-0.0069185104221105576,0.4254777058959007,0.634662315249443,0.02934771787840873,0.5518363825976849,0.6156410202383995,0.0028050136170350015,no,2025-11-18T07:29:01.084677
0.0,0.0,0.0,0.0,0.0,0.0,0.0,0.0,0.0,0.0,0.0,0.0,0.0,0.0,0.0,0.0,0.0,0.0,0.0,0.0,0.0,0.0,0.0,0.0,0.0,0.0,0.0,0.0,0.0,0.0,0.0,0.0,0.0,0.0,0.0,0.0,0.0,0.0,0.0,0.0,0.0,0.0,0.0,0.0,0.0,0.0,0.0,0.0,0.0,0.0,0.0,0.0,0.0,0.0,0.0,0.0,0.0,0.0,0.0,0.0,0.0,0.0,0.0,0.0,0.0,0.0,0.0,0.0,0.0,0.0,0.0,0.0,0.0,0.0,0.0,0.0,0.0,0.0,0.0,0.0,0.0,0.0,0.0,0.0,0.0,0.0,0.0,0.0,0.0,0.0,0.0,0.0,0.0,0.0,0.0,0.0,0.0,0.0,0.0,0.0,0.0,0.0,0.0,0.0,0.0,0.0,0.0,0.0,0.0,0.0,0.0,0.0,0.0,0.0,0.0,0.0,0.0,0.0,0.0,0.0,0.0,0.0,0.0,0.0,0.0,0.0,0.3760695056989789,0.44471461046487093,0.03229826741153374,0.42376086860895157,0.4454415189102292,0.009156750340480357,0.5035715140402317,0.43476694263517857,-0.01089013458113186,0.561425045132637,0.41538419108837843,-0.012167709457571618,0.45662310626357794,0.5509198512881994,-0.06568915047682822,0.46399991400539875,0.5655833669006824,-0.030603944440372288,0.4541706833988428,0.5345359910279512,-0.07168521825224161,0.4534575380384922,0.5110286483541131,-0.06906022224575281,0.4423155765980482,0.5365079287439585,-0.06793453171849251,0.4676057966426015,0.5327238626778126,-0.07240377413108945,0.43375105038285255,0.6328193973749876,0.02677801193203777,0.527242986485362,0.6283596307039261,-4.760407318826765e-05,0.4709342382848263,0.6094107199460268,-0.02865834126714617,0.47636706568300724,0.6705710031092167,-0.006200070725753903,0.4224393032491207,0.6348510310053825,0.031613877101335675,0.547278081998229,0.6200535409152508,0.0006668587157037109,no,2025-11-18T07:29:01.202436
0.4381910562515259,0.41326409578323364,-1.851158231147565e-07,0.4145723283290863,0.38743656873703003,-0.007386407349258661,0.4019148647785187,0.3396088778972626,-0.013673980720341206,0.38823097944259644,0.30993857979774475,-0.021442608907818794,0.3736184239387512,0.28380075097084045,-0.029093973338603973,0.4290905296802521,0.2974492013454437,-0.004329117015004158,0.41721847653388977,0.26404592394828796,-0.02475045621395111,0.39354532957077026,0.2575182020664215,-0.04239342734217644,0.37367069721221924,0.2639826834201813,-0.05224834010004997,0.4445362687110901,0.29896315932273865,-0.01041103433817625,0.436012864112854,0.2579369843006134,-0.029436836019158363,0.4088614583015442,0.2571200728416443,-0.042686428874731064,0.3889012038707733,0.2697511613368988,-0.04902002587914467,0.4598500430583954,0.3113599121570587,-0.018814027309417725,0.45408692955970764,0.26826244592666626,-0.03483235463500023,0.42773735523223877,0.26833871006965637,-0.04018968716263771,0.4101749360561371,0.28023800253868103,-0.040755923837423325,0.47394829988479614,0.33275797963142395,-0.02829916775226593,0.46940866112709045,0.2961008548736572,-0.04087286442518234,0.44947654008865356,0.2859647572040558,-0.04403148218989372,0.4337819218635559,0.28842246532440186,-0.0437687449157238,0.0,0.0,0.0,0.0,0.0,0.0,0.0,0.0,0.0,0.0,0.0,0.0,0.0,0.0,0.0,0.0,0.0,0.0,0.0,0.0,0.0,0.0,0.0,0.0,0.0,0.0,0.0,0.0,0.0,0.0,0.0,0.0,0.0,0.0,0.0,0.0,0.0,0.0,0.0,0.0,0.0,0.0,0.0,0.0,0.0,0.0,0.0,0.0,0.0,0.0,0.0,0.0,0.0,0.0,0.0,0.0,0.0,0.0,0.0,0.0,0.0,0.0,0.0,0.3795711793936789,0.44056023890152574,0.0333821645763237,0.42675094678997993,0.4410984688438475,0.0102795114798937,0.5079976636916399,0.43202672619372606,-0.009632942252210341,0.5675593391060829,0.4146555005572736,-0.01070569713920122,0.45952703012153506,0.5479510230943561,-0.06693190161604434,0.46662741247564554,0.562622943893075,-0.031493097136262804,0.4571548895910382,0.5313672358170152,-0.07292823912575841,0.4565157759934664,0.5076180105097592,-0.07013160036876798,0.44490115251392126,0.5331548871472478,-0.06917150877416134,0.47092589596286416,0.5296918544918299,-0.07360541471280158,0.4344592858105898,0.6274074530228972,0.02629526489181444,0.5310777863487601,0.6244978681206703,-0.00027417929231887683,0.4730213116854429,0.6040104115381837,-0.02937848662259057,0.4780446933582425,0.6654638815671206,-0.009027280961163342,0.4224675577133894,0.6314100585877895,0.030955572641687468,0.5510204015299678,0.6178087648004293,0.00028575436954270117,no,2025-11-18T07:29:01.353509
0.6459172964096069,0.6138611435890198,-3.3596850812500634e-07,0.6047447174787521,0.5793530642986298,-0.006645625922828913,0.5802098661661148,0.5105687826871872,-0.010617237305268645,0.5611152648925781,0.4612688571214676,-0.018777908757328987,0.5380288362503052,0.4253168851137161,-0.02632369939237833,0.6076512485742569,0.44285254180431366,0.011172217316925526,0.5888434797525406,0.385003998875618,-0.011947244463954121,0.5570005476474762,0.3844437450170517,-0.03126539569348097,0.5360247790813446,0.4003054052591324,-0.041132417507469654,0.6270058453083038,0.4390493482351303,0.0024140258319675922,0.6109901666641235,0.36692535877227783,-0.020371013320982456,0.5745052695274353,0.3831299841403961,-0.0334366736933589,0.5575916916131973,0.40955986082553864,-0.03661146014928818,0.6492884904146194,0.4457051604986191,-0.010359324398450553,0.6379531472921371,0.3692951798439026,-0.03163489419966936,0.60500767827034,0.396067813038826,-0.03380770422518253,0.5945227295160294,0.43064235150814056,-0.02873674686998129,0.673645406961441,0.4624437540769577,-0.024598322808742523,0.6594186872243881,0.40234115719795227,-0.03866446390748024,0.6323003172874451,0.41453157365322113,-0.03699621930718422,0.6223203539848328,0.4422019422054291,-0.03141089715063572,0.0,0.0,0.0,0.0,0.0,0.0,0.0,0.0,0.0,0.0,0.0,0.0,0.0,0.0,0.0,0.0,0.0,0.0,0.0,0.0,0.0,0.0,0.0,0.0,0.0,0.0,0.0,0.0,0.0,0.0,0.0,0.0,0.0,0.0,0.0,0.0,0.0,0.0,0.0,0.0,0.0,0.0,0.0,0.0,0.0,0.0,0.0,0.0,0.0,0.0,0.0,0.0,0.0,0.0,0.0,0.0,0.0,0.0,0.0,0.0,0.0,0.0,0.0,0.3899213869590312,0.4311264839489013,0.030991318766609766,0.4380525294691324,0.4327325013000518,0.009942666816641577,0.5199921289458871,0.42372351000085473,-0.006934194818313699,0.5785131938755512,0.407701876712963,-0.006326671176793752,0.4735167396720499,0.5380762717686594,-0.06769285263726488,0.4793269601650536,0.5530699091032147,-0.03209688494098373,0.4713731058873236,0.521194722969085,-0.07360417977906764,0.4705626452341676,0.49724441790021956,-0.07058793702162802,0.45881179673597217,0.5229026884771883,-0.07016881089657545,0.4851236038375646,0.5195938246324658,-0.0739350785734132,0.44405881408602,0.6188960778526962,0.02343843862763606,0.5412761787883937,0.6152757592499256,0.0009297693504777271,0.4855102961882949,0.5946054798550904,-0.03029193720431067,0.4901681267656386,0.656382062472403,-0.01082573930034414,0.4313289811834693,0.623514948412776,0.027753117043175735,0.5613998263143003,0.6099775759503245,0.0017445515459257877,no,2025-11-18T07:29:01.535740
0.7409197390079498,0.7265549004077911,-4.371375581513348e-07,0.6886714622378349,0.683789536356926,-7.762177847325802e-05,0.6565778329968452,0.6034853681921959,0.0001225677551701665,0.6356421411037445,0.5455557778477669,-0.006679927231743932,0.6085950434207916,0.5057504549622536,-0.012860001384979114,0.6856454685330391,0.5278212055563927,0.026512168813496828,0.6648066714406013,0.45857513695955276,0.0023301243491005152,0.6283242553472519,0.46021734923124313,-0.01852383720688522,0.6045172065496445,0.4794878736138344,-0.02887380076572299,0.7077123075723648,0.5189992114901543,0.012306507909670472,0.6882120668888092,0.42988504469394684,-0.012749546440318227,0.6442499756813049,0.4527856856584549,-0.027483211364597082,0.6242393627762794,0.4866921678185463,-0.030514837242662907,0.7329192534089088,0.5219639763236046,-0.00650360033614561,0.7180838212370872,0.42918165028095245,-0.030068423133343458,0.6842445880174637,0.47098786383867264,-0.031173800118267536,0.6787170842289925,0.5167651996016502,-0.02392043313011527,0.760516807436943,0.5359153375029564,-0.026617346331477165,0.7392104491591454,0.46487556397914886,-0.03927342779934406,0.7117279767990112,0.48944058269262314,-0.0342311542481184,0.708427220582962,0.5271991938352585,-0.026041998527944088,0.0,0.0,0.0,0.0,0.0,0.0,0.0,0.0,0.0,0.0,0.0,0.0,0.0,0.0,0.0,0.0,0.0,0.0,0.0,0.0,0.0,0.0,0.0,0.0,0.0,0.0,0.0,0.0,0.0,0.0,0.0,0.0,0.0,0.0,0.0,0.0,0.0,0.0,0.0,0.0,0.0,0.0,0.0,0.0,0.0,0.0,0.0,0.0,0.0,0.0,0.0,0.0,0.0,0.0,0.0,0.0,0.0,0.0,0.0,0.0,0.0,0.0,0.0,0.4006773034343496,0.42545053793583065,0.02646777925110655,0.4496570201590657,0.4260612024227157,0.008437953052634839,0.531575717497617,0.41513040219433606,-0.0033868484642880503,0.5894961301237345,0.39956636575516313,0.0003003494584845612,0.4909020549384877,0.5305810819845647,-0.06863641322706826,0.4950120730791241,0.5457626082934439,-0.03287090164667461,0.4889758948702365,0.5135283304844052,-0.07448395632673055,0.4877159339375794,0.489451810833998,-0.0712458734633401,0.4760954861994833,0.5153937742579728,-0.07159005990251899,0.5025485005462542,0.5117471762932837,-0.07424436981091276,0.45649509551003575,0.6134246939327568,0.01938014656479936,0.5546847393270582,0.6068567428737879,0.0036742585889442125,0.5024085971526802,0.5853727629873902,-0.031278552443836816,0.507249103160575,0.6485535097308457,-0.012649490992771462,0.4424426699988544,0.6179404547438025,0.02310304926504614,0.5733245953451842,0.6011623605154455,0.004900721814010467,no,2025-11-18T07:29:01.719257
0.7802764922380447,0.7851958125829697,-4.795348118591392e-07,0.7219468913972378,0.7341187223792076,0.004152367007918656,0.6878028847277164,0.6474008075892925,0.0066253916011191905,0.6654085665941238,0.5845499075949192,0.00025776715483516455,0.6351262181997299,0.5436705537140369,-0.005662935829604976,0.718033704906702,0.5719764940440655,0.036460368195548654,0.6970504261553288,0.4967990256845951,0.012341378242126666,0.6585400626063347,0.4995676539838314,-0.009097992326132953,0.6337726935744286,0.5209252126514912,-0.019683311926200986,0.7406373396515846,0.5612446032464504,0.019166261074133217,0.7195498794317245,0.46500030905008316,-0.006843381503131241,0.6718326508998871,0.49089140444993973,-0.02276744577102363,0.6503875143826008,0.5288434512913227,-0.02623264165595174,0.7674477286636829,0.5625014118850231,-0.0031389294745167717,0.7516596429049969,0.461958684027195,-0.027518871938809752,0.7160604372620583,0.5079432167112827,-0.029089714866131544,0.7111814357340336,0.558124016970396,-0.0218753085937351,0.7969610318541527,0.5746203474700451,-0.02661311998963356,0.7722551934421062,0.4969160780310631,-0.03822574485093355,0.743943840265274,0.5266130976378918,-0.03206249140202999,0.7423537224531174,0.5694368109107018,-0.023355333600193262,0.0,0.0,0.0,0.0,0.0,0.0,0.0,0.0,0.0,0.0,0.0,0.0,0.0,0.0,0.0,0.0,0.0,0.0,0.0,0.0,0.0,0.0,0.0,0.0,0.0,0.0,0.0,0.0,0.0,0.0,0.0,0.0,0.0,0.0,0.0,0.0,0.0,0.0,0.0,0.0,0.0,0.0,0.0,0.0,0.0,0.0,0.0,0.0,0.0,0.0,0.0,0.0,0.0,0.0,0.0,0.0,0.0,0.0,0.0,0.0,0.0,0.0,0.0,0.40378688770579174,0.42274721182184294,0.023380347327474738,0.4544792757369578,0.4241127914865501,0.007042353787255706,0.5362081120256335,0.4135998912388459,-0.0018645430554897757,0.5938800843432546,0.39773014857200906,0.003639326326265291,0.49724208744009957,0.5277370637049899,-0.0686486119084293,0.5005468568997458,0.5430524100083858,-0.0330568840217893,0.4955459894845262,0.5108022607164457,-0.07440976944053546,0.49426423222757876,0.4869246110902168,-0.0710609974921681,0.48275777127128094,0.5126606427365914,-0.07184019009582698,0.5088876707595773,0.5090340350288898,-0.07384647664730437,0.4623478895518929,0.6117526468588039,0.017239056025573518,0.5591164733050391,0.6044944422319531,0.005480577759044536,0.5101071463432163,0.5834576870547608,-0.03146159926109249,0.514454179094173,0.6458972787950188,-0.012244966128491797,0.44648770219646394,0.6145246769301593,0.020616923578927526,0.5762149564689025,0.5974977544974536,0.0069912155063320824,no,2025-11-18T07:29:01.890428
0.8028301075100899,0.81383066624403,-5.361317967356172e-07,0.7409890275448561,0.7605603449046612,0.007709255034569651,0.7045690584927797,0.6688069757074118,0.012224974139826372,0.6816583052277565,0.6029393691569567,0.006560675508808345,0.6504383608698845,0.5619239900261164,0.001109940443711821,0.7379938531666994,0.5904942806810141,0.04381941177416593,0.7153718937188387,0.5127526987344027,0.020009795196529012,0.6749156676232815,0.5155955087393522,-0.0017607651534490287,0.6480209045112133,0.5378358904272318,-0.012376926257275045,0.7612672932446003,0.5796022396534681,0.02431864762911573,0.7369525656104088,0.48001329973340034,-0.0016602514951955527,0.6882727891206741,0.5100213028490543,-0.01814399368595332,0.666655832901597,0.5508962813764811,-0.021523749688640237,0.7885193023830652,0.5801666583865881,-0.00033968168281717226,0.7703074868768454,0.47527042403817177,-0.0249326842604205,0.73356868699193,0.5253008920699358,-0.026965521974489093,0.7287171054631472,0.5785924550145864,-0.019647244247607887,0.8182176165282726,0.5907792653888464,-0.02595690730959177,0.7900172229856253,0.509357076138258,-0.03724246704950929,0.761369451880455,0.5424546208232641,-0.030617546290159225,0.7607731148600578,0.5884634964168072,-0.021422106074169278,0.0,0.0,0.0,0.0,0.0,0.0,0.0,0.0,0.0,0.0,0.0,0.0,0.0,0.0,0.0,0.0,0.0,0.0,0.0,0.0,0.0,0.0,0.0,0.0,0.0,0.0,0.0,0.0,0.0,0.0,0.0,0.0,0.0,0.0,0.0,0.0,0.0,0.0,0.0,0.0,0.0,0.0,0.0,0.0,0.0,0.0,0.0,0.0,0.0,0.0,0.0,0.0,0.0,0.0,0.0,0.0,0.0,0.0,0.0,0.0,0.0,0.0,0.0,0.40176939466618933,0.422748156968737,0.0245000341838022,0.45177256991155446,0.4243755910138134,0.007782949973261566,0.5337455366970971,0.41314434149535373,-0.0017400804144926951,0.5913541750051081,0.39667417443706654,0.0033709271287989395,0.493960094609065,0.5258832487161271,-0.0688364309098688,0.4976919363834895,0.5414536172756925,-0.03339655834497535,0.49212862859712914,0.5090114134945907,-0.07450871987384744,0.4907988990889862,0.4853084795468021,-0.07103700799052604,0.4794490755884908,0.5109980505076237,-0.07186334242578596,0.505455475213239,0.5072027730057016,-0.0740192618832225,0.4595179382013157,0.6117901293910109,0.017257860610698117,0.5563437295495532,0.6039673634804785,0.004605988417551998,0.5068736308021471,0.5822259677224793,-0.03198177692320314,0.51181575312512,0.6455605077790096,-0.012587855693709571,0.44481434288900346,0.613881386583671,0.020700181428765063,0.5743761893245392,0.5956339802360162,0.006062370487370572,no,2025-11-18T07:29:02.072407
0.8125147558748722,0.8300171159207821,-5.63724890767503e-07,0.747149913571775,0.7742102202028036,0.010239184164674953,0.7104972982779145,0.6805096296593547,0.016111134566017427,0.6869960613548756,0.6123683759942651,0.010877771623199806,0.6542649231851101,0.5708186076954007,0.005589470954873832,0.7440306032076478,0.603490206412971,0.04865577776217833,0.7204469675198197,0.5236871475353837,0.025294396091339877,0.6793672125786543,0.527305937372148,0.0033113583049271256,0.6523316409438848,0.5505812140181661,-0.007580041361507028,0.7671169880777597,0.5915585746988654,0.02745799024705775,0.7418852262198925,0.4900762978941202,0.0014400989894056693,0.691502220928669,0.5201488900929689,-0.015669510641600937,0.6688434751704335,0.5620200606063008,-0.019496588152833283,0.7948817210271955,0.5920430226251483,0.001026634741720045,0.7750365762040019,0.4854092616587877,-0.023657389858271927,0.7389113698154688,0.5372343519702554,-0.025492462678812444,0.7354635680094361,0.5917834220454097,-0.01813620695611462,0.8251950945705175,0.6029242081567645,-0.026264599058777094,0.7953218100592494,0.519067695364356,-0.037252578185871243,0.7667526230216026,0.5549573106691241,-0.029864474199712276,0.7674107812345028,0.603078430518508,-0.02036078425589949,0.0,0.0,0.0,0.0,0.0,0.0,0.0,0.0,0.0,0.0,0.0,0.0,0.0,0.0,0.0,0.0,0.0,0.0,0.0,0.0,0.0,0.0,0.0,0.0,0.0,0.0,0.0,0.0,0.0,0.0,0.0,0.0,0.0,0.0,0.0,0.0,0.0,0.0,0.0,0.0,0.0,0.0,0.0,0.0,0.0,0.0,0.0,0.0,0.0,0.0,0.0,0.0,0.0,0.0,0.0,0.0,0.0,0.0,0.0,0.0,0.0,0.0,0.0,0.40392128874373157,0.41950294801790733,0.022492646888167656,0.45519025588873774,0.42013124989171047,0.007217580871838436,0.5362591194570996,0.40866006482974626,-4.625756673704018e-05,0.5929679193068296,0.3920576961681945,0.00635882999927162,0.49874625213851687,0.5202915327099618,-0.06882259011399583,0.501928034966113,0.5360843923990615,-0.03365537406534713,0.49695859258645214,0.5032860616047401,-0.07439433074614499,0.4954147679382004,0.47969008052314166,-0.07081274247320835,0.48431286818231456,0.5054222991748247,-0.07200518081663176,0.5101212169538485,0.5013956570182927,-0.07365659683273407,0.46424709871644154,0.6076022728520911,0.01580923829715175,0.5599034703045618,0.5991300616879016,0.006193826629214527,0.5119305368862115,0.5765583461907227,-0.03218628256036027,0.5168704820389394,0.6411308968090452,-0.013682062333828071,0.44675197632750496,0.609230179223232,0.01881015885828674,0.5780187366472092,0.588780103425961,0.007660348315198462,no,2025-11-18T07:29:02.250318
0.8211867678910494,0.8400341402739286,-5.8498946930996e-07,0.7537939990870655,0.782114121131599,0.012551902458653785,0.7161604356952012,0.6868542148731649,0.019071928698394913,0.692666420713067,0.6188922082073987,0.013914958733948879,0.6598280649632215,0.5767348730005324,0.008633973886389867,0.7516049188561738,0.6093888147734106,0.05116263570380397,0.7269305107183754,0.5287938234396279,0.027858839834152604,0.6849813302978873,0.5319345179013908,0.005836917975102551,0.6565004838630557,0.5553697333671153,-0.004887699818937108,0.7752134026959538,0.5981511767022312,0.028694575899862684,0.7478089239448309,0.4954237313941121,0.0025800027724471875,0.6971986331045628,0.5282276654615998,-0.014420580089790747,0.6744195953942835,0.5725991711951792,-0.01785398187348619,0.8027046420611441,0.5984730324707925,0.0011011948972736718,0.7812004699371755,0.491412446834147,-0.02323371122474782,0.7450638907030225,0.5455021788366139,-0.024571600079070777,0.7418755334801972,0.6013867943547666,-0.01673756164382212,0.8323117000982165,0.6085416576825082,-0.027214901754632592,0.8011493920348585,0.5247908188030124,-0.03740169259253889,0.7726864330470562,0.5619723997078836,-0.029254262801259756,0.7737005483359098,0.6104746488854289,-0.019158973183948547,0.0,0.0,0.0,0.0,0.0,0.0,0.0,0.0,0.0,0.0,0.0,0.0,0.0,0.0,0.0,0.0,0.0,0.0,0.0,0.0,0.0,0.0,0.0,0.0,0.0,0.0,0.0,0.0,0.0,0.0,0.0,0.0,0.0,0.0,0.0,0.0,0.0,0.0,0.0,0.0,0.0,0.0,0.0,0.0,0.0,0.0,0.0,0.0,0.0,0.0,0.0,0.0,0.0,0.0,0.0,0.0,0.0,0.0,0.0,0.0,0.0,0.0,0.0,0.4025683763102279,0.4177523723701597,0.02378756538792004,0.4548805130762048,0.4181587167913676,0.00816425981474822,0.535102190944599,0.4072614067263203,0.000424148283627801,0.5923142690444365,0.3900922135435394,0.006599971429409379,0.4970407516157138,0.5174854823126225,-0.06869607672160782,0.5003804284060607,0.5336718751641456,-0.03384776727125427,0.4952477708720835,0.5004612644115696,-0.07410890999744879,0.49377197239664383,0.47698258143645944,-0.07032477635220857,0.4827003360114759,0.5026641215226846,-0.0716655022406485,0.5083691430991166,0.49862820623093285,-0.07342566579245613,0.4636300609272439,0.6055385641375324,0.014884728177094075,0.5584400731459027,0.5973030762979761,0.004711836088631571,0.5096367655496579,0.5746173235966126,-0.032964902810817875,0.5146452403423609,0.6384634536516387,-0.014514858166876365,0.445916664757533,0.6076861712499522,0.017980386634462775,0.5763425587647362,0.587456851353636,0.006188364174420258,no,2025-11-18T07:29:02.413942
0.8269301587715745,0.8463865583762527,-5.992627785111893e-07,0.7595260364469141,0.7881176336668432,0.012897157874249388,0.720540831098333,0.6922743774484843,0.01980712986915023,0.6967329429462552,0.6235128121916205,0.014811195047514047,0.6639630785211921,0.5809477132279426,0.00972414569423563,0.7568942627403885,0.6152991882991046,0.052052144790650345,0.7316573320422322,0.5333094059024006,0.02859858586361952,0.6895926217548549,0.5362064631190151,0.006692719856800977,0.6610571569763124,0.5590645663905889,-0.003944379262975417,0.7803124100901186,0.6036590186413378,0.029316394713532645,0.7521130098029971,0.499236969742924,0.003083087216509739,0.7014907617121935,0.5337399137206376,-0.013353548463783227,0.6789427467156202,0.5774829976726323,-0.016235240298556164,0.8076655615586787,0.6036542158108205,0.0013883383444408537,0.7844916887115687,0.49641620414331555,-0.023517739711678587,0.7499672719277442,0.554720219457522,-0.023520582675701007,0.7485574504826218,0.6114326461683959,-0.014461480066529475,0.8373270682059228,0.6138163756113499,-0.027283266303129494,0.8053741871844977,0.5303454375825822,-0.03767894470365718,0.7775835748761892,0.5702432494144887,-0.028530799550935626,0.7799180215224624,0.6191905750893056,-0.017620287282625213,0.0,0.0,0.0,0.0,0.0,0.0,0.0,0.0,0.0,0.0,0.0,0.0,0.0,0.0,0.0,0.0,0.0,0.0,0.0,0.0,0.0,0.0,0.0,0.0,0.0,0.0,0.0,0.0,0.0,0.0,0.0,0.0,0.0,0.0,0.0,0.0,0.0,0.0,0.0,0.0,0.0,0.0,0.0,0.0,0.0,0.0,0.0,0.0,0.0,0.0,0.0,0.0,0.0,0.0,0.0,0.0,0.0,0.0,0.0,0.0,0.0,0.0,0.0,0.39893368196862866,0.4200500186016143,0.027224292907931158,0.44919588035554625,0.4201195870009542,0.009702948492531505,0.5291715872153873,0.41002805796597386,-0.0011195638209073877,0.5861627290141769,0.3927089371245529,0.003204520268639044,0.4883926823931688,0.5193363640792086,-0.06799307219716866,0.49262686161819147,0.5356894231663318,-0.033478818539606436,0.4865589536857442,0.5026134470899706,-0.07335496516679996,0.48544183479680214,0.47945878794780583,-0.06957977899946854,0.4742608904998633,0.5047724408577778,-0.07057395162701141,0.4997183955165383,0.5009465551265748,-0.07301955312323116,0.4566345416387776,0.6078930582661997,0.016107381872188853,0.5510766127772513,0.6000809886609204,0.0017143424955179398,0.49944193950796034,0.5774749802149017,-0.03309391200173195,0.504637341517082,0.6409351012116531,-0.01430613560751226,0.4417039514373755,0.6090503381274175,0.01969870791822359,0.5698041796204052,0.5912963892769767,0.0031019114306616302,no,2025-11-18T07:29:02.578671
0.8316033151932061,0.8504892024211586,-6.0301653914685e-07,0.7636679819552228,0.7908400527667254,0.013467419343214715,0.7243219959782436,0.6947469044243917,0.020505670343482052,0.7002855562604964,0.6260665991576388,0.015480495796509786,0.6676076645962894,0.5822616299847141,0.010327101654638682,0.7616798143135384,0.6175930019235238,0.052554274392605294,0.7355310946004465,0.5348809986608103,0.028970368089630938,0.6936799695249647,0.5372169510228559,0.006760181498975726,0.6644237551372498,0.5598811801755801,-0.004179267903964501,0.7847591296304017,0.6068896575598046,0.029455953805154422,0.7555678910575807,0.5032106779981405,0.0035346847453183727,0.7054687151685357,0.5377873128745705,-0.01306081213260768,0.6821013126755133,0.5796513553941622,-0.01636766294541303,0.8120645756134763,0.607639436959289,0.001249472818471986,0.7858335826313123,0.5028396809939295,-0.023955305448907893,0.7543331061024219,0.5654412192525342,-0.022810518436017446,0.7548848103033379,0.62267066759523,-0.012962400905962568,0.8418988611083478,0.6186640536179766,-0.02767034718999639,0.8084318846231326,0.5363359141629189,-0.03851146195665933,0.7825490413233638,0.5790000905981287,-0.028342409408651292,0.7868784996680915,0.6279646761249751,-0.01661808388598729,0.0,0.0,0.0,0.0,0.0,0.0,0.0,0.0,0.0,0.0,0.0,0.0,0.0,0.0,0.0,0.0,0.0,0.0,0.0,0.0,0.0,0.0,0.0,0.0,0.0,0.0,0.0,0.0,0.0,0.0,0.0,0.0,0.0,0.0,0.0,0.0,0.0,0.0,0.0,0.0,0.0,0.0,0.0,0.0,0.0,0.0,0.0,0.0,0.0,0.0,0.0,0.0,0.0,0.0,0.0,0.0,0.0,0.0,0.0,0.0,0.0,0.0,0.0,0.39503874039837683,0.4207107541824371,0.030923568608272944,0.4439097139547812,0.4223036783023417,0.011116424395027025,0.5225835746459779,0.41178948564993334,-0.003545512677703755,0.5800095413869713,0.39440970609393844,-0.001677541323800824,0.47794266120581597,0.5220879124644853,-0.06682658817635456,0.4831880260935577,0.5382079232149408,-0.03270811200331991,0.4761327553605952,0.5054910590151849,-0.0721974773787224,0.47556090408033924,0.4823225780874054,-0.06858277265746437,0.4640866637309955,0.507404484484141,-0.0690004357820726,0.4893310505376576,0.5040728020612733,-0.0723080542675234,0.44910484069987433,0.6083530528376286,0.01852414644849887,0.5426266004178615,0.6026901115255896,-0.0008408732302029875,0.490008601504087,0.5786816620129684,-0.03230273790472893,0.49505073369437014,0.6424494574966957,-0.013506791154668463,0.4352373510992038,0.6097742938291049,0.022616965030579195,0.5614782511947851,0.5957925392067409,0.00025898708842930773,no,2025-11-18T07:29:02.741917
0.8307785524521023,0.8522333817090839,-6.687501509228255e-07,0.7653627599938773,0.7901153679704294,0.014466413487753016,0.7278257185244001,0.6970460379379801,0.019716271141987818,0.7046163689810783,0.6317771245376207,0.01299834381461551,0.6727259454783052,0.587605241977144,0.006208628517242687,0.7709547211998142,0.6111611483502202,0.04842748420560383,0.742639304662589,0.530832709337119,0.0219198599804713,0.6992542649386451,0.536399299686309,-0.0005413635572040221,0.6698887007078156,0.5616450755042024,-0.01122987863709568,0.7947876580292359,0.6035547218634747,0.025436427242311765,0.7608878228347749,0.5120045017683879,-0.0032797754529383383,0.7219654922373593,0.5655977699207142,-0.017360094116156688,0.7118525819969364,0.6111449597519822,-0.01792334870697232,0.8212116596405394,0.6070058072800748,-0.0025048829973002285,0.782685212965589,0.5192257148446515,-0.03025743242687895,0.758586777956225,0.5928236088366248,-0.02496812477329513,0.7668818091624416,0.6454645778867416,-0.011598684821365168,0.8485723150661215,0.6218115228111856,-0.03080172327463515,0.805698792624753,0.5530973816057667,-0.042795614994247444,0.7846615104936063,0.6020364935393445,-0.0304520774516277,0.7952269183006138,0.6438910070573911,-0.016569801467994694,0.0,0.0,0.0,0.0,0.0,0.0,0.0,0.0,0.0,0.0,0.0,0.0,0.0,0.0,0.0,0.0,0.0,0.0,0.0,0.0,0.0,0.0,0.0,0.0,0.0,0.0,0.0,0.0,0.0,0.0,0.0,0.0,0.0,0.0,0.0,0.0,0.0,0.0,0.0,0.0,0.0,0.0,0.0,0.0,0.0,0.0,0.0,0.0,0.0,0.0,0.0,0.0,0.0,0.0,0.0,0.0,0.0,0.0,0.0,0.0,0.0,0.0,0.0,0.3962714903364031,0.42242706407432706,0.029719418362731176,0.444964741334843,0.4247023769758016,0.010481890666426352,0.524591073688498,0.41401914201014733,-0.0031295757505915844,0.5813616620871471,0.397647748340205,-0.00044553396564595005,0.47967321463420376,0.5223522090436745,-0.06800221590333422,0.4845634365792648,0.5386080318894528,-0.033413670883533086,0.47796757761716435,0.5058556104650052,-0.07343005530947266,0.4774299415621499,0.4829589299633881,-0.06976217376450222,0.46566068232459656,0.5077075551616872,-0.07034956560164574,0.4913482287638544,0.5045202159853943,-0.0734048402305234,0.44860933479867526,0.6071380547200533,0.01881631035155351,0.5453257764147565,0.6028478199878009,0.0005862512598042713,0.4918106391814945,0.578964389527755,-0.0327809381848283,0.4961788532182254,0.6419202481956745,-0.013517495044879979,0.43454818578538834,0.609711677992891,0.02268087551243525,0.5640271276115527,0.5966177320915449,0.001709452838973391,no,2025-11-18T07:29:02.889779
0.8308070070343092,0.849694297532551,-7.194495615370222e-07,0.7661330504051875,0.7887458262848668,0.008662502609695366,0.7288744536053855,0.693557290447643,0.009708249345294462,0.7053373461822048,0.6294130767055321,0.000829180887194525,0.6722256093053147,0.5833475013787393,-0.00752499880798041,0.7869017089542467,0.5949042021238711,0.0376375844807626,0.7477239675645251,0.5265838511113543,0.00806297242513665,0.7028187168180011,0.5367862258281093,-0.015256183544806845,0.6726122327963822,0.5640572532138322,-0.026792307557116146,0.813506698992569,0.5898017864383291,0.017329905081169272,0.761704366072081,0.5187918281299062,-0.014501946082873474,0.7281929256860167,0.5831224308931269,-0.026897253059360082,0.7249102749919984,0.6277939378342126,-0.026266050121193985,0.8382930873485748,0.5987416965363082,-0.008108725602937739,0.7775078975537326,0.5410572579712607,-0.039339402077530394,0.7608720728312619,0.6204595188901294,-0.03144082419385086,0.7748715507623274,0.6662131739722099,-0.016398999372540857,0.8592747158254497,0.6212921210972127,-0.034244573922478594,0.8019535444618668,0.5772172284196131,-0.05054200706217671,0.7869278981816024,0.6300488499400672,-0.03876072968705557,0.8019217782421038,0.6629004033165984,-0.02475060562210274,0.0,0.0,0.0,0.0,0.0,0.0,0.0,0.0,0.0,0.0,0.0,0.0,0.0,0.0,0.0,0.0,0.0,0.0,0.0,0.0,0.0,0.0,0.0,0.0,0.0,0.0,0.0,0.0,0.0,0.0,0.0,0.0,0.0,0.0,0.0,0.0,0.0,0.0,0.0,0.0,0.0,0.0,0.0,0.0,0.0,0.0,0.0,0.0,0.0,0.0,0.0,0.0,0.0,0.0,0.0,0.0,0.0,0.0,0.0,0.0,0.0,0.0,0.0,0.4012591209416314,0.4250520199007042,0.026198240221020797,0.45172204308983055,0.42474934501160533,0.008899491235212054,0.5317818449420884,0.4133892230283891,-0.0018700077197451037,0.5866412275718176,0.3973243136947531,0.0023838763810104524,0.4905588367978453,0.5224154543639088,-0.06773571266796807,0.4944778514263817,0.538644054244287,-0.03322179425555305,0.488809817751644,0.5057469261164442,-0.07318275492843895,0.4877743349807133,0.4827880795933197,-0.0696045512818273,0.4763591542860013,0.5077625011736018,-0.0704322116853291,0.5020114292260587,0.5042141270623688,-0.0728594544527823,0.45723556606571947,0.6076592292147325,0.017651486861439025,0.5533512932443045,0.6017501381356851,0.0032365275533052795,0.5021177030994295,0.5783359891001965,-0.032291811126754055,0.5063928602658052,0.6414858895168436,-0.013571222212817702,0.441490032533693,0.6111141598048562,0.021078409926332142,0.572072891885,0.5952292251804465,0.004491816744842225,no,2025-11-18T07:29:03.047363
0.8538013580837287,0.8443093527457677,-7.228307065398898e-07,0.7810246846493101,0.7762759952747729,0.007308392716822709,0.7423938257998088,0.6859817346994532,0.004281085152115338,0.7118622067500837,0.6290164631936932,-0.007593492885007436,0.6745195164694451,0.5860589156654896,-0.019297956463731225,0.8097717744676629,0.577361205170746,0.028040048019647656,0.7514032278122613,0.5250625017943094,-0.0022238340607714235,0.7022174722224008,0.5388421850366285,-0.027573350047077838,0.6671537671645638,0.563946854279493,-0.04155851210725814,0.8342699291242752,0.5757881393510615,0.007358916751854849,0.7608863317291252,0.5197625923028681,-0.02364600544729001,0.7186454237671569,0.5712558024388272,-0.038644925486551074,0.7033953149366425,0.6050927489559399,-0.042420299987497856,0.8545776366518112,0.5915321639477042,-0.01745374492332985,0.7734909039427293,0.5551754678890575,-0.04572984452443052,0.7643812630849425,0.6293790449999506,-0.03974081944579666,0.7823308223305503,0.6681628025107784,-0.02893236442378111,0.8662955019099172,0.6216059063299326,-0.04317185993568273,0.7950182806671364,0.5964075660740491,-0.05893989412652445,0.7860251761740074,0.6472327007650165,-0.04897688915662002,0.8049893346033059,0.674632884649327,-0.037618464057231904,0.0,0.0,0.0,0.0,0.0,0.0,0.0,0.0,0.0,0.0,0.0,0.0,0.0,0.0,0.0,0.0,0.0,0.0,0.0,0.0,0.0,0.0,0.0,0.0,0.0,0.0,0.0,0.0,0.0,0.0,0.0,0.0,0.0,0.0,0.0,0.0,0.0,0.0,0.0,0.0,0.0,0.0,0.0,0.0,0.0,0.0,0.0,0.0,0.0,0.0,0.0,0.0,0.0,0.0,0.0,0.0,0.0,0.0,0.0,0.0,0.0,0.0,0.0,0.3913595957758389,0.43207004812688865,0.03367670543515544,0.4391766127610026,0.4309767933821149,0.012709086738325936,0.5184653364858605,0.41962254902182394,-0.0042069104965278825,0.5735738751136523,0.40261882045592756,-0.003794444830372612,0.4723562319775283,0.528840628850503,-0.06674968994690289,0.4781260258137081,0.5447970522991454,-0.0329559044728569,0.4702582924169292,0.5125269717213996,-0.07200596144525662,0.4696342610486681,0.48996041397936096,-0.06831441347117106,0.45840531364183335,0.5146910297539762,-0.06856542240984709,0.48345277257544694,0.510910162925029,-0.07239265531291039,0.4453076378931655,0.6125918669381463,0.01997952428595795,0.5392603329014491,0.6077505065659352,-0.0024160533219053093,0.48402907438048715,0.5857803466828955,-0.032609637910269385,0.48987583510688637,0.6473625102453298,-0.013877581755025403,0.4319799434442757,0.6171370822103199,0.024199286625403715,0.5577755115896252,0.6021991753686962,-0.0016257888615687222,no,2025-11-18T07:29:03.204052
0.8696729780931491,0.8388148660014849,-7.04518193631043e-07,0.7895283352045226,0.766480983744259,0.007098901982544703,0.7483185402306844,0.6797510306569166,0.0012388912983851696,0.7146238686109427,0.6258598587082815,-0.012692526402361182,0.6749213821894955,0.5838701133980067,-0.026550789816695897,0.8270807257576962,0.5644190802922822,0.019768915747135907,0.7524399535686825,0.5254833998114918,-0.01155198348718045,0.6993766489758855,0.5425602116665686,-0.03807421176384196,0.6612912671844242,0.56636846622132,-0.053405754544201045,0.8487951398856239,0.5679510529080289,-0.001606426809075856,0.7577494483848568,0.5218772077496396,-0.032265464318584236,0.7097437531338073,0.5655596252909163,-0.04770092702483453,0.6880950371050858,0.5931403264185064,-0.0538938167892411,0.8632240473889397,0.5897136594503536,-0.026449887039888154,0.7666579773867852,0.5677724999986822,-0.05332970371046031,0.7634547518828185,0.6374824101876584,-0.046547554414246406,0.7861016747265239,0.6710832017924986,-0.03713479533280406,0.8664809690526454,0.6254912184886052,-0.05232140591033385,0.7870710616916767,0.6111117470281897,-0.06831014408999181,0.7820020068320446,0.6592458433806314,-0.058559368502756115,0.8037947399716359,0.6820508130331291,-0.048170137318265915,0.0,0.0,0.0,0.0,0.0,0.0,0.0,0.0,0.0,0.0,0.0,0.0,0.0,0.0,0.0,0.0,0.0,0.0,0.0,0.0,0.0,0.0,0.0,0.0,0.0,0.0,0.0,0.0,0.0,0.0,0.0,0.0,0.0,0.0,0.0,0.0,0.0,0.0,0.0,0.0,0.0,0.0,0.0,0.0,0.0,0.0,0.0,0.0,0.0,0.0,0.0,0.0,0.0,0.0,0.0,0.0,0.0,0.0,0.0,0.0,0.0,0.0,0.0,0.38133080220234206,0.43793773724303264,0.04113743972045114,0.42698032839416555,0.4349499122369025,0.016525048751283578,0.5053788107256878,0.4251608742299595,-0.006409021909323798,0.5609186528545251,0.4071969066993688,-0.009701733995802542,0.4549061367760032,0.5336074072063184,-0.06609167057789023,0.46275827617341747,0.5496334678705352,-0.0329287447874691,0.4524508401057119,0.5175714406489078,-0.07114850561185904,0.45220407660644923,0.49548625042382355,-0.06731284546015104,0.4410710919653411,0.5198313766552474,-0.06703008046451941,0.46572520110896676,0.5159285116192223,-0.07221953839058415,0.434548837762577,0.6167237779934567,0.022537492611192533,0.5258147145902967,0.6128724373211298,-0.0077843435577786835,0.4684018889415711,0.5909784854904956,-0.03314485591359073,0.4753206878533547,0.6518213052954707,-0.01449301603545905,0.4222583418736576,0.622076396043667,0.027443409972200072,0.5457505058482184,0.6075771343762426,-0.007559521821169035,no,2025-11-18T07:29:03.367397
0.8780796349892626,0.8364956435834756,-7.120269496577181e-07,0.7935019856049621,0.7632993168881512,0.008733638545095346,0.7511746819691325,0.6802152951822791,0.0013384111353502703,0.7129088044894161,0.6292443583988643,-0.013618915551546706,0.668928885817877,0.5903597178585187,-0.029003274387875422,0.8324570949516783,0.5622171111281205,0.01305527875797452,0.7491879054323363,0.5286338777259516,-0.01833579401501595,0.6933696003325167,0.5461232323687,-0.04449514000987165,0.6537931391139864,0.5687463907415804,-0.059688400615186765,0.851624828625063,0.567313059927983,-0.009076077329041254,0.7488769343326567,0.5255037140814238,-0.03833800298610868,0.697561778157251,0.5657588539834251,-0.05278928037273545,0.6725128908765328,0.592819493253046,-0.0596083426576115,0.8620753377508663,0.5916565788611479,-0.03372685516011131,0.7544464017373684,0.5778230390351382,-0.05897331486244184,0.7545865261126892,0.6468384591316862,-0.051750041534887714,0.7791357217683981,0.6812027940286498,-0.04321913555008905,0.8597439640070661,0.6300847017373599,-0.05908756415192329,0.77224696306439,0.6217490965136676,-0.0751099152084862,0.7692964846210089,0.6699644896834798,-0.06562709209902096,0.79224318182969,0.6931455675730831,-0.055889771835154534,0.0,0.0,0.0,0.0,0.0,0.0,0.0,0.0,0.0,0.0,0.0,0.0,0.0,0.0,0.0,0.0,0.0,0.0,0.0,0.0,0.0,0.0,0.0,0.0,0.0,0.0,0.0,0.0,0.0,0.0,0.0,0.0,0.0,0.0,0.0,0.0,0.0,0.0,0.0,0.0,0.0,0.0,0.0,0.0,0.0,0.0,0.0,0.0,0.0,0.0,0.0,0.0,0.0,0.0,0.0,0.0,0.0,0.0,0.0,0.0,0.0,0.0,0.0,0.38892599153524543,0.43868911302917013,0.032526088673680675,0.4373731224900439,0.43605085095106233,0.01163919199625596,0.5168909570386404,0.4243841416151781,-0.005540300102426343,0.5710593878438885,0.4070513683029162,-0.005440518984857867,0.47226010311891287,0.5343894579976904,-0.06621225872892467,0.4781795458540046,0.5499964777020523,-0.032234321576602554,0.4699500791381297,0.5182905750035616,-0.07162948613546405,0.46895962862095075,0.4958669349071556,-0.06824260645686309,0.4580202693122146,0.5206279542959464,-0.06818193237336345,0.48316256092931553,0.5164444470403851,-0.07204410195348032,0.446014619281641,0.6179355691591581,0.02132309620488826,0.5398225200968909,0.6127195138151365,-0.0012561291225123838,0.48442353801669924,0.591119340134469,-0.0315600540697929,0.4905256584103199,0.6522310028178708,-0.011756204289000038,0.43245146898675557,0.6237040181435987,0.025633144695465404,0.5581711268044955,0.606405461433269,-0.0004654844518889867,no,2025-11-18T07:29:03.538016
0.8857587486927514,0.828300538523763,-6.986478401534157e-07,0.7999628248489898,0.7552191171671438,0.009287383864432286,0.7571388749220205,0.6757499555878894,0.0013496400852375245,0.7180492878324003,0.6257668291818845,-0.013769026950569696,0.6750383796097594,0.5859082193437644,-0.02930143323876422,0.84143902339747,0.554617223509922,0.010660955601565547,0.7496965025075042,0.5286356732704007,-0.020440003327173883,0.6918118760768266,0.5470976958295068,-0.046034276854868494,0.6517524336049973,0.5695233656970231,-0.06095965772317413,0.8580099851133127,0.5603199227462028,-0.011654811830283052,0.7477077867006301,0.5208170509322372,-0.04125362506826491,0.6951979287114227,0.560166940009367,-0.05579791879051754,0.6695131669348484,0.5897105541025667,-0.0629178036799658,0.8641501411711943,0.5853606826476607,-0.036036222696957054,0.7485546839943709,0.5797982792755647,-0.06174538036236754,0.7502930801892944,0.6498868330108962,-0.0547310952049429,0.7763643949456309,0.6852074687249115,-0.04637817732862004,0.8578013237965934,0.6248299222988862,-0.060981920411904866,0.7656078369818715,0.6250319448117807,-0.07833583343608552,0.76394311459444,0.6756140278503153,-0.06967115102997923,0.7874266203070874,0.698998806077725,-0.06034670097437811,0.0,0.0,0.0,0.0,0.0,0.0,0.0,0.0,0.0,0.0,0.0,0.0,0.0,0.0,0.0,0.0,0.0,0.0,0.0,0.0,0.0,0.0,0.0,0.0,0.0,0.0,0.0,0.0,0.0,0.0,0.0,0.0,0.0,0.0,0.0,0.0,0.0,0.0,0.0,0.0,0.0,0.0,0.0,0.0,0.0,0.0,0.0,0.0,0.0,0.0,0.0,0.0,0.0,0.0,0.0,0.0,0.0,0.0,0.0,0.0,0.0,0.0,0.0,0.38992847108843876,0.4402156623047233,0.03154787969778461,0.43836926962762846,0.4389592502531343,0.010674824586113019,0.5185420285071132,0.4252063456431756,-0.0061124141502597595,0.5728941469992606,0.4070849337909692,-0.005582498981760775,0.47330991203213557,0.5351207067057544,-0.06655605112144514,0.4792856433264774,0.5506191463961159,-0.032184620967630195,0.47101326247803854,0.5192367114901231,-0.07209934997152345,0.4700256283477984,0.49700111669883995,-0.06883149069338401,0.45906352968899,0.5216143919486171,-0.06868882869855497,0.48425810479594134,0.5173345816134542,-0.07246853664516095,0.4471543165101366,0.6188384150822799,0.021869395958429294,0.5421482330957019,0.6134053358641722,-0.000585752346610402,0.4856832722661011,0.5927488163475232,-0.031388480226713256,0.4918436087576197,0.6537652735761412,-0.010557893773814442,0.43438391997540293,0.6237667510647498,0.026209071995767275,0.5599737334061388,0.6061511459960229,0.0003740839313646216,no,2025-11-18T07:29:03.692900
0.8763297751756909,0.8332406594672648,-7.043327282050399e-07,0.794738206400325,0.7606971936238551,0.007883018576904988,0.7539208366442836,0.6794177283909448,-0.000715541766552974,0.7161113619986281,0.628811814153778,-0.016730368189797673,0.6717653186024108,0.5889240131409679,-0.033112914474497046,0.8382425381651046,0.5564489947601032,0.012031351641383026,0.7498150514666122,0.5287198983360213,-0.020055105190298406,0.6929903410764382,0.5463979010592084,-0.046336518785295766,0.6536770867442101,0.5683302141233071,-0.06144217684590103,0.8558149293185124,0.5615461579864132,-0.010319319978833619,0.7486352337109565,0.521302406787072,-0.04134183871904895,0.6938355509264511,0.5607531293808279,-0.056755696934430944,0.6658822004947069,0.588653276671721,-0.06376625098539535,0.8635861448901778,0.5862631681766288,-0.03514047129484865,0.7509307450409324,0.5786469867180131,-0.06257052595441337,0.7509578487170074,0.6492241851383369,-0.05581190157442961,0.7758774503681707,0.6836206825855697,-0.046772817484395546,0.8579791514403041,0.6264210215113053,-0.06069363209144285,0.7678967729907527,0.624441800862769,-0.0790554940133461,0.7649523808140657,0.6737755083404409,-0.0705533012687738,0.7876319734168646,0.6961458609494002,-0.06084854191942668,0.0,0.0,0.0,0.0,0.0,0.0,0.0,0.0,0.0,0.0,0.0,0.0,0.0,0.0,0.0,0.0,0.0,0.0,0.0,0.0,0.0,0.0,0.0,0.0,0.0,0.0,0.0,0.0,0.0,0.0,0.0,0.0,0.0,0.0,0.0,0.0,0.0,0.0,0.0,0.0,0.0,0.0,0.0,0.0,0.0,0.0,0.0,0.0,0.0,0.0,0.0,0.0,0.0,0.0,0.0,0.0,0.0,0.0,0.0,0.0,0.0,0.0,0.0,0.38275200676919496,0.44189728060571554,0.03941366350745401,0.42851021660283095,0.4384389715401795,0.015000436278978846,0.506111744563043,0.42756166176278043,-0.0077545050153244865,0.560991252939175,0.4094332118200299,-0.011022880971037763,0.4564388879866641,0.537343105151507,-0.06520516785298369,0.46429077576956956,0.5531425879246967,-0.0318974990502614,0.4538976622658595,0.5215536196172081,-0.07045327105915078,0.4534973052837472,0.4996240462987913,-0.06698424106731693,0.4426355360542118,0.5238935447463575,-0.0663832408446865,0.46698571216798257,0.5198208397626445,-0.0715147232264215,0.4364542231983819,0.6198885368982872,0.0233804709772496,0.528270960171966,0.6158769969745208,-0.006529554162668871,0.4706329156874176,0.5937571205379584,-0.031793262814739265,0.47735543436843386,0.6547959210898284,-0.012373934089342953,0.4251003966436997,0.6260390137503009,0.028388792076186498,0.5463578784370782,0.6108070524043683,-0.006175255606513219,no,2025-11-18T07:29:03.861395
0.8681268371747137,0.8384780741889699,-7.040582202010384e-07,0.7881601617405067,0.769185695887245,0.0039827467750370715,0.7475087262178022,0.684459149344093,-0.0046892809316361195,0.7113420069308631,0.6315442809286651,-0.020519886192076342,0.666788186177655,0.5934060328022497,-0.03661842513168345,0.8293762243743004,0.5595977895877695,0.013310913674814628,0.7468376481087944,0.529687104758068,-0.020232718078206702,0.6922434758589588,0.5477951648240378,-0.04786875387576117,0.6526857816743359,0.571784012367516,-0.06372840843957306,0.8513690210938876,0.5634381230624967,-0.007736128501832695,0.7507909840696811,0.5218724334235958,-0.039605407656033265,0.6990376384965202,0.5633672885387568,-0.05564824191330331,0.6725866946057977,0.5899303308674462,-0.0624518611667213,0.8648950543233695,0.5879303158922085,-0.03215067262963878,0.7569805774269298,0.5788288856720101,-0.0615303323915839,0.7559632967358993,0.6513829942491611,-0.05541850300386386,0.7796603016363406,0.6855339662374718,-0.04597410110724809,0.8643046184542982,0.6287251348744576,-0.057690061268885984,0.7759357102563627,0.6227547518165011,-0.07699866888071938,0.7719526983091782,0.6728324663322383,-0.06845576241312301,0.7940322681224643,0.6957722746328727,-0.05834513734481561,0.0,0.0,0.0,0.0,0.0,0.0,0.0,0.0,0.0,0.0,0.0,0.0,0.0,0.0,0.0,0.0,0.0,0.0,0.0,0.0,0.0,0.0,0.0,0.0,0.0,0.0,0.0,0.0,0.0,0.0,0.0,0.0,0.0,0.0,0.0,0.0,0.0,0.0,0.0,0.0,0.0,0.0,0.0,0.0,0.0,0.0,0.0,0.0,0.0,0.0,0.0,0.0,0.0,0.0,0.0,0.0,0.0,0.0,0.0,0.0,0.0,0.0,0.0,0.3877250430584027,0.44001017887993754,0.03408489234047751,0.4352921832249308,0.43755311752401127,0.01245243419473363,0.5136649030050933,0.4249220148537489,-0.005756284044762916,0.5688705868921033,0.4072553048216818,-0.00619194950888724,0.4696104173228761,0.5364460152756436,-0.0663270372267295,0.47580385601203545,0.5518439613703379,-0.03229474966007562,0.4671988225498609,0.5204238513678234,-0.07174118225174908,0.46621101338158155,0.49797788392152853,-0.06833169850654741,0.45529203109911975,0.5228376734618934,-0.06818128661606693,0.4804149467335961,0.5184604379534505,-0.07226577278226287,0.443975635668977,0.618781265004472,0.02139680253020071,0.5385171176592252,0.6129331710241104,-0.002421315711238825,0.4821804488658188,0.5909007031560947,-0.031733602287997265,0.48863867614188905,0.6516825140727462,-0.01253869084601611,0.43159929442933276,0.6258462595378091,0.025847452406325022,0.5564126115989865,0.6078668788823904,-0.0016917770116607334,no,2025-11-18T07:29:04.026149
0.8720082480513156,0.8425701487640254,-6.947993880395721e-07,0.7900524221693104,0.7689704765084571,0.005569580377432715,0.7476017284882346,0.6843408939755591,-0.003438000595561874,0.7099637836263355,0.631897384366539,-0.019843764616247483,0.6651027329489807,0.5926128979929217,-0.03649404765707498,0.8308304566619427,0.5600554045747685,0.012843523979327642,0.7472348969952236,0.5299018016141872,-0.019705122156893573,0.6927562749110621,0.5470490397217418,-0.047700041485562394,0.65281010685203,0.5687287116300013,-0.06454291265389145,0.853135405856392,0.5655787018911269,-0.009095246311396465,0.750787869411397,0.5261175495384123,-0.03922586825529706,0.7004965976830135,0.5654348637804105,-0.05525201967655846,0.6752454416193814,0.5890386279199902,-0.06340050293195532,0.8664526982222469,0.5922998160920088,-0.03403390844919496,0.7575973765640356,0.581042416154105,-0.06073596669988035,0.7566654836359703,0.650597429074196,-0.05377053120113828,0.7809519853346956,0.6831279524237743,-0.045263159638111006,0.8653457544328376,0.6347836671000096,-0.060113645910064406,0.7767933014954451,0.6256830092147538,-0.07725289611590824,0.7718462396060204,0.6731532698711362,-0.06781948692946571,0.7936386726278215,0.6954855840899654,-0.05801697177540177,0.0,0.0,0.0,0.0,0.0,0.0,0.0,0.0,0.0,0.0,0.0,0.0,0.0,0.0,0.0,0.0,0.0,0.0,0.0,0.0,0.0,0.0,0.0,0.0,0.0,0.0,0.0,0.0,0.0,0.0,0.0,0.0,0.0,0.0,0.0,0.0,0.0,0.0,0.0,0.0,0.0,0.0,0.0,0.0,0.0,0.0,0.0,0.0,0.0,0.0,0.0,0.0,0.0,0.0,0.0,0.0,0.0,0.0,0.0,0.0,0.0,0.0,0.0,0.3868260769844092,0.44073682466946096,0.035717751119522356,0.4334903353773427,0.438592394118718,0.013385141922856336,0.5116375693480819,0.4248578824507163,-0.005593798556218776,0.5666952941517707,0.40674555945811264,-0.006342050693830703,0.4665570827506791,0.5350674888676039,-0.06642231062629467,0.4731143136604672,0.5505296688737218,-0.03265709588566468,0.46411024215414187,0.519115011869367,-0.07171525987186911,0.46322241047268164,0.4969141936831001,-0.06813679011139939,0.4523283019312814,0.5216018432559864,-0.06805577271329355,0.47728129717642176,0.5171018765866648,-0.07232771379872993,0.4413174283014456,0.6197159868399282,0.02112887416805398,0.5362316966851424,0.6131301881026161,-0.00385232965846799,0.4798278373956322,0.5920247057498003,-0.0324208419783063,0.4863760654803073,0.6528008074170799,-0.013228474547887892,0.43024796510006524,0.6247907244878377,0.02568206502707704,0.5544815829372496,0.6062462903933437,-0.003160259329854448,no,2025-11-18T07:29:04.201875
0.873302660326317,0.8417396956970151,-7.040718826925325e-07,0.7884886901991877,0.7654472524525318,0.006996597346560662,0.7466830218082805,0.6815488039213733,-0.0016941841163866656,0.7084710821532099,0.6284666331813469,-0.018131935044227276,0.6645545426868011,0.588360297501481,-0.03293917109093192,0.8344460436939016,0.5615587381875002,0.014749952063034755,0.7537149867304151,0.5261872108122816,-0.014968730885016601,0.7188730138402661,0.5644256741405798,-0.03811506440377954,0.7039020708095904,0.5934172701960279,-0.0519006181318602,0.8571614617496834,0.5683259679861976,-0.006719356805145793,0.7531957106380105,0.5393509796260787,-0.03439083384742325,0.7266080298004454,0.5938692940346755,-0.044116292329128726,0.7271858938653395,0.6184727934884222,-0.048328295192064274,0.869101735110803,0.5955513403217765,-0.03160447298366931,0.7602134295597125,0.583032462626079,-0.055581560203215474,0.7589387076707226,0.651401328939869,-0.04461710166621913,0.7837725920554703,0.6800780359939154,-0.03446385152164311,0.8667691837788425,0.6373149066033648,-0.05766104152741036,0.7789510490459861,0.6269261238910531,-0.07274391575938921,0.7714618468480694,0.6731639745752318,-0.06277452949359486,0.7906938623377755,0.6961754819501493,-0.052899128336960644,0.0,0.0,0.0,0.0,0.0,0.0,0.0,0.0,0.0,0.0,0.0,0.0,0.0,0.0,0.0,0.0,0.0,0.0,0.0,0.0,0.0,0.0,0.0,0.0,0.0,0.0,0.0,0.0,0.0,0.0,0.0,0.0,0.0,0.0,0.0,0.0,0.0,0.0,0.0,0.0,0.0,0.0,0.0,0.0,0.0,0.0,0.0,0.0,0.0,0.0,0.0,0.0,0.0,0.0,0.0,0.0,0.0,0.0,0.0,0.0,0.0,0.0,0.0,0.38578625464439575,0.4417361142228149,0.035451102646186006,0.43250596495086313,0.43983979022761766,0.012796037226331713,0.5111012165149376,0.42593259999687305,-0.006603606028874831,0.5664441393663822,0.40720910155980583,-0.0075254212505622975,0.46559862654322437,0.5358632157835181,-0.06637713544358137,0.47246860065977003,0.5513821592659625,-0.032481319132641184,0.46309808732367586,0.5199068392209689,-0.07174170107741595,0.46221720983209735,0.49772759559414403,-0.06827661827938591,0.4514126814727284,0.5224209961385675,-0.06804519962840772,0.47625611470606977,0.5178753399103826,-0.07240046716295101,0.44089091775351363,0.6213689437468837,0.022379858367272076,0.5365452170769309,0.6143414259528583,-0.0033940136079363137,0.47855689438579674,0.5935529877454293,-0.03201831784164644,0.48530971431116043,0.6546606764498577,-0.011847098539484069,0.4305304749025183,0.6249922495940012,0.02694729871408097,0.5547826971101806,0.6066130090691999,-0.002748276627227167,no,2025-11-18T07:29:04.363748
0.8731867779990807,0.8383316007400481,-3.309252850121217e-07,0.7912827452727811,0.7728788224161462,0.003254157204269248,0.7454169196012685,0.6917204707244196,-0.007162068664711363,0.7005382888030454,0.6431095735334225,-0.025526848159282522,0.6516567202340866,0.6089898585381093,-0.04266209045808078,0.8195147965967067,0.5660645439403993,0.014305269081180683,0.7472695450429114,0.5219346729587073,-0.01138940658580645,0.7099139043619971,0.5220491722524798,-0.0329223036648667,0.6856865312105356,0.5185812628331519,-0.04763086716627285,0.8446360823705845,0.5696688450370289,-0.00803841996568444,0.7514744737043202,0.5190444554388023,-0.03409104452664646,0.7132129926471862,0.5299067622955818,-0.04687042729630875,0.6957791392067634,0.5255241735720233,-0.05411859407571029,0.8600680093744018,0.5952605150839076,-0.03370884641448213,0.7527294133253122,0.5751648116257684,-0.05990996483404487,0.7470463105843237,0.6492679655048619,-0.049820626212600416,0.765802027934626,0.6890507670261172,-0.03832428287477896,0.8605283146620195,0.6374572172196054,-0.06114410231978695,0.7754830122968883,0.6235659419465946,-0.07842233813944688,0.7628135693171316,0.6728828670044891,-0.0688096162859324,0.7739080404733159,0.7054528425509261,-0.05857753686073153,0.0,0.0,0.0,0.0,0.0,0.0,0.0,0.0,0.0,0.0,0.0,0.0,0.0,0.0,0.0,0.0,0.0,0.0,0.0,0.0,0.0,0.0,0.0,0.0,0.0,0.0,0.0,0.0,0.0,0.0,0.0,0.0,0.0,0.0,0.0,0.0,0.0,0.0,0.0,0.0,0.0,0.0,0.0,0.0,0.0,0.0,0.0,0.0,0.0,0.0,0.0,0.0,0.0,0.0,0.0,0.0,0.0,0.0,0.0,0.0,0.0,0.0,0.0,0.3851092554330835,0.44265404949536435,0.03276807890186412,0.43347084508148015,0.4410724391354153,0.010766148730820657,0.5121801944772564,0.4274306068297964,-0.007485839995751836,0.568057229461786,0.4076805130849719,-0.007726555475940519,0.46707487782296564,0.5367793416277973,-0.06598458182210387,0.47373729248305274,0.5524946625397043,-0.031919883029259855,0.4646483999555162,0.5209706825461229,-0.07150279403278947,0.46376259530396524,0.4989342802895189,-0.06830196299024838,0.4530278313817728,0.5234614579424832,-0.06793807855036604,0.47777513288690177,0.5190129112824771,-0.07204523015301634,0.4419336664554159,0.6222899253646528,0.023160048734460204,0.5381974280079174,0.615808570413563,-0.0011889781393419757,0.4790179546296507,0.5945255959883458,-0.03115550102698672,0.48599560272385567,0.657028274998229,-0.009486215978345536,0.43134786999291563,0.625536709122791,0.027622328918953498,0.5558612985157989,0.6075848782528617,-0.000368952778435995,no,2025-11-18T07:29:04.553135
0.8711221868644543,0.8409389360321029,-4.888731320060809e-07,0.7924525897060164,0.7762202306241193,0.0022121589011954157,0.7466691932143306,0.695494227080502,-0.007646568432292167,0.7026257570838652,0.6466704972636137,-0.02491717063985721,0.6529308424359215,0.6099745749981196,-0.04162676950176836,0.8184518145829145,0.5670662559160462,0.013563743194582756,0.7437400390925006,0.5297807379400012,-0.014901692141649048,0.6979145084287097,0.5318270839900094,-0.03984506353148998,0.6640148175480931,0.53518968403651,-0.055735151371832714,0.8440337179698076,0.5689698237674463,-0.007167679823949946,0.749440120572558,0.5221806747466076,-0.03422326796320574,0.7017141113176422,0.5357294443516025,-0.05001021833009922,0.6731709512104374,0.5386868290078439,-0.0594831248350296,0.8612454762448181,0.5919407080958479,-0.03119511354436255,0.7559778081450474,0.5792456948830136,-0.06000924059966728,0.751275280555376,0.6533554464326983,-0.05321299194467244,0.7684465955465214,0.6968095169473543,-0.04341573705778323,0.8642130020022591,0.6317012436405491,-0.05676283126310011,0.7793766558657751,0.6223002820694887,-0.0764821844157737,0.7648613756944087,0.6744060278664108,-0.06825533271748441,0.7726649152981508,0.7102366303590202,-0.058686975051774226,0.0,0.0,0.0,0.0,0.0,0.0,0.0,0.0,0.0,0.0,0.0,0.0,0.0,0.0,0.0,0.0,0.0,0.0,0.0,0.0,0.0,0.0,0.0,0.0,0.0,0.0,0.0,0.0,0.0,0.0,0.0,0.0,0.0,0.0,0.0,0.0,0.0,0.0,0.0,0.0,0.0,0.0,0.0,0.0,0.0,0.0,0.0,0.0,0.0,0.0,0.0,0.0,0.0,0.0,0.0,0.0,0.0,0.0,0.0,0.0,0.0,0.0,0.0,0.3845318008065228,0.4429441571729904,0.03137535546397022,0.4334196298609534,0.4413002158111845,0.009941824328008414,0.512516759445278,0.42735971855505017,-0.007467527404059995,0.5677688669872865,0.40729995152406095,-0.00727117213885,0.4680517200651617,0.5372718262322946,-0.06571048742232055,0.4745906258595989,0.5527885941349187,-0.03160968489279231,0.4655901363524224,0.5214530131442467,-0.07128936633740723,0.4645568202178243,0.499345263547355,-0.06820846829746374,0.45396377983998004,0.523980764972447,-0.06782708148552352,0.4786546410284118,0.5194220459274934,-0.07174630502006019,0.44247843562944134,0.6223239747424918,0.023328104509072467,0.5389498025278234,0.6155586958074437,1.9689006249802576e-05,0.4801041243284896,0.5950388712115648,-0.030501105124294103,0.4872392625197266,0.6570625688955989,-0.009171003870408367,0.43190176445278716,0.625325426008768,0.027626511564741413,0.556615295149089,0.606308363103329,0.0008498561665007225,no,2025-11-18T07:29:04.703537
0.8754839030330572,0.8432272426074974,-6.014617523069125e-07,0.7948592086809043,0.7764993450865347,0.004899978653317039,0.7495416204661893,0.6950150392795393,-0.0036236351406342404,0.7072018114852767,0.6445362154668288,-0.01972617500077911,0.6575058930101818,0.6082580744997159,-0.035861804807584885,0.8248296641960593,0.5677109081093903,0.01631071155798569,0.7447691346318521,0.5384818575697778,-0.011478856718568464,0.6944182055426324,0.5452815253362218,-0.0372262146294573,0.6556977337957903,0.5532491484299982,-0.05384606267088454,0.8489997088212533,0.569267559970271,-0.005359436319217092,0.7485911483142331,0.5320310584083074,-0.030940131361621104,0.6979389851040878,0.552270847721303,-0.04725983322057825,0.6668144897634676,0.5587335314339299,-0.057716503253944396,0.8654774541849548,0.5918014382993277,-0.030023254508623365,0.7579628520743853,0.583587620858026,-0.05694420051683746,0.7569443779390497,0.6561902597420755,-0.050815157141149925,0.7766151582583376,0.6969827048981614,-0.04269212889425855,0.8676360906541447,0.6314765278108752,-0.056001472275632125,0.7804516703134112,0.6235302164894563,-0.07543662572190968,0.7687636169815733,0.6771619201069115,-0.06704822063902327,0.7795756512754792,0.7124838041855526,-0.05779055489093743,0.0,0.0,0.0,0.0,0.0,0.0,0.0,0.0,0.0,0.0,0.0,0.0,0.0,0.0,0.0,0.0,0.0,0.0,0.0,0.0,0.0,0.0,0.0,0.0,0.0,0.0,0.0,0.0,0.0,0.0,0.0,0.0,0.0,0.0,0.0,0.0,0.0,0.0,0.0,0.0,0.0,0.0,0.0,0.0,0.0,0.0,0.0,0.0,0.0,0.0,0.0,0.0,0.0,0.0,0.0,0.0,0.0,0.0,0.0,0.0,0.0,0.0,0.0,0.38891674819588684,0.4413279384621742,0.029504413439208524,0.43855313208154634,0.43967859570714407,0.009504648199231983,0.5177812390575847,0.4253987165658857,-0.005653046418728942,0.5727409994459443,0.4061215151401967,-0.0040987009170869275,0.4756913723559604,0.535092934352567,-0.06643647450058326,0.48138461833064783,0.5503801597993929,-0.03214962999934892,0.4733406241254223,0.5192320297769268,-0.0719536311193052,0.4720668231567027,0.49699560836288037,-0.06870277838872973,0.4614317533538279,0.5218250594671958,-0.06873560612595764,0.4863969326596298,0.5170964258816086,-0.0721515270031522,0.4478965637057195,0.6211474760244289,0.02114272373078116,0.5449527874638629,0.612817084796422,0.0009296756631151822,0.48936890352815166,0.5923353633496942,-0.03125106554952231,0.4960910782508301,0.6539613796435697,-0.009873398776968634,0.4363819865287999,0.6246738655102586,0.025274294856135984,0.5613481114989525,0.6040582171199018,0.0020067712107469018,no,2025-11-18T07:29:04.871382
0.8774965568098025,0.8420871968957897,-6.368334210601364e-07,0.7963766346463146,0.7754092286937038,0.004975018564971956,0.7515289982423567,0.6919678579938804,-0.0031518812083709546,0.7099265321159294,0.6400158496710517,-0.018746701593454818,0.6606939252705786,0.6026001900322981,-0.03428459526320368,0.8270445597000347,0.566168562498909,0.01818347218400307,0.7481295955732961,0.5403090845504224,-0.010467610112591813,0.6961719163871152,0.5499051192812701,-0.03736804965736762,0.6553344580710672,0.561062618047778,-0.05464220677849552,0.8509877770790837,0.568198466760343,-0.0036738217710554633,0.7496318635629393,0.5353455241210696,-0.029177300205000978,0.7003093692038078,0.5604558081246438,-0.045239804091024904,0.6712241985407914,0.5696766419205019,-0.055457601081017494,0.8676275072095123,0.5911070871191768,-0.028909721439008357,0.7600342181094888,0.5841412714141967,-0.055616532326289825,0.7602231898507199,0.6564115501877339,-0.049193601829737865,0.7810513454369996,0.6963763650757286,-0.04106418990966132,0.8706528276890566,0.6308783622387963,-0.055543450167366615,0.783290810895231,0.6233185268810502,-0.07523485091470583,0.7726746873569823,0.6775992751302837,-0.06673000321020339,0.7849174466666398,0.7128474616802549,-0.05737662493184548,0.0,0.0,0.0,0.0,0.0,0.0,0.0,0.0,0.0,0.0,0.0,0.0,0.0,0.0,0.0,0.0,0.0,0.0,0.0,0.0,0.0,0.0,0.0,0.0,0.0,0.0,0.0,0.0,0.0,0.0,0.0,0.0,0.0,0.0,0.0,0.0,0.0,0.0,0.0,0.0,0.0,0.0,0.0,0.0,0.0,0.0,0.0,0.0,0.0,0.0,0.0,0.0,0.0,0.0,0.0,0.0,0.0,0.0,0.0,0.0,0.0,0.0,0.0,0.39788849027454865,0.43902227730794563,0.024873010209885367,0.4493300951841066,0.4361392191277572,0.007740408086181462,0.529199233305953,0.4206792311057044,-0.002716009824212027,0.5829498308825638,0.402282249383758,0.001708059292871789,0.49288817952133346,0.5301337760599505,-0.06695074090286426,0.4971167361977946,0.545728529187111,-0.032552988434408806,0.49062454380175535,0.5141320800091604,-0.07243012595990017,0.4887420552532018,0.49187465526328833,-0.06903644212567361,0.4783939777396886,0.51692657878679,-0.06972432839471443,0.503565531997921,0.5118354091001671,-0.07208812619035593,0.45967070445265223,0.6182709447478254,0.017534071459908526,0.5586057789648569,0.6082464039361444,0.003660919909478028,0.5053432523660351,0.5878888468550534,-0.03176297439499183,0.51186338590047,0.6501565969567946,-0.010901763202558118,0.4479507311136355,0.6222072354322838,0.02115747586784012,0.574182645017207,0.5983960683702079,0.005168656902470657,no,2025-11-18T07:29:05.039279
0.8733549795405366,0.8390016792164801,-5.965726195026897e-07,0.7946627383474798,0.772631291097035,0.006605990933434502,0.7517428497605216,0.6899390285796123,-0.0012699438620859538,0.7107464901637996,0.6383703694747318,-0.017139621806768646,0.6620262472078906,0.5988227590862785,-0.032615186578135044,0.8312553530845754,0.5664924164251595,0.022611581994921304,0.7590888387240717,0.5339691107948035,-0.003578812594160055,0.7095528726089171,0.5339495827462564,-0.02812204779983707,0.6707719789535176,0.5380513886366209,-0.044532369251235826,0.8550857826893221,0.5687131407173602,0.0002464917071610673,0.7583945898854125,0.5369500366691469,-0.025339997160021832,0.7277990148650417,0.5776262328434498,-0.03795646399357344,0.7179767597718758,0.5980909488098298,-0.044569956948699474,0.8704220681189163,0.5910943829932584,-0.02571848641580564,0.7641362024728657,0.5811362351486267,-0.052781761095200386,0.7640930612186949,0.654537926983668,-0.04402351740644894,0.7847380676712739,0.6933311132839428,-0.033857048570496096,0.872600929473343,0.6302475498022595,-0.052918626691196735,0.785295221960677,0.6211026180471535,-0.0729403449453061,0.7749302127218414,0.6749729931445181,-0.06419760331625568,0.7869873507289498,0.7090017747778106,-0.05441254280008545,0.0,0.0,0.0,0.0,0.0,0.0,0.0,0.0,0.0,0.0,0.0,0.0,0.0,0.0,0.0,0.0,0.0,0.0,0.0,0.0,0.0,0.0,0.0,0.0,0.0,0.0,0.0,0.0,0.0,0.0,0.0,0.0,0.0,0.0,0.0,0.0,0.0,0.0,0.0,0.0,0.0,0.0,0.0,0.0,0.0,0.0,0.0,0.0,0.0,0.0,0.0,0.0,0.0,0.0,0.0,0.0,0.0,0.0,0.0,0.0,0.0,0.0,0.0,0.3988967134132982,0.43680688962958164,0.024752537417753104,0.45038114673508156,0.4358413483315025,0.007657954421341807,0.5312815262141337,0.42108468195719484,-0.0026270504308172227,0.5847213932836128,0.401937102999603,0.0019506254236345668,0.49236553763378227,0.5321047565297311,-0.06752757479212847,0.4964698362471288,0.5479898873428841,-0.032736601856636356,0.490275053568587,0.5158875572336604,-0.07309208417345442,0.48866124538382594,0.4932553719364919,-0.0696783751670696,0.4779055147659167,0.5185484548940359,-0.07038865962425045,0.5033787995721111,0.5137178365862927,-0.07271682662161763,0.4588605522356721,0.6191618200110892,0.017470299206445238,0.5575005356234807,0.6105301171559079,0.0037836357118193305,0.5045118003811682,0.5896331419848845,-0.03188851944289348,0.5103302773160797,0.6522551077893104,-0.011213510346566716,0.446047341026407,0.623676573801347,0.02111002464293066,0.573788710203916,0.6017653373657985,0.005345777184743916,no,2025-11-18T07:29:05.194916
0.8672597150929917,0.8342900990419864,-2.9755300655540153e-07,0.7950984063269839,0.7777283805338691,0.001375120484360226,0.7517473449375576,0.6923375758323171,-0.007013110834571429,0.7095713730669004,0.6411647670470888,-0.022972124061300392,0.6606633468591028,0.6047333709867733,-0.0383872417390845,0.8190903249340113,0.5693543145873203,0.016496523886338044,0.753871274306265,0.5228999289611682,-0.009061650262497174,0.7091562392467345,0.4998093391312306,-0.032399370753770806,0.6711529903903788,0.4817162116246383,-0.04919549049197858,0.8470617197366899,0.5693413377956613,-0.005642941475264729,0.7646520092409546,0.5139076634170472,-0.03597890155890801,0.7211349987083082,0.5149325750971094,-0.05455615505625022,0.6930485421917698,0.5097431849189835,-0.06445928051588035,0.8675445630549721,0.5908254724700637,-0.030889478751749903,0.7647329009266794,0.5722405654941589,-0.06288848092420618,0.7597564259817382,0.6490605527519353,-0.05529524939083319,0.7756329496128433,0.6930679037298315,-0.04312233304946733,0.8741599999539567,0.6292978905589361,-0.05781429947678962,0.788089739161796,0.6160142654521046,-0.0803688629645678,0.7763275374102676,0.6709039419934779,-0.07121911443826967,0.7871179810895725,0.707881507868489,-0.059820018221923066,0.0,0.0,0.0,0.0,0.0,0.0,0.0,0.0,0.0,0.0,0.0,0.0,0.0,0.0,0.0,0.0,0.0,0.0,0.0,0.0,0.0,0.0,0.0,0.0,0.0,0.0,0.0,0.0,0.0,0.0,0.0,0.0,0.0,0.0,0.0,0.0,0.0,0.0,0.0,0.0,0.0,0.0,0.0,0.0,0.0,0.0,0.0,0.0,0.0,0.0,0.0,0.0,0.0,0.0,0.0,0.0,0.0,0.0,0.0,0.0,0.0,0.0,0.0,0.39444675512984395,0.43680812530528457,0.028909621143511713,0.44426829460567707,0.43712527879145313,0.009965985058099225,0.5254383063943441,0.4223471779670465,-0.003256462128518927,0.5799657140654362,0.40215418027158345,-0.00042014925260369087,0.4829075925301938,0.5330929289736364,-0.06768028313647789,0.48788691104062526,0.549240431361414,-0.03306770445271698,0.48076780060326324,0.5168080323762143,-0.07313879010284621,0.4795479108283952,0.494199586455192,-0.06955376344045885,0.46854350116309446,0.519393158978924,-0.07009642933209326,0.49400132448202416,0.5147851141530554,-0.073093366833491,0.45191100534013373,0.6209950325870266,0.018273645516370545,0.5501603456220279,0.6127769842752806,0.0005158455625923473,0.494365139291994,0.5925904090356551,-0.03263260658423971,0.5003133652768066,0.6541503617311878,-0.012326031016635437,0.44002382715420996,0.6249794540645224,0.022294781340651826,0.5671494045690448,0.6050327732056043,0.0018962843669785732,no,2025-11-18T07:29:05.342215
0.8646778335634941,0.8381111382928133,-2.912610980671945e-07,0.7946402938426607,0.7820086786015903,0.0005033825737641717,0.7492671782804701,0.6957705037193049,-0.006669589513645921,0.7072810290265075,0.6437336441379395,-0.02107582632020813,0.6583593688469556,0.6075046177939543,-0.034903238976026665,0.8162590058126478,0.5742561613429613,0.017777065582282925,0.7569148601660567,0.5231152491142206,-0.00666513009057557,0.7145657361623687,0.4974828583425852,-0.028404826042058934,0.6791723277814778,0.477246714625605,-0.04379767537742468,0.8445868920491311,0.5729424834825627,-0.0032130724680032585,0.768670914288446,0.5089749656082123,-0.030985297348992122,0.724531431153089,0.5022886108708509,-0.04777253858769542,0.6954342749964129,0.49211157911758807,-0.05652914821861732,0.8663738228082325,0.5916844180206153,-0.02777225023941751,0.767054380808875,0.5718569925802246,-0.06005626926950475,0.7608927686835418,0.6471016732036654,-0.05417560317527881,0.7758923331609902,0.6914323843581256,-0.042613456278885964,0.8744907122191048,0.6282733869031558,-0.05391125165554245,0.7888721758514974,0.6167363938859491,-0.07666887040826542,0.77737667506576,0.6720999285601392,-0.06862451035557893,0.7890091951556109,0.7094645488236946,-0.05792820615569172,0.0,0.0,0.0,0.0,0.0,0.0,0.0,0.0,0.0,0.0,0.0,0.0,0.0,0.0,0.0,0.0,0.0,0.0,0.0,0.0,0.0,0.0,0.0,0.0,0.0,0.0,0.0,0.0,0.0,0.0,0.0,0.0,0.0,0.0,0.0,0.0,0.0,0.0,0.0,0.0,0.0,0.0,0.0,0.0,0.0,0.0,0.0,0.0,0.0,0.0,0.0,0.0,0.0,0.0,0.0,0.0,0.0,0.0,0.0,0.0,0.0,0.0,0.0,0.3866807493958622,0.4359076699257441,0.03459112035938689,0.4354547900125706,0.4357978767557272,0.013007699965611196,0.515462814600828,0.4232354113979214,-0.00441724322068637,0.5707996802768129,0.40331728898642344,-0.0041200089384070245,0.46909780764338516,0.5340239768464373,-0.06764313888912937,0.4755219545990632,0.5500705049301271,-0.03324549519203289,0.46677214612263074,0.5177924629959685,-0.0730120101432238,0.46597881264438407,0.4952450158914754,-0.06929829754988794,0.4547703571441617,0.5203178887698575,-0.06948022352854205,0.4802469886875453,0.5158287302771349,-0.07343267883457882,0.4425952896287613,0.6205880283307905,0.01999729660706461,0.5394938276152437,0.6143521614377196,-0.0033758385315163933,0.4820874698392114,0.5920845357155662,-0.03305043024739062,0.48814572086739194,0.6536741231454095,-0.014052278840207825,0.43119409064390796,0.6253189830900004,0.024456273383643784,0.5578542669035867,0.6070911146148872,-0.0024224483244948748,no,2025-11-18T07:29:05.555170
0.8663143153222439,0.8433525144798875,-5.061895201577891e-07,0.7937059358388718,0.7823429261080461,-5.3173141589688e-05,0.7493200687087165,0.6966623374023313,-0.007880967673712151,0.7089375733339782,0.6428689180066987,-0.022405163475949078,0.6609420280685736,0.6027233658351485,-0.03624476282001788,0.8194211319823279,0.5731118219548974,0.017060044605139685,0.7545110017840782,0.5290271498943295,-0.01016787716217893,0.7077531427679977,0.5248118749472783,-0.03437271608263397,0.6711915983084635,0.5262713496853153,-0.05009659745111869,0.8469505524241017,0.5726054251481112,-0.002133258579968475,0.762330560741864,0.5226511638343796,-0.028959798483498937,0.7165435647739322,0.5343908822214667,-0.045565730296197565,0.6886355592435067,0.5364070313858051,-0.054953177793614805,0.8678955960869623,0.5915475870658802,-0.025152942458473423,0.7677302071624026,0.5787032927760132,-0.05516723734702597,0.7652101615977829,0.6528567834287675,-0.049767929580865455,0.7828210373576252,0.6954472798636941,-0.040344481483025135,0.8757235577372837,0.6273906624056642,-0.049816240410667456,0.7893842724159525,0.6198509542729154,-0.07131343928919665,0.7790091154259464,0.6761765979241736,-0.06354940632372452,0.791055282745118,0.7122689181553623,-0.05381473979850321,0.0,0.0,0.0,0.0,0.0,0.0,0.0,0.0,0.0,0.0,0.0,0.0,0.0,0.0,0.0,0.0,0.0,0.0,0.0,0.0,0.0,0.0,0.0,0.0,0.0,0.0,0.0,0.0,0.0,0.0,0.0,0.0,0.0,0.0,0.0,0.0,0.0,0.0,0.0,0.0,0.0,0.0,0.0,0.0,0.0,0.0,0.0,0.0,0.0,0.0,0.0,0.0,0.0,0.0,0.0,0.0,0.0,0.0,0.0,0.0,0.0,0.0,0.0,0.39454763995576647,0.4312049339533124,0.02974493739609216,0.4438492974721056,0.4303609463772837,0.011040621198304046,0.5255164200224294,0.41880097734546035,-0.0018368856016692785,0.5800934293489167,0.4006375454026355,0.001174259273139079,0.48350869846223365,0.5296099963406229,-0.06822082182946573,0.4882078333214127,0.5456923746002259,-0.033555762212386646,0.4814171528304499,0.513118326510649,-0.07360350757143069,0.4802169111716259,0.4902554036538218,-0.06982925553401531,0.46898795700683427,0.5155709567235671,-0.07058120795686937,0.494845672326103,0.511193008031405,-0.07350516808826796,0.45145780666721724,0.6157914518809257,0.016784961677127782,0.5485470735003861,0.6092380259188263,-0.00028681709541002924,0.4951709393377881,0.5867410941708019,-0.033427663733166635,0.5002448915978652,0.6475989805943112,-0.014477964263987427,0.43936398317385983,0.6221686794817831,0.020774937975777466,0.5667821029532887,0.6035450029842472,0.0010849635198298512,no,2025-11-18T07:29:05.711246
0.8649726328865706,0.8442584663502037,-4.714362862713838e-07,0.7960568346396355,0.7851456778462746,3.990602660303849e-05,0.7541713013011508,0.6993169043559966,-0.0073884623613472665,0.7171459137898681,0.6451082735384903,-0.021432003517487898,0.6702200224514163,0.6036328404207023,-0.03478789969385293,0.8243215777347095,0.5750625380602734,0.018000686267318225,0.7645753935369213,0.5303529132497771,-0.009219243177364556,0.7177555367618065,0.5204747672484957,-0.03308278082981777,0.6796862906875112,0.5181101592863222,-0.04823651533730232,0.8520383345883631,0.5740262538338212,-0.0011441185659933836,0.7713749850084595,0.5201614638656609,-0.026987092963580313,0.7259606766588167,0.5278389233189853,-0.04234887769451888,0.6979498124929997,0.5262096711837778,-0.050396999976929396,0.8731632793247617,0.592948962524029,-0.02434015568081676,0.7748434995200746,0.5806831462029938,-0.05538039936406379,0.7711530377424034,0.6549339673712746,-0.050847165046661175,0.7875358949033304,0.698017306056191,-0.04099419207122067,0.8804867352380419,0.629456241713849,-0.049019512181809444,0.796412063995757,0.6205246254099257,-0.0720652185278457,0.7849483548244844,0.676208938286275,-0.0651276444365052,0.7950572176741337,0.7129568007582079,-0.055260911988713884,0.0,0.0,0.0,0.0,0.0,0.0,0.0,0.0,0.0,0.0,0.0,0.0,0.0,0.0,0.0,0.0,0.0,0.0,0.0,0.0,0.0,0.0,0.0,0.0,0.0,0.0,0.0,0.0,0.0,0.0,0.0,0.0,0.0,0.0,0.0,0.0,0.0,0.0,0.0,0.0,0.0,0.0,0.0,0.0,0.0,0.0,0.0,0.0,0.0,0.0,0.0,0.0,0.0,0.0,0.0,0.0,0.0,0.0,0.0,0.0,0.0,0.0,0.0,0.4037752442904748,0.42313664606810975,0.024484106029591432,0.45542924210839775,0.42277169392514546,0.008736851505730326,0.5375881341178126,0.4136452513318031,0.0006579481314794586,0.5908830691685532,0.39694810321717927,0.006574811085029165,0.49774881815850025,0.5217643470873189,-0.0688441906431455,0.5008498511470956,0.5381591271823913,-0.03399446109479215,0.4961441921931943,0.5050474553533699,-0.07422442942510629,0.49496778385577145,0.4821345449169683,-0.07040006304423124,0.4834550099403373,0.5072115154349189,-0.07174847413400758,0.5094575205826835,0.5034319613406841,-0.0735802153388613,0.45932874492830467,0.6098221599805325,0.014548960312720986,0.558512411662455,0.6041560458020492,0.003845660709226529,0.5070992352423956,0.579564096718427,-0.033481911117634267,0.5103044688473335,0.6412382715585997,-0.014777856299942674,0.44616280342126524,0.6134616233140422,0.017787358628398815,0.5768628646785486,0.5970636272665071,0.005455261892059615,no,2025-11-18T07:29:05.876119
0.8677922098644584,0.8473982408579022,-3.7200718896243486e-07,0.8013611573882534,0.7904537805525471,-0.0003145238641680502,0.7599049157777574,0.7010326015005081,-0.006128856936669145,0.7228330641737579,0.6462849929494362,-0.018742666835357375,0.6769021774587709,0.6058976813683407,-0.03093833144307448,0.8267011095021967,0.5811790053410956,0.01910298862770294,0.7703958012358526,0.531182926351451,-0.006263945244794233,0.7270439468457928,0.5090288100444597,-0.02856970179416275,0.689907005760168,0.49387315077009897,-0.043499300238526876,0.8567315095564496,0.5780745878887429,-0.000684025931543205,0.7850970250512268,0.511778302018356,-0.02950166278666458,0.7358681583348252,0.5049725660601274,-0.04761594030077831,0.7003100145266817,0.4965123031955724,-0.05597092336013733,0.88058343352377,0.5961717611921292,-0.024182047302445466,0.7852589117778596,0.5819267800869705,-0.05797161489120605,0.7798274780291454,0.6562310050822743,-0.055661976217492956,0.7945827489062093,0.7000938092304118,-0.04548403181506266,0.8900572401947808,0.6318734684521393,-0.049063295322324285,0.8061716324884486,0.6248332760876838,-0.07300534434106556,0.7949755220930284,0.6804238384592386,-0.06694080854303974,0.8062866530799258,0.7166567219790643,-0.05701887255286105,0.0,0.0,0.0,0.0,0.0,0.0,0.0,0.0,0.0,0.0,0.0,0.0,0.0,0.0,0.0,0.0,0.0,0.0,0.0,0.0,0.0,0.0,0.0,0.0,0.0,0.0,0.0,0.0,0.0,0.0,0.0,0.0,0.0,0.0,0.0,0.0,0.0,0.0,0.0,0.0,0.0,0.0,0.0,0.0,0.0,0.0,0.0,0.0,0.0,0.0,0.0,0.0,0.0,0.0,0.0,0.0,0.0,0.0,0.0,0.0,0.0,0.0,0.0,0.39863985743862573,0.418094542878873,0.02863262066022628,0.448944010364082,0.4183508463999049,0.012583150003002969,0.5302618218997571,0.40798573878311956,0.0038481265896894716,0.5855779314691948,0.39232251252129413,0.009341575972221156,0.4899599086043203,0.5135122880990184,-0.0695765273799071,0.4932855259258351,0.530696330043985,-0.03559512210163249,0.48832777975710434,0.49659097935896646,-0.0744457292539407,0.48730352290837736,0.47394664290945765,-0.06986240861137763,0.47566484296474415,0.49876705265459326,-0.07188225606729562,0.5016988773834743,0.49516373147715054,-0.07386647659738628,0.45121981408211803,0.6049490600699171,0.011508485853432046,0.550986986432729,0.5980068885721824,-8.734178538421719e-06,0.4989829481570865,0.5728895973113162,-0.03607728533188556,0.5025525778417881,0.6353054341496611,-0.019877745946082444,0.43820290935528594,0.6071140814438558,0.014694519293400963,0.5698633755174511,0.5912675690768265,0.0014173164285615934,no,2025-11-18T07:29:06.031984
0.868329416156213,0.8508467771081045,-3.5072920008154177e-07,0.8028796980235793,0.7946689073546732,-0.0002777838480441507,0.7603115413029564,0.7034608238463387,-0.005744417443039911,0.7232297196860611,0.6494913078627338,-0.018487456848109575,0.6776025009779969,0.6100887737934537,-0.03112116662562049,0.8253153288828732,0.5871896060488437,0.019442848792747134,0.7729455161937167,0.530718227950048,-0.007072891105237178,0.7317895095862265,0.5032262443405053,-0.030164440961368562,0.6948836402759427,0.4845851071795975,-0.045483334912378104,0.8565339323829001,0.5832355089521535,-0.0011530144263051916,0.7915003708077026,0.5105576848112104,-0.033048166526288794,0.7395822417707909,0.49742075249150475,-0.05311409318355509,0.6993356460534714,0.48757414988784814,-0.061867260066642456,0.8829755923226454,0.6001918736285201,-0.025487566170553713,0.7914515250570207,0.5860194350988747,-0.061475364264803545,0.7859084916600653,0.6627192592073206,-0.05923049145900435,0.7995747747502695,0.7086014466798727,-0.048149561176066946,0.8969194165203488,0.6350709696081498,-0.051248084851933245,0.814915198425392,0.6293032716784092,-0.07535834405316218,0.8050127342005822,0.6872070047074483,-0.06839729932371447,0.8178677957248384,0.7237433082608792,-0.057602830332393086,0.0,0.0,0.0,0.0,0.0,0.0,0.0,0.0,0.0,0.0,0.0,0.0,0.0,0.0,0.0,0.0,0.0,0.0,0.0,0.0,0.0,0.0,0.0,0.0,0.0,0.0,0.0,0.0,0.0,0.0,0.0,0.0,0.0,0.0,0.0,0.0,0.0,0.0,0.0,0.0,0.0,0.0,0.0,0.0,0.0,0.0,0.0,0.0,0.0,0.0,0.0,0.0,0.0,0.0,0.0,0.0,0.0,0.0,0.0,0.0,0.0,0.0,0.0,0.3724732099311659,0.41115073723495343,0.03611933734901783,0.4219278435046805,0.4106810544083722,0.015971924381279392,0.5022537744809912,0.3998715986157648,0.0007940422340277922,0.5586173069802487,0.38263364238239694,0.0024831613169272043,0.45704194062933146,0.5044290744093496,-0.06947067166515039,0.4624677395263712,0.5221102225647933,-0.03571880205111093,0.45500608205155635,0.48740475250354176,-0.07424510508688933,0.45428480092867596,0.46482162775298475,-0.06956585033396907,0.44288050574140525,0.48975697386471884,-0.0709489252152541,0.4683999101167936,0.48596293861741285,-0.07439162457088513,0.4245275939802985,0.5989758685168616,0.015434191837786847,0.5229335780313898,0.5910815816838573,-0.004708377762136509,0.4666229099496675,0.5657518958522371,-0.03663907673080789,0.4721703275981096,0.6298579423040939,-0.01994636617095916,0.4125644821549074,0.5993791246719706,0.01923799326126442,0.5431021732552466,0.5832696473657143,-0.003973194897552537,no,2025-11-18T07:29:06.199918
0.8612635485531889,0.856617455555395,-4.6338690649019117e-07,0.7965126072095741,0.7961736889831228,-0.0006034461889307318,0.7546145306745953,0.7061261293056004,-0.006661216152416119,0.7185141213176399,0.6534315336387033,-0.019776665436667607,0.6733605718925019,0.6138532500597212,-0.03291056967228729,0.8184774977200926,0.5888329998742449,0.018363308127261932,0.7642412448350633,0.5361936791376827,-0.011378794441135015,0.7198225757140575,0.5203142880847882,-0.03714831259930515,0.6814328410558639,0.5136732761125343,-0.0530330254651698,0.8501805900012644,0.5856678221392695,-0.001182671956810751,0.7817933465576447,0.5190589296381949,-0.03219330804692259,0.7289341098056072,0.514741075260416,-0.05196258392884229,0.6897773799401116,0.5115404375995637,-0.061089618443436466,0.8783077965714027,0.6033939333352561,-0.024799414812257066,0.7874883767786934,0.5928948117152393,-0.05978130817262203,0.7816247797255251,0.6698328900063397,-0.05833878178876255,0.795306137327451,0.7158545711297007,-0.04860768357384471,0.8949276741014678,0.6396343360079934,-0.04983884287319219,0.8140587599773902,0.6357759212987231,-0.07320921020454815,0.801798120869212,0.6930686937180125,-0.06681922494085465,0.8126243552064744,0.7298740688338088,-0.056813828697738364,0.0,0.0,0.0,0.0,0.0,0.0,0.0,0.0,0.0,0.0,0.0,0.0,0.0,0.0,0.0,0.0,0.0,0.0,0.0,0.0,0.0,0.0,0.0,0.0,0.0,0.0,0.0,0.0,0.0,0.0,0.0,0.0,0.0,0.0,0.0,0.0,0.0,0.0,0.0,0.0,0.0,0.0,0.0,0.0,0.0,0.0,0.0,0.0,0.0,0.0,0.0,0.0,0.0,0.0,0.0,0.0,0.0,0.0,0.0,0.0,0.0,0.0,0.0,0.3598647414812003,0.3977177657827752,0.03718010483626543,0.4080935140518016,0.3972774969612662,0.016046078511488163,0.48963715318688383,0.3881054872942563,-0.0008018305028332228,0.546092218772946,0.37144393524873937,-0.00017227120151572933,0.4401875841318807,0.49264185243981273,-0.06892974195454442,0.44646475193100177,0.5103715652161125,-0.03551933340050969,0.43827349900879514,0.475372696285798,-0.07368613526181701,0.4380937138407647,0.4525570824826783,-0.06912473730077359,0.42647106668391216,0.4775653343807084,-0.07021903822732461,0.45158183474570607,0.4741219636553251,-0.0740403862004473,0.410498355095618,0.586271391060799,0.017919628553032484,0.509345012673303,0.5803024580935155,-0.0051426138386118665,0.450249101244632,0.553424082968309,-0.036151571701566514,0.4557448349864556,0.6189707442328727,-0.018516124968685946,0.3989130834055253,0.5860635948333913,0.021759154263161946,0.5293926736942737,0.5718810516625172,-0.004693839483151936,no,2025-11-18T07:29:06.340385
0.8478180941046278,0.8567940616972227,-6.000520519797261e-07,0.7799815254771167,0.7929708943839869,0.0005374211298356146,0.7373294823725912,0.7047611652196641,-0.004993889076427345,0.701130348813422,0.651023715170258,-0.017544328616282544,0.6585743057883988,0.6093087961838828,-0.030095107438415678,0.8019083967920989,0.5847652681713753,0.019663941098023323,0.7459602487297875,0.5406915298917173,-0.009469485375166578,0.7011603663692205,0.5406234621728873,-0.035003126100124834,0.6647849072184532,0.5474968405594716,-0.05037340963967604,0.8322497724729375,0.5811183916413816,0.0008580005522353458,0.7574484897422928,0.5313558512708186,-0.029411208491258573,0.7038148346536276,0.543667084089406,-0.04850151373423087,0.6673900513401425,0.552556288669777,-0.05722207684764616,0.859429050015285,0.5989065275387524,-0.021951903074349053,0.7693038163991428,0.5935829377599329,-0.05474926479085222,0.7661833393695222,0.6697158241135062,-0.05361424105605291,0.7822022990008685,0.7154054571518407,-0.04516536873811616,0.8771675197117904,0.6339836840695943,-0.04610413967292327,0.7977275446901568,0.6337705838450097,-0.06898180344078268,0.7838589329188131,0.6901341133518499,-0.0636114163632782,0.7918885449814721,0.7265419633872413,-0.05446776191440091,0.0,0.0,0.0,0.0,0.0,0.0,0.0,0.0,0.0,0.0,0.0,0.0,0.0,0.0,0.0,0.0,0.0,0.0,0.0,0.0,0.0,0.0,0.0,0.0,0.0,0.0,0.0,0.0,0.0,0.0,0.0,0.0,0.0,0.0,0.0,0.0,0.0,0.0,0.0,0.0,0.0,0.0,0.0,0.0,0.0,0.0,0.0,0.0,0.0,0.0,0.0,0.0,0.0,0.0,0.0,0.0,0.0,0.0,0.0,0.0,0.0,0.0,0.0,0.35026769335908464,0.396532412277908,0.03502286858083814,0.4001619229747686,0.3955706172722133,0.015168522302514177,0.48118586184505935,0.3878418681359587,0.0007059893353604796,0.5379958185634902,0.372839484618846,0.0029744676807251895,0.43427156446870374,0.48904467430778936,-0.06929987801896495,0.43937659500637155,0.5076897141304256,-0.03578702259470122,0.4326309907420379,0.4719109358218083,-0.07404535509624244,0.4323658008977383,0.44954369739120337,-0.06935930322522925,0.4205731363149404,0.47411315944842614,-0.0708126789823795,0.44586576471343686,0.47086705549328145,-0.07412391310955058,0.4003813138927187,0.5844364095463601,0.015305559452593131,0.49944708633848256,0.5801755990018207,-0.004485256650111986,0.4421832688268143,0.5520391875374687,-0.03693759559621421,0.44678005687749756,0.6176911554835933,-0.01891950694717876,0.38904398576976396,0.5858212268428888,0.019117148587119246,0.5195264588411554,0.5724694409981135,-0.0035848530326982853,no,2025-11-18T07:29:06.535232
0.8380571691245338,0.8507502091113219,-6.442468058696966e-07,0.7716717877667871,0.7897973351715009,0.0005258400548276648,0.729495852855836,0.7018049149901269,-0.0048437710226405285,0.6948530467211641,0.64797957213324,-0.017172210574756663,0.6525165253955727,0.6063160682999187,-0.029556979217753007,0.7940692718385085,0.5820383493128147,0.02102929445990367,0.7356192237244061,0.5421182091940582,-0.00959473592186006,0.6889902626638278,0.5472169995171534,-0.03587915024927354,0.6522850686891064,0.5590168462212031,-0.05106900667194507,0.8236250936606326,0.5787445240658537,0.0027810486862203977,0.7465825057411263,0.5335654583464384,-0.028891415638592217,0.6926653535660563,0.5569465190725961,-0.047284137375538285,0.6587181701536375,0.5745045902482033,-0.05449535007004615,0.849747979902662,0.5962350123026251,-0.0197409104776209,0.7599819987223375,0.5905821669314191,-0.05353302668742307,0.7547270768941574,0.6675729763439388,-0.051735586013599275,0.7699523844133065,0.7126879656975024,-0.04211779563245244,0.8667065187212517,0.6305390658411784,-0.04349002755543002,0.7878050007348184,0.6303887063149762,-0.06694869298921688,0.7749202439519298,0.6870683458051822,-0.061435361501355555,0.7848352839672528,0.721578283691759,-0.0515885064504885,0.0,0.0,0.0,0.0,0.0,0.0,0.0,0.0,0.0,0.0,0.0,0.0,0.0,0.0,0.0,0.0,0.0,0.0,0.0,0.0,0.0,0.0,0.0,0.0,0.0,0.0,0.0,0.0,0.0,0.0,0.0,0.0,0.0,0.0,0.0,0.0,0.0,0.0,0.0,0.0,0.0,0.0,0.0,0.0,0.0,0.0,0.0,0.0,0.0,0.0,0.0,0.0,0.0,0.0,0.0,0.0,0.0,0.0,0.0,0.0,0.0,0.0,0.0,0.34170696882328777,0.4007122198279951,0.03395994137586161,0.3920951788640933,0.3985925671228544,0.014567966481897166,0.47220053196909184,0.38928295062662654,0.0009187655647632242,0.5281702594499733,0.37302540441689064,0.0037297561545534593,0.4281981539651563,0.4906706701073478,-0.06890043310218534,0.433159158818913,0.5087777672691465,-0.03559889035130092,0.42632514476696165,0.4736958206607287,-0.07362166542549015,0.42562734880072917,0.4515152040890114,-0.06896924262699985,0.41439605807522534,0.476054948106667,-0.07049696850258234,0.43932842438228453,0.4723396389870277,-0.07362431737792974,0.3944569613201005,0.5862372482187672,0.01517903587034335,0.4928509339115432,0.5793207389826456,-0.0036783385586921934,0.4360142860619286,0.5514297988945431,-0.036457162941644625,0.44136314149874634,0.6179108302842924,-0.018937587690839728,0.3833402688133793,0.5858823138513608,0.018750530664628576,0.5130748634842984,0.5698447068042936,-0.0028135522194678844,no,2025-11-18T07:29:06.681135
0.836987738214458,0.8446647530885284,-4.667856122574807e-07,0.7723348219534619,0.7905669059871634,-0.0007521494014175065,0.7290089277764135,0.7039116516307293,-0.00615641429689172,0.6925213233560044,0.652256764330475,-0.018357892848854564,0.6484707799592915,0.6131005776565817,-0.030707355950586594,0.7883131412445716,0.5834065111489458,0.019799214317840555,0.7332882168941702,0.5408725229853958,-0.007856159587174814,0.6896256345095567,0.530031973116731,-0.03208703465397704,0.6518960741451971,0.5249569528309079,-0.04733130725743364,0.8190750509311159,0.5783144798597701,0.0009240932303830485,0.7465262103271519,0.5243734998946548,-0.030545887223316418,0.691645599976006,0.529000671235593,-0.05018057297536966,0.6522642977175811,0.5314992697115422,-0.058348259229087214,0.8467730106231754,0.5954581972409427,-0.02183749863117066,0.7566285475694055,0.5908533507691763,-0.05719945287313048,0.7505019363791313,0.6690161532129393,-0.0560309898536424,0.7640240330403172,0.7153807562919732,-0.04582942589430544,0.8636194012521053,0.6307331354634664,-0.04587131064067487,0.7835542757275167,0.6342057135643637,-0.07049865449064306,0.7719684635267919,0.6913171125750612,-0.06499345838863631,0.7831342543226462,0.7268920161249017,-0.054780295590676036,0.0,0.0,0.0,0.0,0.0,0.0,0.0,0.0,0.0,0.0,0.0,0.0,0.0,0.0,0.0,0.0,0.0,0.0,0.0,0.0,0.0,0.0,0.0,0.0,0.0,0.0,0.0,0.0,0.0,0.0,0.0,0.0,0.0,0.0,0.0,0.0,0.0,0.0,0.0,0.0,0.0,0.0,0.0,0.0,0.0,0.0,0.0,0.0,0.0,0.0,0.0,0.0,0.0,0.0,0.0,0.0,0.0,0.0,0.0,0.0,0.0,0.0,0.0,0.3361552841858138,0.4076887508003043,0.04156933603615068,0.3839909585822084,0.40452929123087605,0.01866436605446186,0.46200659335137484,0.3934755667382553,-0.0008222794796632349,0.5177273907532765,0.37546091626255296,-0.0016861955279179582,0.41399252175911316,0.49606078318523517,-0.06760544176843505,0.4211604228580954,0.5139444320640624,-0.03548939966511999,0.41180908799131466,0.4792655885673257,-0.07199034342536867,0.4115795036058776,0.45732526797906836,-0.06711436080663157,0.40040089714159366,0.48188819564146823,-0.06823493146637144,0.4248101672768967,0.4776466086103733,-0.07267175094789508,0.38709225186023033,0.590441195387002,0.017138800426378796,0.4842240385423805,0.581537341212972,-0.009390187428006756,0.4243405865534176,0.5543821407821867,-0.03707132331786058,0.4312733489085147,0.6201874753361617,-0.020366319431607702,0.3773124066406527,0.5917875209469816,0.0213040388174384,0.5042049678816374,0.5734962741289229,-0.009184101453074578,no,2025-11-18T07:29:06.865123
0.8385875246934718,0.8462164107010635,-3.6929462037534875e-07,0.7730037311385505,0.7934849186002711,-0.0006025668356793661,0.7291493787537005,0.7054118461705893,-0.005433945225758568,0.6925313719078758,0.6533716506550751,-0.017198261503281843,0.648070733102128,0.6154993719181193,-0.02920727449869742,0.7866705312221851,0.5877340451881967,0.019107061668953408,0.732693994196902,0.5392448051747962,-0.006065534253031095,0.6919595965535608,0.5165795952047583,-0.028545676318980993,0.655685044690549,0.49959911967354875,-0.04376185321570432,0.8182754233384828,0.5821512921015922,-0.0006902320074208329,0.749872847805025,0.5223882637145698,-0.031115997891343228,0.6962063201143458,0.514628366394774,-0.051011241951928715,0.6547636989324142,0.5071949676213503,-0.06009286003739803,0.8464414388595614,0.5988393960619539,-0.024049687018539146,0.7564827076893506,0.592338093822546,-0.059153283415267786,0.7510914532855435,0.6687167438847594,-0.057700645758758995,0.7643204996439379,0.7134852847621975,-0.047555252608202564,0.862756825584091,0.6346952930697154,-0.048716305176070354,0.7815928856016429,0.6365540100605327,-0.07309566152390506,0.772122074895415,0.6932995176961457,-0.06701772034088263,0.7854873103430857,0.7282677401066708,-0.05675340933110176,0.0,0.0,0.0,0.0,0.0,0.0,0.0,0.0,0.0,0.0,0.0,0.0,0.0,0.0,0.0,0.0,0.0,0.0,0.0,0.0,0.0,0.0,0.0,0.0,0.0,0.0,0.0,0.0,0.0,0.0,0.0,0.0,0.0,0.0,0.0,0.0,0.0,0.0,0.0,0.0,0.0,0.0,0.0,0.0,0.0,0.0,0.0,0.0,0.0,0.0,0.0,0.0,0.0,0.0,0.0,0.0,0.0,0.0,0.0,0.0,0.0,0.0,0.0,0.33373554981728737,0.4133137086912059,0.045903765921446196,0.37940732402148136,0.4098377167376075,0.020574267232381534,0.4570555660152489,0.3971159480181373,-0.0027885166315042287,0.5127435107166803,0.37859718178793084,-0.005970149609151888,0.4057862299662036,0.5026958259531218,-0.06736096290720871,0.4146101291460277,0.5196515246849089,-0.03534747507846492,0.40324886202792204,0.4861759931075917,-0.07173606132154435,0.4031970570435699,0.46429617116280536,-0.06690093511208273,0.39224339538628755,0.4888469232954732,-0.06755709823836417,0.4163122604906746,0.4843594975567964,-0.07284794115278245,0.384316796701714,0.5944587132425885,0.01950941366655377,0.4799424644415928,0.584739732313029,-0.012136013236199433,0.41673158640186136,0.5587604320777999,-0.03691950920848798,0.4251533636355852,0.6222133408251243,-0.020211677520843734,0.3756539596822877,0.5958609898397933,0.024090101708845752,0.5004836217887191,0.5769820471482322,-0.012319090704445423,no,2025-11-18T07:29:07.004252
0.8405523013081464,0.8528359980903999,-3.2077953923263507e-07,0.7735340167915042,0.7989019117384901,-0.0010887487270982335,0.7289359159355355,0.7092245492983684,-0.006208798037014015,0.690685314335667,0.657948711851738,-0.01842485865399373,0.6451561055342183,0.6210844192068166,-0.03072719098734672,0.786657375787179,0.5953386135898869,0.018922498099367375,0.7323278308672956,0.544127928414806,-0.006324076937690417,0.6922334615782483,0.5170495346171496,-0.028944395742405326,0.655317235670775,0.49594011438408425,-0.04472926449656981,0.8184817291748872,0.5893977872212979,-0.0013204119632166003,0.7502686601924905,0.5263947467864841,-0.03285353087421089,0.6962675098515607,0.5131144303897699,-0.05404182894992142,0.6531217398031974,0.5018446453182817,-0.06435060926989301,0.8466846004455583,0.6056593625855728,-0.025101061354351854,0.7553495701303808,0.597218726429019,-0.06069071145257847,0.7508016987897597,0.6745743231466796,-0.05837050481838535,0.7641772066281518,0.7194224517129927,-0.04767437450416022,0.8627355581014937,0.641481787741599,-0.050361388539101194,0.7806408305705206,0.642185483051888,-0.07431636235265268,0.7732321867015527,0.6987905431116836,-0.0674006013568217,0.7882813892032201,0.7327646071196043,-0.05684028810513943,0.0,0.0,0.0,0.0,0.0,0.0,0.0,0.0,0.0,0.0,0.0,0.0,0.0,0.0,0.0,0.0,0.0,0.0,0.0,0.0,0.0,0.0,0.0,0.0,0.0,0.0,0.0,0.0,0.0,0.0,0.0,0.0,0.0,0.0,0.0,0.0,0.0,0.0,0.0,0.0,0.0,0.0,0.0,0.0,0.0,0.0,0.0,0.0,0.0,0.0,0.0,0.0,0.0,0.0,0.0,0.0,0.0,0.0,0.0,0.0,0.0,0.0,0.0,0.34682978410015675,0.4119599421761465,0.03802808809511488,0.3940417953458542,0.4101699709491031,0.016678807430696108,0.47344875201702386,0.3982614587827045,-0.0003719606595885411,0.5302188882795591,0.38068390476248803,0.00014643844641575813,0.42769611567165466,0.5053660110924819,-0.0687324903804728,0.43435457922431236,0.5222869477977767,-0.03561969397801229,0.4254703003167106,0.4885480597728663,-0.07340745317282663,0.42492369164777677,0.4660503760448502,-0.0687567834251343,0.4136343201687679,0.49110975632260995,-0.06992678059572742,0.4387946789771412,0.4866759452868058,-0.07378921714054108,0.39823960991778207,0.5948837171540549,0.01692001540935411,0.4959885595294512,0.5856200990914663,-0.005959116055257582,0.4395366561140624,0.5601661640770011,-0.03643924051835513,0.445593873108648,0.6220714633794048,-0.0196050775644046,0.3882525152815888,0.5985018173609977,0.02080556459222061,0.5173127897742882,0.5794592628815196,-0.005569664492743404,no,2025-11-18T07:29:07.195509
0.839067861984487,0.858053706662006,-3.4841073197135746e-07,0.7720165039020388,0.8023647050872321,-0.0001753517631963526,0.7282131705226994,0.7131689028764181,-0.005600974955182079,0.6908857436966116,0.6617591576474419,-0.018100938451514306,0.6455379526694529,0.6230727569838557,-0.030619770333706414,0.7886565539710126,0.5984343145292421,0.01856185478337633,0.734917587079766,0.5458993848159235,-0.00818048133803161,0.6927554400958411,0.5216101028016626,-0.03174689611374779,0.6540211084893792,0.505758178892329,-0.04717663212061175,0.8198085952526505,0.593789308849983,-0.0016078453859387028,0.7515221348428731,0.5299771537811204,-0.0326630762618573,0.6957124294806052,0.5176309237291257,-0.053208472202059175,0.6516185850791347,0.5077441636606514,-0.06307348076857916,0.8468654580577859,0.6115236267006539,-0.02539044311407845,0.7546027569050953,0.6036277285976577,-0.060632986582326374,0.7478060803938728,0.6792812087382568,-0.058873213972660654,0.7603679912649731,0.7234040757309927,-0.04860795933667388,0.8610257449492607,0.648734018594234,-0.05045240241528824,0.7784275064736911,0.6472971010573466,-0.07394015531315572,0.7689809624685131,0.7031756007832893,-0.06691938482204945,0.7829879264665393,0.7377408769965392,-0.056291382120315876,0.0,0.0,0.0,0.0,0.0,0.0,0.0,0.0,0.0,0.0,0.0,0.0,0.0,0.0,0.0,0.0,0.0,0.0,0.0,0.0,0.0,0.0,0.0,0.0,0.0,0.0,0.0,0.0,0.0,0.0,0.0,0.0,0.0,0.0,0.0,0.0,0.0,0.0,0.0,0.0,0.0,0.0,0.0,0.0,0.0,0.0,0.0,0.0,0.0,0.0,0.0,0.0,0.0,0.0,0.0,0.0,0.0,0.0,0.0,0.0,0.0,0.0,0.0,0.34132993826513575,0.41524553099980116,0.04131313444789561,0.38759523074463575,0.41407757101436937,0.017669739719843675,0.4654086672520651,0.40404798145510346,-0.003433822289613468,0.5223888401969085,0.38530606323253186,-0.0055768545323246245,0.4152229462559323,0.5110647001015236,-0.06705827898773892,0.4229551880429805,0.5282354634161003,-0.034247753760904415,0.41293207198376425,0.4945623971578565,-0.07182591253192418,0.4128455537048622,0.47231633442001575,-0.0674971277114361,0.4015307526136808,0.49697272364889955,-0.06790020547029757,0.426178175474708,0.4929976897263802,-0.07268849043362619,0.3908426897330991,0.5994206850998546,0.019766033723833034,0.4859318940864343,0.5919229655384699,-0.008314228683058155,0.42747102438042595,0.5660620251480128,-0.034948740424287195,0.43427706233919794,0.6287831756041158,-0.01780585187657982,0.38114824329085695,0.6038175900655391,0.02427601668732277,0.5062075976611919,0.5882795815635931,-0.00813394631794949,no,2025-11-18T07:29:07.342280
0.8397283780328013,0.8598158173641298,-4.80433312097582e-07,0.7715898943403169,0.8001715829379794,0.00011772955322821265,0.7287511424989748,0.7119593539250102,-0.006017493346964719,0.6914945648109523,0.6606521704146022,-0.018915044455342325,0.6468071838657018,0.6199260123858945,-0.03185137736079051,0.7940749930079978,0.5959110783537934,0.017879971215466795,0.7369660467098964,0.5468850104011258,-0.010729253270242373,0.6905165807504352,0.5359035242344647,-0.03569963301509342,0.6513323606755063,0.5342204633666052,-0.05080271839320783,0.8245962822797981,0.593905672224369,-0.0012595541600174303,0.7508323247742655,0.5339149291530572,-0.03091493299364008,0.6941225142264629,0.5364254360104521,-0.049745998342750744,0.6537614986743635,0.5399526508591801,-0.05843069510836299,0.8497242245904927,0.6128870241123509,-0.02421902432175299,0.7561584248182855,0.606924318858155,-0.05712593980481599,0.748410586621802,0.6799380351228363,-0.05553009182016688,0.7617002734225562,0.7240671644752986,-0.0463504953864394,0.8619426460437374,0.6492124425322854,-0.04842876577497162,0.7789348189965044,0.647433497923998,-0.0707968013513792,0.7669388266570013,0.7032639366469089,-0.06417222429056899,0.7782572975075617,0.7394034578025451,-0.054082166083785216,0.0,0.0,0.0,0.0,0.0,0.0,0.0,0.0,0.0,0.0,0.0,0.0,0.0,0.0,0.0,0.0,0.0,0.0,0.0,0.0,0.0,0.0,0.0,0.0,0.0,0.0,0.0,0.0,0.0,0.0,0.0,0.0,0.0,0.0,0.0,0.0,0.0,0.0,0.0,0.0,0.0,0.0,0.0,0.0,0.0,0.0,0.0,0.0,0.0,0.0,0.0,0.0,0.0,0.0,0.0,0.0,0.0,0.0,0.0,0.0,0.0,0.0,0.0,0.3482787043315425,0.4160282154863584,0.03606549945531444,0.39561772068657264,0.415033708502752,0.015400601810026074,0.4743767153847224,0.4024681228171666,-0.000760488379067472,0.5314564826480452,0.38457045104985965,0.00019676449814769008,0.42977845840132733,0.5122001726501728,-0.06880699787037245,0.4359041764771253,0.5285918554244045,-0.03503025024716573,0.427575336843704,0.49545506127462224,-0.07372544255689378,0.42687845316964607,0.4727083493141186,-0.06934498298151341,0.41553763053543236,0.4978876182665198,-0.07033421586810243,0.4409836919434392,0.4935855784428257,-0.07400838672276974,0.39931335233668047,0.6005565020080876,0.017335408881247974,0.4974672600143323,0.5908137097418149,-0.004394388310634522,0.441766700439801,0.5650395710857404,-0.035298509658163724,0.4474240862938818,0.6279094563208872,-0.0185046046375449,0.3893303992066162,0.6038920322993101,0.0212139200592881,0.5177992941976461,0.5854070665920382,-0.003826691047057122,no,2025-11-18T07:29:07.523249
0.8431693726654638,0.8631391134302187,-6.003334706393741e-07,0.7743980980147325,0.8017706121209978,0.0006654165430096751,0.732917348383429,0.7139238376623495,-0.005553907846229972,0.6972058915096326,0.6605517019007978,-0.01847981863399984,0.6537803064008532,0.6196997646634825,-0.031222433794423708,0.8011646770803234,0.5928367042045151,0.017775605854560998,0.7390074297880537,0.5483086689311842,-0.012043223705397923,0.6911387689957468,0.5528765076769248,-0.03757156481489401,0.6542074591768645,0.5665400655723102,-0.05225732154756846,0.8306822461070164,0.5931377931396198,-0.000726954769903749,0.750221851245165,0.5398221341379147,-0.029337482779020853,0.6946748003852499,0.5565624060583572,-0.046821135560630896,0.6592236720247122,0.5703366474281862,-0.054881960685943046,0.8539839642163278,0.6139389868715441,-0.02311908889130662,0.7590833670913022,0.6081452188830417,-0.05385963004256474,0.751245739115497,0.6808803165516678,-0.05155779518088022,0.7654739622613574,0.7243570750030759,-0.04315611974314741,0.864202885397891,0.6508908980563801,-0.0468249112820657,0.781296035892524,0.648812134275033,-0.06813074956480207,0.7676975236419161,0.7044864586036058,-0.061694864723781426,0.7776245410400815,0.7395899749606902,-0.05220965093778189,0.0,0.0,0.0,0.0,0.0,0.0,0.0,0.0,0.0,0.0,0.0,0.0,0.0,0.0,0.0,0.0,0.0,0.0,0.0,0.0,0.0,0.0,0.0,0.0,0.0,0.0,0.0,0.0,0.0,0.0,0.0,0.0,0.0,0.0,0.0,0.0,0.0,0.0,0.0,0.0,0.0,0.0,0.0,0.0,0.0,0.0,0.0,0.0,0.0,0.0,0.0,0.0,0.0,0.0,0.0,0.0,0.0,0.0,0.0,0.0,0.0,0.0,0.0,0.3417071566215284,0.4189186314734572,0.04197961984603681,0.38695798675377063,0.41729456707333645,0.01827445080419774,0.46310781298220194,0.4064413198714892,-0.003076707096430804,0.5203732312913688,0.387480512990979,-0.005423932675672907,0.4141267546637679,0.5141602138218058,-0.06675783144184287,0.42208445143875034,0.5314006726233961,-0.03414614908190825,0.411684625819313,0.4976626956849567,-0.07145673184015153,0.41146151764908545,0.4754947597219473,-0.06706512370697185,0.4003519291764839,0.5002118085438891,-0.06750475114017075,0.4248874381843966,0.496001805782921,-0.07234897285280943,0.39141468297948223,0.603788112234894,0.0192876670285766,0.4865954868253653,0.5948373146086852,-0.009200096372526601,0.4266638265516113,0.5690949241117484,-0.0350332847539514,0.4339782756374805,0.6319480412345555,-0.018619099602064267,0.3815523446457275,0.607621075706616,0.023834265404683627,0.5057312429964976,0.5907289029401841,-0.009038043313078389,no,2025-11-18T07:29:07.663360
0.8439208772716815,0.8645540876408601,-6.572477987042992e-07,0.7739632177466851,0.8005436581971108,0.0011159336183271292,0.7325297493927491,0.714288336992567,-0.0064085541018931574,0.6967857133844397,0.6601178223477988,-0.020623819049103268,0.6531316464255242,0.6189745905074004,-0.03471402498527605,0.8037746202631841,0.5896531474342125,0.015406675382042958,0.7371310673701468,0.5499059847989967,-0.015415916679554621,0.6872692529385014,0.5614443597382732,-0.04162147666089168,0.6497762754983138,0.5810213402736428,-0.056651772817522594,0.8324373504609637,0.5917422435661173,-0.003472201638204023,0.7463137223201991,0.5457113845948209,-0.032244389071461946,0.6925807945674723,0.5710903913951149,-0.04889871156710343,0.6606689076981471,0.5886711813991823,-0.05664079104159995,0.85438506091218,0.6147296724785882,-0.026125376427252642,0.757539469352307,0.6100245921781084,-0.055765703973299205,0.7525330792135102,0.6819186550657661,-0.05239940855602582,0.769531548238833,0.7233079108135344,-0.04409680456378009,0.8632199310107131,0.6532996949292978,-0.050117510207297,0.7799000249538609,0.6499595439479718,-0.07100210492880912,0.7661163859607438,0.7044820930083917,-0.06428493772630875,0.7758860853889678,0.7390101182863144,-0.05487896028363017,0.0,0.0,0.0,0.0,0.0,0.0,0.0,0.0,0.0,0.0,0.0,0.0,0.0,0.0,0.0,0.0,0.0,0.0,0.0,0.0,0.0,0.0,0.0,0.0,0.0,0.0,0.0,0.0,0.0,0.0,0.0,0.0,0.0,0.0,0.0,0.0,0.0,0.0,0.0,0.0,0.0,0.0,0.0,0.0,0.0,0.0,0.0,0.0,0.0,0.0,0.0,0.0,0.0,0.0,0.0,0.0,0.0,0.0,0.0,0.0,0.0,0.0,0.0,0.3427590958888892,0.41701529522700875,0.04172977320119281,0.3896642692891702,0.4158038224999861,0.01839775226036904,0.46695222883492726,0.40532184585359887,-0.001889026911060957,0.5237289995549099,0.38729704207898563,-0.003217009473326722,0.41775240046897655,0.5119721879331655,-0.06825316497061817,0.4252893034228511,0.5289701183780433,-0.03518912214682628,0.41545676860957714,0.495399744529986,-0.07293175979662835,0.4152647631551778,0.47319852682123215,-0.06831106369193159,0.403888413065987,0.49786485903535704,-0.06908337521269592,0.42879794019777384,0.4937334487441216,-0.07367179825692535,0.39322573488707235,0.6024296455740052,0.018417499389484757,0.4899672444788905,0.5936032865062316,-0.008940310338517882,0.43045495979317777,0.568383290360165,-0.03635356718321292,0.4372627517484888,0.6311614152362658,-0.01986164970694024,0.38288647238695067,0.6047445843601897,0.02276243251251294,0.5095592529088475,0.5878975213191063,-0.008742571395065539,no,2025-11-18T07:29:07.853247
0.8418825818567423,0.8634155592928421,-6.858708318329976e-07,0.7721068584975949,0.7992960176170796,0.0009946214146006349,0.7312548110481507,0.7142117534877386,-0.00702172078684412,0.6962076848496448,0.6598112967902019,-0.02158633390610576,0.6522602948104337,0.6200097919539871,-0.03611746267698327,0.8011079555592959,0.5883884495372662,0.013980497013074673,0.7335085909837337,0.5522455420096363,-0.017607563405361494,0.6834017845007143,0.5668855695519064,-0.044256968548260285,0.6458969988140678,0.5889781870359303,-0.059419621656611715,0.8297979901776101,0.5901087354610371,-0.004777612453466735,0.7421651936510205,0.5478401116432662,-0.03443967790126671,0.689011323091689,0.5780790106046314,-0.05101770895966866,0.658464252022978,0.5997680593523164,-0.05843529211627803,0.85175769669106,0.6132382004494229,-0.02723145454082864,0.7549281807496856,0.6099456950510751,-0.057039773418071836,0.7499550288054397,0.6825032702227787,-0.05343595543851534,0.7668838800077832,0.7246724681325973,-0.044978590386400355,0.8608341287991951,0.652381959395496,-0.05101826918512662,0.7781184964494798,0.6489096778654044,-0.07203456091419742,0.762618544352137,0.704058922604736,-0.06530914562287422,0.7704712583412276,0.7396763378582909,-0.05584975095194235,0.0,0.0,0.0,0.0,0.0,0.0,0.0,0.0,0.0,0.0,0.0,0.0,0.0,0.0,0.0,0.0,0.0,0.0,0.0,0.0,0.0,0.0,0.0,0.0,0.0,0.0,0.0,0.0,0.0,0.0,0.0,0.0,0.0,0.0,0.0,0.0,0.0,0.0,0.0,0.0,0.0,0.0,0.0,0.0,0.0,0.0,0.0,0.0,0.0,0.0,0.0,0.0,0.0,0.0,0.0,0.0,0.0,0.0,0.0,0.0,0.0,0.0,0.0,0.3563874777463855,0.4138354415693073,0.031016545739097096,0.4059372727080159,0.4125729067238547,0.013312828293791401,0.485633206511885,0.4020798402251164,0.0022222000634913902,0.5397562548815199,0.3848979065156052,0.0064359960985765265,0.44478269687850835,0.5063902134581599,-0.06884750251161142,0.4492634685639951,0.5237931887380481,-0.035224044788112883,0.44286802249028967,0.4895815408326505,-0.07368097863698453,0.4418077656222361,0.46728881881718654,-0.06916337745634596,0.4306675835223581,0.49207846161263397,-0.07086055600501434,0.4559623796657662,0.48791097748294643,-0.07338149987056435,0.4108799127030119,0.5987182941615143,0.013010984001673874,0.5081758288606153,0.5892493294484893,-0.001818773164416779,0.4534437161303001,0.5636674831260207,-0.036048496857383094,0.4593099693905942,0.6262513814653314,-0.019222475580861362,0.3989580288742157,0.601799712080989,0.016436025874997744,0.5268624320879687,0.5831726104329602,-0.000681551432324525,no,2025-11-18T07:29:07.985988
0.8406307674183919,0.8617191712861305,-6.942141020557658e-07,0.7714050275115842,0.799094377026008,-0.0002541035707561551,0.7300023113487366,0.7130899685025973,-0.008433173543440513,0.6949654433006769,0.6583528711047567,-0.022794988724316956,0.6509245590644576,0.6186989605941505,-0.03702972002934475,0.7994047763865205,0.5883265468416159,0.012172735931000371,0.7323985418316648,0.5515135450164301,-0.020391318596465747,0.682082723181067,0.5683251514332103,-0.047176738331895146,0.6448784608499813,0.5930133242365778,-0.06213344118509449,0.8280098473303212,0.5900915181135142,-0.005791998845595162,0.7408349144925177,0.5466521348507163,-0.03656663492679531,0.6880604861365275,0.5796042807692346,-0.05293362581853558,0.6587471659322959,0.603903510619838,-0.05971374602192323,0.8499416666343331,0.6132521256325025,-0.02755261104034373,0.7535643623150741,0.6085792980832463,-0.05838766058463006,0.7481946202681984,0.6820101375947573,-0.05465720419759591,0.7650524825396734,0.7243462362025291,-0.04566067908072955,0.8593515193175052,0.6525804116511782,-0.05064275367751757,0.7768005159058617,0.6484980830561611,-0.07235056945451043,0.7615374041855747,0.704124290384857,-0.06571986207039401,0.7697830713684135,0.7394554820757366,-0.05604685352048106,0.0,0.0,0.0,0.0,0.0,0.0,0.0,0.0,0.0,0.0,0.0,0.0,0.0,0.0,0.0,0.0,0.0,0.0,0.0,0.0,0.0,0.0,0.0,0.0,0.0,0.0,0.0,0.0,0.0,0.0,0.0,0.0,0.0,0.0,0.0,0.0,0.0,0.0,0.0,0.0,0.0,0.0,0.0,0.0,0.0,0.0,0.0,0.0,0.0,0.0,0.0,0.0,0.0,0.0,0.0,0.0,0.0,0.0,0.0,0.0,0.0,0.0,0.0,0.3628320751740427,0.4115877923865213,0.026517817935011137,0.4135880859694865,0.4101392260746349,0.011039191640342765,0.4943372369534523,0.40021529283232293,0.0035000397588434446,0.5476774059384559,0.3827958350050484,0.00976330842363762,0.455775167900123,0.5052235720000761,-0.06882408024960301,0.4591502920689391,0.5225733359690607,-0.034996745222921496,0.4539937517885103,0.4881995099831282,-0.07375641744387373,0.4525839631057271,0.46549035452845106,-0.06936432563884994,0.44154265740372667,0.49064778207012616,-0.07133255463767715,0.4669797668315937,0.4865003185869017,-0.07306493144430012,0.4185106320822112,0.5965494854539414,0.011549493621099798,0.5157022668949836,0.5867228590849777,0.0015122495521776732,0.46431935338260916,0.5609358583862067,-0.03538431169842593,0.46932302616296373,0.6232882647854764,-0.018848883915687696,0.40513025299778443,0.6004132258391548,0.014538231958789413,0.5342639930672998,0.5806564942156561,0.002904004287862243,no,2025-11-18T07:29:08.119096
0.8425830889112986,0.8613849779369953,-7.057758932098247e-07,0.7721452644481597,0.7998612811491124,-0.0001274542904722212,0.7301920490860047,0.7130442687571428,-0.007701333678626623,0.6952848838207486,0.6584971941335398,-0.021354326405985058,0.651229677412783,0.620456251527773,-0.03490077663516531,0.7982925654908524,0.5877421663670512,0.012077987045805285,0.7307250957010649,0.5515955946346036,-0.020298814225725013,0.6802539580070068,0.570096904749503,-0.04695456710963501,0.6429603466817045,0.5967295656083554,-0.06178027692692358,0.8272032457228846,0.5893677431094152,-0.005697912725189349,0.7393424028391391,0.5463388247266887,-0.03607995122849909,0.6866777955584982,0.5805054668483167,-0.0522585026628002,0.65768645680648,0.6060688984640633,-0.05894276619490822,0.8494447150386631,0.6125959269462714,-0.027224697561199412,0.7524194442171531,0.60895277074191,-0.05754425245115235,0.7472474799834949,0.6818693397229005,-0.0539083323114864,0.7643096372754672,0.7231845040189282,-0.045143865440609485,0.8591213542079317,0.6523526765001039,-0.050063089796379405,0.7759267402966046,0.6489809577172743,-0.07121636365238797,0.7615203118950334,0.7043000254223785,-0.06454209823743128,0.7706961292472866,0.7384278579106558,-0.0549797204921684,0.0,0.0,0.0,0.0,0.0,0.0,0.0,0.0,0.0,0.0,0.0,0.0,0.0,0.0,0.0,0.0,0.0,0.0,0.0,0.0,0.0,0.0,0.0,0.0,0.0,0.0,0.0,0.0,0.0,0.0,0.0,0.0,0.0,0.0,0.0,0.0,0.0,0.0,0.0,0.0,0.0,0.0,0.0,0.0,0.0,0.0,0.0,0.0,0.0,0.0,0.0,0.0,0.0,0.0,0.0,0.0,0.0,0.0,0.0,0.0,0.0,0.0,0.0,0.3606971829212651,0.4113902239749379,0.028174598793517226,0.4111938820283605,0.411846082983225,0.011917379110766199,0.4908825040224567,0.4018643323883752,0.0031155106028230304,0.5458187203928577,0.38439126037895854,0.008639803899019595,0.45118166325380293,0.5060175656001815,-0.06865723312940966,0.4548550285847091,0.5233648637948484,-0.03504423473483092,0.4494180898787446,0.4890292325640052,-0.07350724106556289,0.44820300958039805,0.46631929945470096,-0.06901735511235366,0.4370349209450579,0.4913844710502456,-0.07094201973045204,0.46242381381283054,0.48743389335278464,-0.0729645419676964,0.41596377708732446,0.596565561656643,0.01196658068662326,0.5125141836222049,0.5875290971698235,0.00016871192143225948,0.461002113958608,0.5617229955879093,-0.035598830964440664,0.4660095806035308,0.624030734556053,-0.01921515306271369,0.4017413932883286,0.6000199132907474,0.01508132494109014,0.5306732181523022,0.581643504657114,0.0014698633975130627,no,2025-11-18T07:29:08.258976
0.8415099227610845,0.8607332955004038,-6.858192824384763e-07,0.7710219885416,0.7983474577628191,0.000285194487158084,0.7291742482482941,0.7119664166718911,-0.007299604160395069,0.6937698029695631,0.6577068466357091,-0.02107981750064239,0.6488573838342602,0.6180361673364573,-0.03450957665371661,0.7978484273682289,0.5884156905844198,0.013241882827510749,0.7319154073952865,0.5498426388452406,-0.018930182704593578,0.6812114890914703,0.5655912730668139,-0.045462006020094224,0.6434504871283127,0.5894988720356689,-0.06025144794710914,0.8262927093921277,0.5899393835538378,-0.004734256864775728,0.7387422081944719,0.5457626721747457,-0.03449683852583153,0.6867598801400889,0.5780138852147773,-0.05013723856241626,0.6585923953687246,0.6010261124495762,-0.056670744570776026,0.8484197993356615,0.6126519795387333,-0.026594245069292657,0.7506798666188457,0.6099852671782823,-0.05623815701697804,0.7461623661857477,0.6825116931291962,-0.05193956152765711,0.7639089785651018,0.723046440833164,-0.042837508218647256,0.8582945921945268,0.6521249640530458,-0.0498298692298309,0.7749568081537497,0.6492776187512153,-0.07012213217409438,0.7612732875660164,0.7038889722620467,-0.06288755419023645,0.771179629288484,0.7373692891771907,-0.05309061210801409,0.0,0.0,0.0,0.0,0.0,0.0,0.0,0.0,0.0,0.0,0.0,0.0,0.0,0.0,0.0,0.0,0.0,0.0,0.0,0.0,0.0,0.0,0.0,0.0,0.0,0.0,0.0,0.0,0.0,0.0,0.0,0.0,0.0,0.0,0.0,0.0,0.0,0.0,0.0,0.0,0.0,0.0,0.0,0.0,0.0,0.0,0.0,0.0,0.0,0.0,0.0,0.0,0.0,0.0,0.0,0.0,0.0,0.0,0.0,0.0,0.0,0.0,0.0,0.36312852944319174,0.41145648503052923,0.026017195125585136,0.4135770075520373,0.4113775102187243,0.010632100693738832,0.49367971124069765,0.4016870918028226,0.0031399281170994696,0.5478428771756464,0.38488919150501577,0.009383100456341921,0.45563162027741416,0.5064889489969139,-0.06824723199529832,0.458766089774723,0.5236207654087768,-0.034638501948146855,0.45390073562273714,0.4894372840237781,-0.0731616798317736,0.4525029272908094,0.46653737461329103,-0.06882759405579154,0.44140797162765744,0.49177412420081246,-0.0707598094193356,0.46684581660871627,0.4877858970910499,-0.0724818782786461,0.4186156730762092,0.5964800800703411,0.011929165187058053,0.5158507276086031,0.5875840356797909,0.001987801071372451,0.4641305369836146,0.5620943614585817,-0.034897320760426204,0.4691449222521438,0.6247112877454032,-0.018479305085724866,0.4038033971589577,0.6004708912843508,0.014839449129338758,0.5334365429388372,0.5816325757691088,0.003355636403652147,no,2025-11-18T07:29:08.404226
0.8435534757466921,0.8601174776852758,-3.29615725917323e-07,0.7698690129075034,0.8063017649035958,-0.002745011007024038,0.7235790450721756,0.7222821818962788,-0.011342472064150773,0.681911284884745,0.6715292582120349,-0.02622053105976753,0.6337597513730017,0.6378535412316289,-0.04083329242730024,0.7818455815677967,0.5972795229769938,0.009677479006538946,0.72031142960783,0.5491464351986823,-0.017860065636170826,0.6774765340736282,0.5356609510170496,-0.04105380236483876,0.6435747089343345,0.5266728075712555,-0.05626296047930141,0.8130300421922492,0.5946154732939477,-0.009169147164220369,0.7325613974093087,0.5361641119662791,-0.039549824931174433,0.6807800486458654,0.5340389252676823,-0.058243577361261456,0.6466863117533472,0.5284524235190996,-0.06749766908719351,0.839107311729522,0.6152163920864138,-0.031172918718590077,0.7415812989805807,0.6099438543399498,-0.06279440470682848,0.7363295015266355,0.6850340991662216,-0.058243814638101854,0.7512555997886086,0.7290120218959216,-0.047723829844177376,0.8516419757866707,0.6539566332373078,-0.05493439858617266,0.7677747536023265,0.6537451998518344,-0.07562216469244155,0.7561432236589543,0.7082169451611747,-0.06741319836262769,0.7672529880813606,0.743591601738101,-0.056621908527862065,0.0,0.0,0.0,0.0,0.0,0.0,0.0,0.0,0.0,0.0,0.0,0.0,0.0,0.0,0.0,0.0,0.0,0.0,0.0,0.0,0.0,0.0,0.0,0.0,0.0,0.0,0.0,0.0,0.0,0.0,0.0,0.0,0.0,0.0,0.0,0.0,0.0,0.0,0.0,0.0,0.0,0.0,0.0,0.0,0.0,0.0,0.0,0.0,0.0,0.0,0.0,0.0,0.0,0.0,0.0,0.0,0.0,0.0,0.0,0.0,0.0,0.0,0.0,0.3604493073889848,0.4130671120869504,0.02831827502209213,0.41185430551571134,0.41277983327155543,0.012236328884887881,0.4915884927005414,0.40309499512874436,0.0037226721847817626,0.5461364771258024,0.38609201019838496,0.009436512551627963,0.4527226123161363,0.5066608041207257,-0.06844902940354439,0.45609534626084325,0.5240757370993011,-0.03526593570710661,0.4509372170001732,0.48966707386136876,-0.07313376457871525,0.4495559290584983,0.4670541526663333,-0.06848321593506129,0.4384980018174374,0.492087415007587,-0.07061136459550345,0.4638583840114123,0.48801755479724157,-0.07257100948591691,0.41720621491029697,0.5978186471175375,0.011417812009690803,0.5136753642811387,0.5896443213448392,-6.630462681659981e-05,0.4623670956841138,0.5634229336551637,-0.03605789358076318,0.46736185836575694,0.6272169414801234,-0.019870560965034503,0.4015061055323368,0.6012988044258973,0.014399498782722005,0.5315137834304019,0.58213690985187,0.0011846571125733929,no,2025-11-18T07:29:08.592365
0.840635713045389,0.8581539901644305,-1.6095480153318757e-07,0.7688554442303173,0.8074873945405736,-0.0041652604125356615,0.7201988676860818,0.7256568723507273,-0.012907956094867688,0.6780488168999226,0.6771564309401239,-0.028075401134026907,0.6293726933268053,0.6473990272762759,-0.04310850142073573,0.7706301868143244,0.6016592851091024,0.007445802660753408,0.714052392297964,0.5476482021498172,-0.01873934522873805,0.6753398223842567,0.5212907635563153,-0.040195826735979635,0.6432860763051647,0.4976743893012222,-0.054896767162105536,0.8038290331467532,0.5958737204192517,-0.0116199570710931,0.7324859737634006,0.5305014287801519,-0.04254953617252405,0.6818866707271991,0.5118142784125734,-0.061934879511672064,0.6443387847104444,0.4923477904529397,-0.07171748500383998,0.8331844394226529,0.6134814708463685,-0.03367768163061824,0.7396209131049449,0.6089477179090343,-0.06918667380088205,0.7336287526573149,0.685763867171917,-0.065912851954919,0.7469318946857166,0.7307888018472375,-0.05467716423103244,0.8495034391415043,0.6516515818373887,-0.05729955497116784,0.7667935455004278,0.6541680522822557,-0.08052806232668952,0.755848622031885,0.7110122640081997,-0.07244504362883124,0.7678205402996067,0.7467646872444778,-0.06114904924345564,0.0,0.0,0.0,0.0,0.0,0.0,0.0,0.0,0.0,0.0,0.0,0.0,0.0,0.0,0.0,0.0,0.0,0.0,0.0,0.0,0.0,0.0,0.0,0.0,0.0,0.0,0.0,0.0,0.0,0.0,0.0,0.0,0.0,0.0,0.0,0.0,0.0,0.0,0.0,0.0,0.0,0.0,0.0,0.0,0.0,0.0,0.0,0.0,0.0,0.0,0.0,0.0,0.0,0.0,0.0,0.0,0.0,0.0,0.0,0.0,0.0,0.0,0.0,0.35879951379047015,0.41421142703232106,0.028981814288885726,0.4097886575510228,0.4136874205839894,0.012747400484943484,0.4902763314590277,0.4042672753868667,0.004120546310134993,0.544221748179753,0.38651967200554926,0.009854846726816103,0.45061542257404563,0.5064664706428976,-0.06878877136986301,0.4540609610323,0.5241925669215377,-0.03558539698422671,0.4488292214885586,0.4894783725220006,-0.07343043283314271,0.44747441786215014,0.4670251429969087,-0.06865218896022932,0.43641551411329327,0.49191577292871264,-0.07088131802897196,0.46177380686910185,0.4878665187545168,-0.07286740843901864,0.4156026328829668,0.5994714966868968,0.010907485286413929,0.5113048118479058,0.5909202141277724,-0.0007944468762435462,0.4602189700479819,0.5649010019685731,-0.036680381942077796,0.46535011672865484,0.6286358268878278,-0.020677355292485725,0.3995614843915346,0.6018169201134156,0.013934271916582112,0.5299580857631288,0.5827625595974133,0.0004951381843975411,no,2025-11-18T07:29:08.753062
0.838238982411519,0.8572149829343119,-1.1072386210213066e-07,0.7684430140444036,0.808929366930855,-0.005207979265968797,0.7190423895753865,0.7262368824873143,-0.013904445954326144,0.6769184607170359,0.6781958850524289,-0.028874603297180366,0.6280996090306512,0.64859242197287,-0.04382225728845567,0.7670765549035153,0.6034412021839914,0.0062923374260316686,0.7128565377265119,0.5474481636130556,-0.019012976776096452,0.6761967263681385,0.5151478570398459,-0.03943577051008061,0.6444896892298528,0.4846957542590706,-0.05383524992705439,0.8013421987347078,0.5961531435310065,-0.012694730842633733,0.7331076979279192,0.527864159910477,-0.044072659956403054,0.6825556445810526,0.503896078491565,-0.06361183454100182,0.643127202041883,0.48083097420786935,-0.0733362469639237,0.8321160765896071,0.6122903868075379,-0.034612334939721656,0.7401297634029058,0.6077438114901464,-0.07179212631818471,0.7341118767005904,0.6854346848886776,-0.06876501528691346,0.746907524300561,0.7308745258740277,-0.05703046454702333,0.8500487116342745,0.6497992678054436,-0.058039697198723456,0.7675679010232241,0.6527651164960473,-0.08244932281125583,0.7573203621843843,0.71085743105157,-0.07427434310586231,0.7701769487215044,0.746741785379441,-0.06264350734210289,0.0,0.0,0.0,0.0,0.0,0.0,0.0,0.0,0.0,0.0,0.0,0.0,0.0,0.0,0.0,0.0,0.0,0.0,0.0,0.0,0.0,0.0,0.0,0.0,0.0,0.0,0.0,0.0,0.0,0.0,0.0,0.0,0.0,0.0,0.0,0.0,0.0,0.0,0.0,0.0,0.0,0.0,0.0,0.0,0.0,0.0,0.0,0.0,0.0,0.0,0.0,0.0,0.0,0.0,0.0,0.0,0.0,0.0,0.0,0.0,0.0,0.0,0.0,0.35680916737191964,0.41523340585796503,0.028550650988415548,0.40819115406523765,0.41567382847131595,0.012316300556045818,0.4887293551139743,0.406083968308477,0.0035566018945168785,0.5430236405464806,0.38780163304466764,0.009219565009554825,0.4485908680396092,0.5092661492447124,-0.06827996524115823,0.45220089913625955,0.5267421579610435,-0.03511405972093702,0.44675775754527414,0.4922939802148959,-0.07297177188441537,0.4453776169701681,0.4697338253703721,-0.06831053206499167,0.4344481630930236,0.4947074406216134,-0.07042275914361348,0.45962872806147353,0.4906529028508836,-0.07242416965191478,0.41460758870977865,0.6014970179128454,0.01112044795727695,0.5100538513127468,0.5922523460146156,-0.0007193945757899656,0.4589125534234203,0.5669767894936555,-0.03613547804369743,0.46420226764624883,0.6303580717157035,-0.019855195277952438,0.39891561355940713,0.6038682002186035,0.014241837218321327,0.5278192840753357,0.5845443409406744,0.000630542235331174,no,2025-11-18T07:29:08.931007
0.8360565146070198,0.8575215317942281,-2.2700054903614685e-07,0.7680226394627688,0.8088425611776773,-0.0028483352653661358,0.7203600550610545,0.7249923361735431,-0.009933842653738137,0.6804562279533513,0.6759519533466032,-0.023687205841574285,0.6325310412115689,0.645052407962143,-0.03748207747596488,0.7695808127567809,0.6039330182176976,0.011992699403805058,0.7159891757503104,0.5489281740707033,-0.014193030243383462,0.6765601794949518,0.5207850894181316,-0.036258194669307846,0.6412573077077304,0.49899534474275553,-0.05110990230560827,0.801965420189116,0.5968891697555392,-0.007419933541751747,0.734459733945115,0.53291627852549,-0.0387115824455954,0.6817083204136952,0.5153099700929504,-0.05875290895255352,0.6398162837067936,0.4996247623496012,-0.06859896126219905,0.831353728592884,0.6120305679498199,-0.030127559626044548,0.7416002127122714,0.6089554488072833,-0.06634747454045622,0.7377911664119712,0.6846026111325407,-0.06373954049384145,0.7513989766602445,0.7283687528814718,-0.0527240648056791,0.8488315893891435,0.6478882632438473,-0.05426108014516766,0.7681438168923036,0.6517972754454419,-0.0779131158548047,0.7606068640221848,0.7093734641658453,-0.06992780633405336,0.7753321238434793,0.743301011012093,-0.058688252156259,0.0,0.0,0.0,0.0,0.0,0.0,0.0,0.0,0.0,0.0,0.0,0.0,0.0,0.0,0.0,0.0,0.0,0.0,0.0,0.0,0.0,0.0,0.0,0.0,0.0,0.0,0.0,0.0,0.0,0.0,0.0,0.0,0.0,0.0,0.0,0.0,0.0,0.0,0.0,0.0,0.0,0.0,0.0,0.0,0.0,0.0,0.0,0.0,0.0,0.0,0.0,0.0,0.0,0.0,0.0,0.0,0.0,0.0,0.0,0.0,0.0,0.0,0.0,0.3556593499117746,0.4164571625141723,0.028287954660453234,0.4069962996554902,0.4165230722966855,0.011829053528597974,0.4877243475999788,0.40616993458415485,0.0025713876613697078,0.5418213281200726,0.38813350387642165,0.0078484453493012,0.4474314269044405,0.511004393916332,-0.06784900576840054,0.4510896104634774,0.528307883751945,-0.034568484189363126,0.4455852478150336,0.4940316808690141,-0.07264642577789913,0.4442511195383601,0.4713194474799935,-0.06818102453736338,0.4332899800841476,0.496418150905251,-0.0700502162119263,0.45847557337560063,0.4923834124850121,-0.07216591575356779,0.41385522696444743,0.6025174377226733,0.012046149966001337,0.5088990221949171,0.5933838050244434,-0.0005057739094991348,0.4579713354675848,0.5682670195198533,-0.03543932647712139,0.46326609587642337,0.6311592318569972,-0.018603669290256145,0.39857804520305107,0.6055948803007233,0.015290780119556667,0.5265115242569824,0.5867682596903843,0.0008780581736348253,no,2025-11-18T07:29:09.086906
0.8390833060076572,0.8598676313031504,-4.5654897152270654e-07,0.7693763886438905,0.8080323743483754,-0.0009916062190652632,0.7242525887945653,0.7240093655087991,-0.007399236704387603,0.6867046986496035,0.6730979957258071,-0.020429167712943362,0.640703079256755,0.6374747329861221,-0.03334394853392236,0.7791223980509063,0.601405462508507,0.01604163596989836,0.7216741459138667,0.5562291009685334,-0.011555987960480955,0.6784024020548337,0.550454525194982,-0.03538706902375896,0.6431977559027391,0.5510302091164492,-0.05013729246616626,0.8098052763653862,0.59626619604377,-0.0022256123950142883,0.7351489841848531,0.5456710313182564,-0.03160727915589697,0.6812770289354853,0.5502453051567963,-0.0506329478807844,0.6427281794567751,0.5523766445186116,-0.060078262253747766,0.836542012602335,0.6120191823570968,-0.02407353502956118,0.7451148913597978,0.611911836237214,-0.05690949332474872,0.7415691841180797,0.6862890088896346,-0.054273740607676646,0.7562338988068068,0.7301839856726848,-0.04478413868376244,0.8518679715038826,0.6462141971679594,-0.04729515275325743,0.7710717241485902,0.6510060631739996,-0.0695768478938664,0.7619595721001274,0.7085581670099094,-0.062413993441241426,0.7745195780235767,0.7434186522593577,-0.05215732144081661,0.0,0.0,0.0,0.0,0.0,0.0,0.0,0.0,0.0,0.0,0.0,0.0,0.0,0.0,0.0,0.0,0.0,0.0,0.0,0.0,0.0,0.0,0.0,0.0,0.0,0.0,0.0,0.0,0.0,0.0,0.0,0.0,0.0,0.0,0.0,0.0,0.0,0.0,0.0,0.0,0.0,0.0,0.0,0.0,0.0,0.0,0.0,0.0,0.0,0.0,0.0,0.0,0.0,0.0,0.0,0.0,0.0,0.0,0.0,0.0,0.0,0.0,0.0,0.35400443482069444,0.4182327023222259,0.029640080423254687,0.405099491194513,0.4181073472769591,0.012263781629498314,0.48434547269773265,0.4066811420090269,0.0016876313789888305,0.5391235785268942,0.38860425744568,0.0062232792959189915,0.44361061437022714,0.5124193755889949,-0.06817186028247182,0.44775323063438,0.529259874826946,-0.03467415239028722,0.4416526093782886,0.49550677003808374,-0.07301187222909278,0.4403521862845685,0.4726925544551762,-0.0685661666323139,0.4294274773152901,0.4979300810115931,-0.0702604609201607,0.45460273996729555,0.4937360097789212,-0.07267556433187156,0.41102516756986257,0.6037591456305933,0.013155263400018128,0.5069678967461859,0.593616970413833,-0.001273042685406847,0.4543542270942965,0.5697151581096886,-0.0355158760458584,0.46028302180753544,0.6321696866529859,-0.018071991296863377,0.3968401091465161,0.606321993926149,0.016577077161500097,0.5243052115723084,0.5869654069772264,2.7096671954154048e-05,no,2025-11-18T07:29:09.274973
0.838012244310515,0.8612463170820867,-5.725146492470184e-07,0.7692217784398346,0.8095442557166681,-0.00202487563730631,0.7259129321803333,0.7260476503123067,-0.009147823748726814,0.690266283078769,0.6732848126727027,-0.02230379814416995,0.6447721407579093,0.636077204044178,-0.03526592260141667,0.7851799953740249,0.599310348870907,0.014550916602026055,0.7238668807629484,0.5611002675424485,-0.015123201343607558,0.6777265856919523,0.5672212084345118,-0.0399808790719066,0.6419765854327538,0.5791929614803742,-0.0545500255483402,0.815249056801849,0.5959936906255685,-0.002631236152974726,0.7344644755080302,0.5529447721650944,-0.03276843650850002,0.6813403031316068,0.5732076268673385,-0.05046242187358922,0.6468752770433748,0.585167595101713,-0.05833724089669505,0.8405783485920457,0.613552183465612,-0.023696956882611343,0.7472956620800454,0.6158204987498631,-0.056819902344342095,0.7451519483593938,0.6916731578280724,-0.05386818630406148,0.7621078928352576,0.7340651883891683,-0.044182400571448746,0.8542921829641605,0.6485714664504958,-0.04616118575615867,0.7733303865055237,0.6544749837869357,-0.0695874148820204,0.7633914150116268,0.7125030284073748,-0.06327098382670554,0.7751907782772303,0.7463600429112951,-0.05329430357497965,0.0,0.0,0.0,0.0,0.0,0.0,0.0,0.0,0.0,0.0,0.0,0.0,0.0,0.0,0.0,0.0,0.0,0.0,0.0,0.0,0.0,0.0,0.0,0.0,0.0,0.0,0.0,0.0,0.0,0.0,0.0,0.0,0.0,0.0,0.0,0.0,0.0,0.0,0.0,0.0,0.0,0.0,0.0,0.0,0.0,0.0,0.0,0.0,0.0,0.0,0.0,0.0,0.0,0.0,0.0,0.0,0.0,0.0,0.0,0.0,0.0,0.0,0.0,0.34782328808142876,0.4219906146861221,0.0339643666600679,0.3966555644649399,0.42059622038759453,0.014034863214937604,0.475280347885846,0.4091290939632689,-0.000640651609229342,0.5301391103159984,0.38990819649952,0.0013587718189049017,0.43107676795667427,0.5154443844211607,-0.06732455343248996,0.43682109311374456,0.5322567594082546,-0.03414835577514067,0.4289105303437464,0.4987718197819966,-0.0721584283099142,0.4279735459497107,0.47630343102473777,-0.06781188809520969,0.4171519292370594,0.5012967146047651,-0.06894861695519372,0.44181927629182194,0.49698554524895766,-0.07228589849822833,0.4028679137753183,0.6060207962459302,0.015689578148692804,0.49790096011091645,0.596543256458595,-0.0042097534402546505,0.44086460794431165,0.5729881902361035,-0.035108259658533106,0.4480838232635776,0.6358450168856817,-0.017492880531775862,0.39091507281704774,0.6092429178252724,0.019616645326827588,0.515972667469809,0.589944285672451,-0.0032606279337925917,no,2025-11-18T07:29:09.419189
0.8394154439402306,0.8616880920794803,-6.286794366220397e-07,0.7696074226137772,0.8096025836383633,-0.003007170585996676,0.7259497362489343,0.7264630870694528,-0.011237561682978854,0.690099493525316,0.6720783630528888,-0.025000319304619385,0.6444111310326412,0.6321677757777348,-0.0386020168937221,0.7873889619490211,0.5980367414367962,0.012107091831570183,0.7235287730040023,0.5634118731682731,-0.01872368333647234,0.675738373908293,0.5758224348332532,-0.044194067837573785,0.6396943283303906,0.5934610492120957,-0.058906333489120666,0.8169863974976805,0.5955435896594029,-0.004349313353313983,0.7327035114146749,0.5573853814209871,-0.03490444495634409,0.6795557867033614,0.5855915894747001,-0.051892400209794375,0.6471267416482133,0.6020557027823323,-0.05912393305802007,0.8414272820726647,0.6143431219242275,-0.02475289800501636,0.7475667815977314,0.6168360270486528,-0.057712345189748215,0.7461111900343417,0.6927352836812634,-0.05443295865212325,0.7647156337917438,0.7335786886121562,-0.044893931307963104,0.8543270075530184,0.6498632307075477,-0.046556001432156484,0.7727808932592468,0.655694817590413,-0.07065622032753441,0.7628201741634519,0.7144543292595346,-0.06468544042686061,0.7753163316358685,0.7481200293806811,-0.05486669518491643,0.0,0.0,0.0,0.0,0.0,0.0,0.0,0.0,0.0,0.0,0.0,0.0,0.0,0.0,0.0,0.0,0.0,0.0,0.0,0.0,0.0,0.0,0.0,0.0,0.0,0.0,0.0,0.0,0.0,0.0,0.0,0.0,0.0,0.0,0.0,0.0,0.0,0.0,0.0,0.0,0.0,0.0,0.0,0.0,0.0,0.0,0.0,0.0,0.0,0.0,0.0,0.0,0.0,0.0,0.0,0.0,0.0,0.0,0.0,0.0,0.0,0.0,0.0,0.35620142322696313,0.4199892488885475,0.02842558501688116,0.4078960294315285,0.4182354402013504,0.011862706685437638,0.48789781501996465,0.4076191687973159,0.002762829453012697,0.5417209674066106,0.3889240334285167,0.008224664782747042,0.4485602840361298,0.5122258297628417,-0.06849150583268479,0.4525046745695295,0.5297713464514112,-0.03486036221338458,0.44667034185682497,0.49534192845808356,-0.07335263976383047,0.4453462249840564,0.4729052944136598,-0.0688699839693654,0.434445888448562,0.49793612244768437,-0.07075413583393536,0.4595795998368137,0.49362472717522193,-0.07283160113867677,0.41437609520190627,0.6045981585714209,0.01176228386311231,0.5104277716394732,0.5957662781163824,-0.0005832927243454864,0.4573534504841874,0.570630837471491,-0.03590132797286797,0.4631994095146318,0.6344184336309054,-0.01852238245736952,0.4012980793210071,0.6085176178462757,0.015048259652214558,0.5287928847145187,0.5888382705656414,0.000871159562368035,no,2025-11-18T07:29:09.615420
0.8413680260396343,0.8650167955590883,-6.609676180276427e-07,0.770896225106556,0.8110101646142867,-0.001207370755768949,0.7273427704033673,0.7260113098559087,-0.008155429027413123,0.6919269044507989,0.6721402068693857,-0.021011868701653755,0.6474596779983915,0.6336072481412478,-0.03380474822108819,0.7909766045401844,0.6002199228710318,0.014861535684469001,0.725939855185244,0.5674765316578365,-0.015690846786695634,0.6775012510582268,0.5828509142054145,-0.04128989158659066,0.6409069573990668,0.6030966404145348,-0.05601913387224111,0.820417829152359,0.5982833338120928,-0.0023845561503595264,0.7353056989599009,0.5606745463413683,-0.03272646870144294,0.6816575592032736,0.591818707716476,-0.049770947756712605,0.6496422327759346,0.610901789951652,-0.05694535920572112,0.8444962876923687,0.6178742127012342,-0.02353409298378612,0.7500196507361521,0.6198032278530923,-0.056048016432373726,0.7472880958087205,0.6959866429907628,-0.05301939524190845,0.7657131960004862,0.7367101345015432,-0.04371833600529609,0.8566999656066483,0.6541466054927814,-0.04595790705453154,0.7751117040778198,0.6593819136856485,-0.06970312208469616,0.7645867416589812,0.7179030658043126,-0.06388603467037,0.7771558631712974,0.7508603431834588,-0.054248614872202366,0.0,0.0,0.0,0.0,0.0,0.0,0.0,0.0,0.0,0.0,0.0,0.0,0.0,0.0,0.0,0.0,0.0,0.0,0.0,0.0,0.0,0.0,0.0,0.0,0.0,0.0,0.0,0.0,0.0,0.0,0.0,0.0,0.0,0.0,0.0,0.0,0.0,0.0,0.0,0.0,0.0,0.0,0.0,0.0,0.0,0.0,0.0,0.0,0.0,0.0,0.0,0.0,0.0,0.0,0.0,0.0,0.0,0.0,0.0,0.0,0.0,0.0,0.0,0.35678063979703717,0.4190000100815571,0.0296899366678172,0.4073102859054539,0.4191006815169197,0.01255139304045532,0.4879583426868317,0.4080872488216468,0.0024740452814282733,0.5433778369995852,0.3900986467725469,0.007291143790639645,0.4464772127358765,0.51387522777052,-0.0692462671554152,0.45059714216776797,0.5310180279620338,-0.035259291952615714,0.4446624161638556,0.49702966295474216,-0.07416157294773974,0.4435784313482675,0.47431213474039924,-0.0696435376098925,0.43221052023212403,0.49945932270608095,-0.07143614574609022,0.45787046002315845,0.49532695623516343,-0.07373955112485367,0.4116015212070627,0.6047837406264239,0.01264407258927076,0.5095848136304055,0.596526221438486,-0.0010467201558708454,0.4565301724409615,0.5712225680506259,-0.036032148348917006,0.4615697873979638,0.6343258647742083,-0.018948329950031616,0.39863096347909177,0.608381942344082,0.01603578858403231,0.5282036497032219,0.5896696702941122,0.00030668149178013934,no,2025-11-18T07:29:09.775739
0.8413602444040945,0.8675482160664398,-6.783247757106432e-07,0.7716210628210698,0.8133774015286399,-0.0015470382536498877,0.7285492052166372,0.7277072538106295,-0.008296192735152837,0.6938898900801662,0.673630041865479,-0.020839509659149782,0.6501232942661483,0.6355746883520875,-0.033234596259320154,0.7933096988593713,0.6016134707185816,0.01508078651189936,0.7279496119454967,0.5692136390970457,-0.01579891166130598,0.6794257709167629,0.5858631635731968,-0.041501085974717564,0.6427607077415867,0.6073149623009259,-0.05609659989498572,0.8224751690012283,0.6006664848496194,-0.0018535880582954065,0.7369876068079839,0.5641567101976617,-0.032286639416854016,0.6839173468585643,0.5968492714226301,-0.04914608608302721,0.6528273839355747,0.616041817808315,-0.056057603034137836,0.8463542649094168,0.6209820546900794,-0.02283876665243698,0.7520533706142003,0.6227205583807393,-0.05545764947108875,0.749228709864962,0.6987846864035998,-0.05249988760539503,0.767805864910796,0.7383939640498591,-0.04318678278688877,0.8585135152988228,0.6574158339506143,-0.04514665480142234,0.7772920275760193,0.662070029747411,-0.0690503220286762,0.7664947782620468,0.7202900291103472,-0.06346208760286232,0.7789187962440044,0.7523027707166379,-0.05392267866169666,0.0,0.0,0.0,0.0,0.0,0.0,0.0,0.0,0.0,0.0,0.0,0.0,0.0,0.0,0.0,0.0,0.0,0.0,0.0,0.0,0.0,0.0,0.0,0.0,0.0,0.0,0.0,0.0,0.0,0.0,0.0,0.0,0.0,0.0,0.0,0.0,0.0,0.0,0.0,0.0,0.0,0.0,0.0,0.0,0.0,0.0,0.0,0.0,0.0,0.0,0.0,0.0,0.0,0.0,0.0,0.0,0.0,0.0,0.0,0.0,0.0,0.0,0.0,0.3428265410212603,0.42122221509040775,0.04094435216493277,0.3898344679372774,0.4210463064776829,0.01780917758913683,0.4680095915275513,0.4119034981824909,-0.002232194927921804,0.5240041417168031,0.39361464256676204,-0.0037047248180919856,0.41749437562071534,0.518198838631964,-0.06677766013920625,0.4248505259493396,0.5359068559114063,-0.034223258706810936,0.4153683901745944,0.5014653806030425,-0.07145470315945107,0.4153967546126561,0.4790532033431763,-0.06699841241494686,0.4039809183897589,0.5037704688386209,-0.06764062933294883,0.42848570966207666,0.5001319448763097,-0.07220198592438438,0.3925220408207021,0.6070371404223887,0.01796917503922805,0.48673431541314893,0.6016842504363451,-0.008748827133971418,0.4298110995757359,0.5761512937623277,-0.035316169583613395,0.43570047683267943,0.6395917549044992,-0.01932547537717073,0.3814697348647366,0.6113361494900647,0.02238554828031791,0.5065033800321606,0.5968745478145213,-0.00846488459763534,no,2025-11-18T07:29:09.941824
0.8435259626561489,0.8693572524595657,-6.822380002187853e-07,0.7720445764392214,0.8140670762945629,-0.001162738243011667,0.7283397132917597,0.7285416061266587,-0.008424455821373758,0.6922852863696577,0.6738287722011264,-0.021492053341437646,0.6477209608118156,0.6340401718203919,-0.034430973235231824,0.793461417337019,0.6024024530278241,0.014687578760386174,0.7278911732651525,0.5704568676137084,-0.016274105861981192,0.6788192067932204,0.5871219587835924,-0.04215402889646313,0.6420506903557024,0.6082557827995565,-0.05696842516373851,0.8223097492745552,0.6015673685158132,-0.0025758374355075546,0.7361614784223025,0.5668340022812954,-0.032903967005332525,0.6821427361486272,0.6000255687862662,-0.0495689977487785,0.6508583435714861,0.6195902717829569,-0.05648860937493998,0.8458666597278865,0.6224444229501269,-0.02384932011519468,0.7512262118554858,0.6245085989115915,-0.05585897420432394,0.7486106723191082,0.6999405509616571,-0.05253973280881152,0.7677954388164057,0.7392855592954374,-0.04331426831068739,0.8576935137834446,0.6595165266993519,-0.04643152629676162,0.7759842944658051,0.6635484664499385,-0.06994404398037966,0.7650645213655968,0.7216809511491831,-0.06407322441113422,0.777682479949166,0.7542034113917204,-0.054451411283191316,0.0,0.0,0.0,0.0,0.0,0.0,0.0,0.0,0.0,0.0,0.0,0.0,0.0,0.0,0.0,0.0,0.0,0.0,0.0,0.0,0.0,0.0,0.0,0.0,0.0,0.0,0.0,0.0,0.0,0.0,0.0,0.0,0.0,0.0,0.0,0.0,0.0,0.0,0.0,0.0,0.0,0.0,0.0,0.0,0.0,0.0,0.0,0.0,0.0,0.0,0.0,0.0,0.0,0.0,0.0,0.0,0.0,0.0,0.0,0.0,0.0,0.0,0.0,0.34264035312076047,0.4220909800103375,0.03926939860734775,0.3893928847559922,0.422628054910251,0.01649304564506733,0.46892347953109437,0.4126939761687296,-0.0028457476540609756,0.5252696177505677,0.3943731450767923,-0.0036938066983577596,0.4190212583116852,0.5211386634909393,-0.06822096491247574,0.42620121066467986,0.5379172586651606,-0.03471791196012639,0.4168635070780351,0.5045079888969497,-0.07311976296073178,0.4167088144372561,0.481825860380542,-0.068787543825586,0.40512057029316895,0.5067612817921284,-0.06937677632852848,0.4302604438040837,0.5029765566495044,-0.07376271302945483,0.3929144014003794,0.6086228556897862,0.019242965049294753,0.49001557362969306,0.6021857748439507,-0.006900140133076889,0.4329415606492647,0.5772002251186974,-0.035293005567697044,0.438893154595043,0.6396778531030369,-0.017574378839298334,0.38212021110321337,0.612555045741889,0.023615654297987287,0.5094043198683752,0.5971364144559668,-0.00648726901403371,no,2025-11-18T07:29:10.103298
0.8407743953791303,0.8694012285971839,-6.780514305097312e-07,0.7712708002492585,0.8144586139167058,-0.0018106707985912928,0.7284566668055631,0.7293145028046929,-0.009278456475515513,0.693812810869384,0.6744648771951525,-0.022431129848743115,0.6496039172192623,0.6344989512952515,-0.035400420429042075,0.7920091922977361,0.6040598473959464,0.014102537468225094,0.7269535791386035,0.5725169207644043,-0.017853166960278888,0.677689714947895,0.5887868082778283,-0.04402729676861178,0.6402597759677987,0.6097949043296946,-0.058641372595783364,0.8212672854210453,0.602571507696551,-0.00277641037773777,0.7353327016344758,0.5655778197174605,-0.03441031349317243,0.6810804911612429,0.5993910900667323,-0.051204404820047934,0.6494930689186166,0.6210039800763539,-0.05756328369745591,0.8450598912672178,0.6223974982449304,-0.023738258742563904,0.7503768331158532,0.6261688368856053,-0.05702184552742156,0.7477384492576986,0.7024430278135159,-0.053837184113732506,0.7667464292299039,0.7427055094832289,-0.04394773648173682,0.8571455580754228,0.658443576812887,-0.04602060454757362,0.7758571541565781,0.6642414613991788,-0.06986351188338785,0.764672122266508,0.7224937737141637,-0.06395862477308725,0.7766928656555064,0.7548518640057967,-0.053998921844450765,0.0,0.0,0.0,0.0,0.0,0.0,0.0,0.0,0.0,0.0,0.0,0.0,0.0,0.0,0.0,0.0,0.0,0.0,0.0,0.0,0.0,0.0,0.0,0.0,0.0,0.0,0.0,0.0,0.0,0.0,0.0,0.0,0.0,0.0,0.0,0.0,0.0,0.0,0.0,0.0,0.0,0.0,0.0,0.0,0.0,0.0,0.0,0.0,0.0,0.0,0.0,0.0,0.0,0.0,0.0,0.0,0.0,0.0,0.0,0.0,0.0,0.0,0.0,0.36067003651330687,0.4205807609345053,0.02416237661989249,0.4126777212743279,0.4198968757655961,0.0092822059124009,0.49237410734786835,0.4086688751006612,0.0029599069260455887,0.5451520632278535,0.3910381924972737,0.010054680173379332,0.45637600598594363,0.5148890591662765,-0.06911013615325173,0.45947452696510666,0.532187164984741,-0.034811080486298315,0.45469336511986624,0.49801443527489087,-0.07423354110303511,0.4532610115086366,0.4753414700624405,-0.07004378679011233,0.4420996848896646,0.5004884447176279,-0.07193726783536104,0.4676838935004763,0.49627683561578306,-0.07338954789165193,0.4180157268585225,0.6061508987082354,0.012020888454838655,0.51614097124783,0.5974849705900052,0.003462914353075632,0.4654659354206864,0.5733935788889233,-0.034733980974509,0.470036365257574,0.6356147382237292,-0.016900284025154633,0.4044956362141433,0.6102147196025118,0.014928995035995873,0.5343366356421955,0.5903320493338489,0.005094292543871683,no,2025-11-18T07:29:10.277657
0.8412593197388969,0.8689355314624408,-6.863086216870215e-07,0.7713673058234055,0.8148778703433627,-0.003081578279818851,0.7286879672299911,0.7305658443417233,-0.011043864199856594,0.6945785996771694,0.6758127191399499,-0.02437285533089669,0.6506939301977659,0.6366780685679291,-0.03751848451879178,0.7937665073026614,0.6035057466235408,0.012319326542392539,0.726781195973797,0.5722695899998932,-0.019605001460810373,0.6774074652391453,0.5899991232284222,-0.04584973954508012,0.640514151976209,0.6124440677654333,-0.06068508623766715,0.8226939332855501,0.6024724048397153,-0.003966585473699813,0.7351969649548875,0.5666581465664176,-0.03503588436849917,0.6818279479026277,0.6005177732266492,-0.051843510488193786,0.6508220883533513,0.6209233674586023,-0.05869831574742486,0.8461285033442565,0.6229083021257764,-0.024380412530537934,0.7508745554262586,0.6264204033880999,-0.05723119919396,0.7491251669735148,0.7016650261080671,-0.05425547634684619,0.7685649532204513,0.7405189501342231,-0.045034998436724503,0.8578224829218362,0.6594331297875164,-0.04624189802841022,0.7760443407425346,0.6647246025219467,-0.07019920213181272,0.7654747773541097,0.7226579517202868,-0.06461725124362218,0.7779151491153662,0.7546882262953483,-0.055157734470113184,0.0,0.0,0.0,0.0,0.0,0.0,0.0,0.0,0.0,0.0,0.0,0.0,0.0,0.0,0.0,0.0,0.0,0.0,0.0,0.0,0.0,0.0,0.0,0.0,0.0,0.0,0.0,0.0,0.0,0.0,0.0,0.0,0.0,0.0,0.0,0.0,0.0,0.0,0.0,0.0,0.0,0.0,0.0,0.0,0.0,0.0,0.0,0.0,0.0,0.0,0.0,0.0,0.0,0.0,0.0,0.0,0.0,0.0,0.0,0.0,0.0,0.0,0.0,0.36881666205262054,0.4187735400093364,0.01866716954112906,0.4221555968584774,0.4189745361341408,0.006543492063472479,0.5026193783218376,0.40768793195607705,0.004707995504905667,0.5548427676445054,0.39049177526761114,0.014511653515091613,0.4699091264499268,0.5145404327413261,-0.06912550872661213,0.4715212698397463,0.5318784421496581,-0.034584640086055156,0.46848873199173396,0.4976886883892078,-0.07438032041580969,0.4667679636019135,0.47494374266252215,-0.07032175333606187,0.4556198241390538,0.5001380366841466,-0.07258135694037987,0.48137833777005934,0.49596094092495696,-0.0730258389449295,0.42596529844112496,0.60521410573191,0.009726869964785407,0.5258238184772323,0.5959340753657271,0.007285566522659366,0.4771437954662713,0.5723491587052496,-0.03427921984640443,0.48070337259117407,0.633873038171618,-0.016633102574985285,0.4120124328083427,0.6099498020753495,0.01215990928953381,0.5434099481368784,0.589342990618844,0.009341041076949975,no,2025-11-18T07:29:10.435216
0.8420141732475918,0.8695778876966287,-6.850081591836897e-07,0.7720300228934684,0.8148778392186937,-0.0028535429076158793,0.7292342908030296,0.7308759681207976,-0.010660231993516124,0.6945006011653364,0.6768611658977948,-0.02381770971188561,0.651014882827307,0.636829360688536,-0.036784122698438934,0.7936646982008912,0.6036195238931303,0.012370651658661747,0.7275703582045652,0.5719233906763688,-0.019776934770892,0.6785118688443194,0.5889758089248496,-0.04593406383370015,0.641421415768912,0.6109384123331103,-0.06056554205083755,0.8224380856937547,0.6021397015462919,-0.003940229174486521,0.7351085330126458,0.5655222571821346,-0.035326131799856844,0.68204578032491,0.6006965456385169,-0.051905481849869865,0.6517590210996645,0.6221197681218488,-0.05823319061490143,0.8457470138181243,0.6223695615815344,-0.02435760601442878,0.7513741137173865,0.6258509282603646,-0.05755138779628553,0.7493316154882528,0.7021902412969077,-0.05452422897082357,0.7688134679260673,0.7410019450931278,-0.044964289928453846,0.8576077546368824,0.6588298099041342,-0.04613030885078348,0.7764518418972225,0.665397919327761,-0.07029151326993353,0.7660765553182902,0.7238079771437891,-0.06469587479354494,0.778911336850545,0.7551792974833827,-0.05499118492829008,0.0,0.0,0.0,0.0,0.0,0.0,0.0,0.0,0.0,0.0,0.0,0.0,0.0,0.0,0.0,0.0,0.0,0.0,0.0,0.0,0.0,0.0,0.0,0.0,0.0,0.0,0.0,0.0,0.0,0.0,0.0,0.0,0.0,0.0,0.0,0.0,0.0,0.0,0.0,0.0,0.0,0.0,0.0,0.0,0.0,0.0,0.0,0.0,0.0,0.0,0.0,0.0,0.0,0.0,0.0,0.0,0.0,0.0,0.0,0.0,0.0,0.0,0.0,0.35645995448994094,0.4238730113453054,0.028504299312834235,0.4065787087113737,0.42354930315084116,0.010869383860175713,0.4853421114650722,0.41416822359026695,-0.00010635346135999448,0.5392288553360008,0.397536720630174,0.004113875708799101,0.444510978902034,0.5188923472414821,-0.06760112467456629,0.44859746672796336,0.5362813326623534,-0.033790911793887796,0.4428232207951376,0.5023402162153253,-0.07274145861760524,0.4419344796904755,0.4799938427954182,-0.06874741599612924,0.4306577653724825,0.5046573540945605,-0.06993171879535473,0.4557331606891526,0.500880981488861,-0.07243665377975388,0.40865493775758793,0.608392798248264,0.014875305396411334,0.5067169749896918,0.6022246391824211,0.0003443367252655349,0.451462627041264,0.5780312854950503,-0.03393797950966996,0.4565335903731169,0.6402405166024411,-0.015719000668099056,0.3974489891502575,0.6127924793534096,0.018435644535449602,0.5239218496215703,0.5964600936084485,0.00167050677538998,no,2025-11-18T07:29:10.598727
0.8406234282146772,0.8697760418269063,-6.830932755492086e-07,0.7702251211574276,0.8139886713679223,-0.0029298241094154014,0.7268214884820354,0.7292904253712813,-0.010824554108540135,0.6916766046846121,0.6747104222261648,-0.02404165131484278,0.6481296810033447,0.6344754618231498,-0.03695545671529212,0.7931217275050629,0.6029267053059402,0.012164844701085281,0.7271937446235228,0.5712973851212807,-0.01968833059725659,0.6776920313288217,0.5883328725429454,-0.04602822730528639,0.6407197010332597,0.6102503748658197,-0.06101929936242058,0.8219922307226251,0.6025710652773879,-0.004167914092909159,0.7343264115392056,0.5673060733542509,-0.03462878111453852,0.6817989164113869,0.6010672359654682,-0.051105426045636726,0.6522140764277466,0.6206088580980949,-0.05800033375070614,0.8452965716177718,0.6237726082348438,-0.024649539175539338,0.7498778045965777,0.6265483858354283,-0.056980697487534475,0.7475603630744029,0.7015175924101573,-0.05359663864007487,0.7669122998447628,0.7402523961438997,-0.04429868174839898,0.85696385928446,0.6613843747377575,-0.04659492986608464,0.7749992688032254,0.6656457668099529,-0.07042022872258846,0.7637226534220846,0.7235392265040997,-0.06464676307798203,0.7757407350298868,0.7561240849675825,-0.05507258847766719,0.0,0.0,0.0,0.0,0.0,0.0,0.0,0.0,0.0,0.0,0.0,0.0,0.0,0.0,0.0,0.0,0.0,0.0,0.0,0.0,0.0,0.0,0.0,0.0,0.0,0.0,0.0,0.0,0.0,0.0,0.0,0.0,0.0,0.0,0.0,0.0,0.0,0.0,0.0,0.0,0.0,0.0,0.0,0.0,0.0,0.0,0.0,0.0,0.0,0.0,0.0,0.0,0.0,0.0,0.0,0.0,0.0,0.0,0.0,0.0,0.0,0.0,0.0,0.3507518366523954,0.42557203972073315,0.029950159758331523,0.4009317403153121,0.42535518543753453,0.011080480204793266,0.4800329338891981,0.4163963272425593,-0.0017515267988617504,0.5351593190254222,0.39932636707854524,0.0015090842066683061,0.4375118228021523,0.5215584632878706,-0.0676333135517874,0.44230827976309817,0.5384469257248687,-0.033664699301213116,0.4356426246492778,0.5050514135638242,-0.07283689196057988,0.4347868032340622,0.4825937413945429,-0.06892248235967503,0.4235430613676149,0.5073270629534997,-0.06982856024744886,0.4486612282766289,0.5035218422630614,-0.07273703476131402,0.403847863084841,0.609483641059862,0.016644234558986382,0.5020920974096256,0.6035665229584438,-0.0006241289114315052,0.44609142869111085,0.5795439997764864,-0.033859405676642265,0.4512811349912078,0.6410860252079589,-0.014603219669694965,0.39315049469338437,0.6144260701324848,0.020484206541492272,0.519525886721033,0.5979275651529181,0.0006014008648980388,no,2025-11-18T07:29:10.751374
0.8380293199365775,0.8682450212644053,-6.692967528224245e-07,0.7679110236848692,0.8129112351266339,-0.0032320393637022323,0.7244730027229971,0.7289145884867271,-0.011582874447335759,0.6891443967503413,0.6744499054890742,-0.02515859647410516,0.6452698008478943,0.6333332320960384,-0.038368139183256225,0.7895793776704545,0.6029335727419288,0.011735102877961492,0.7247028209983611,0.5707611629490528,-0.020366936925339186,0.6750464317525151,0.5870402062700231,-0.04689015296393298,0.6377556568291909,0.6083338067890652,-0.06202494995510555,0.8186038197623288,0.6017380034181129,-0.004517723657375008,0.7317881828814192,0.5659251669280563,-0.03509949454889695,0.6795273032545979,0.5992100491617807,-0.051547190816392696,0.6501432787915711,0.6191687841363277,-0.05840012624584696,0.8421780218509086,0.6221425468694971,-0.024956287422731083,0.747132447401362,0.624168443787465,-0.05736397116121719,0.7451972569327856,0.6995381169219366,-0.0539420882862354,0.7646136375532255,0.7395564420409135,-0.04458048909032784,0.8542872003140745,0.6592030380368322,-0.04689472773278216,0.7728796044753127,0.6641468050854269,-0.07101777234817358,0.7617496228383616,0.722303297744161,-0.06550007560432343,0.7735170385716909,0.7555965511889304,-0.05603623837438028,0.0,0.0,0.0,0.0,0.0,0.0,0.0,0.0,0.0,0.0,0.0,0.0,0.0,0.0,0.0,0.0,0.0,0.0,0.0,0.0,0.0,0.0,0.0,0.0,0.0,0.0,0.0,0.0,0.0,0.0,0.0,0.0,0.0,0.0,0.0,0.0,0.0,0.0,0.0,0.0,0.0,0.0,0.0,0.0,0.0,0.0,0.0,0.0,0.0,0.0,0.0,0.0,0.0,0.0,0.0,0.0,0.0,0.0,0.0,0.0,0.0,0.0,0.0,0.36145723837357624,0.42415884238348367,0.020679889325053567,0.4151383015074104,0.4218081779124013,0.007160776888900723,0.49463871773996343,0.4114012755082578,0.0029460622091802315,0.547070696643067,0.3956668739012492,0.011355969509406769,0.46187492769078714,0.5159092842104636,-0.06815615177911712,0.4641824677042343,0.5331893079704666,-0.034044608302459166,0.46024352051460315,0.49914642144637134,-0.07337201071355677,0.45853576397321705,0.47673612653089725,-0.06941805031312875,0.44765691238241584,0.5016239499395032,-0.07133504638792465,0.47301302366323206,0.4974245342125091,-0.0723005739864729,0.4204833456907512,0.6070647744693689,0.011716668156185129,0.5193912258784272,0.5989498474014632,0.006113613342972659,0.46771302088795197,0.5739127059505601,-0.03365551680829088,0.4722838872215942,0.6362509643881133,-0.015823081007418666,0.4073140403621722,0.6106679706169321,0.01432793321788993,0.5372171407672852,0.5903238330162937,0.007874890818088686,no,2025-11-18T07:29:10.935076
0.8367828999432643,0.8667774278723455,-6.772922630084281e-07,0.7675798271042754,0.8128799015446402,-0.0031414664544264946,0.7243296221748683,0.7284623532471934,-0.011013648815567274,0.6896408021292142,0.6731267495623167,-0.024111635641840122,0.6458707996339234,0.632826639260452,-0.036927008885012665,0.7900891234970925,0.603379541145058,0.011893825032287288,0.725177161803807,0.5696549211504297,-0.01988497469737504,0.6756658493143679,0.585571358837984,-0.04589939786639642,0.638495695884383,0.6067964934290175,-0.060639179729997994,0.8190078765922086,0.6019877034054524,-0.004072428373712018,0.7325938168301902,0.5641796518977897,-0.03501659226529797,0.6794065041720835,0.5982522196816746,-0.05134358754813184,0.6490937238703491,0.619718028065936,-0.057799660636599165,0.8422988528920834,0.6218813327437542,-0.024136999425269444,0.7476263180572178,0.6239654660763192,-0.05704189046590065,0.7451004487922442,0.6994597043941195,-0.05383776699510935,0.7640227721266799,0.7396494499537911,-0.04432275875967961,0.8540171052725463,0.6579082237780138,-0.04561451752287378,0.7727515717231299,0.6637051524111064,-0.07003428806436465,0.7617861020647801,0.7221200300385386,-0.06473424036592437,0.7738252412020441,0.7550979718015117,-0.05528179220957955,0.0,0.0,0.0,0.0,0.0,0.0,0.0,0.0,0.0,0.0,0.0,0.0,0.0,0.0,0.0,0.0,0.0,0.0,0.0,0.0,0.0,0.0,0.0,0.0,0.0,0.0,0.0,0.0,0.0,0.0,0.0,0.0,0.0,0.0,0.0,0.0,0.0,0.0,0.0,0.0,0.0,0.0,0.0,0.0,0.0,0.0,0.0,0.0,0.0,0.0,0.0,0.0,0.0,0.0,0.0,0.0,0.0,0.0,0.0,0.0,0.0,0.0,0.0,0.3699192453311973,0.4228200768523711,0.015467094762251315,0.42564685506412236,0.42030968998082835,0.0050316213806836435,0.5046818139996051,0.40909774785868974,0.005840640147264419,0.5550689472213748,0.39316425047773185,0.017232390779219012,0.47685616990484947,0.5133802443028789,-0.06780723795673346,0.4777995802189995,0.53104758825037,-0.03397638342159244,0.4754305170856097,0.4965247013638259,-0.0729602149753468,0.473339976546278,0.4741277387682257,-0.06894741578108754,0.46268755832114417,0.4991127508553336,-0.07148521711290573,0.4879898926261412,0.4947809086496429,-0.07132823308393468,0.43123768016864067,0.6048964514512982,0.008154182293091405,0.5307807858308304,0.595385997385424,0.009171600612864924,0.48154602579622513,0.5704846511148522,-0.03363902122033616,0.4856014039884903,0.6322065848036911,-0.016795555996804254,0.41714671656456237,0.6091174318588353,0.010141257498193217,0.5479110184179291,0.5868955390591112,0.01133558043782385,no,2025-11-18T07:29:11.089378
0.8368553655581037,0.8677384892505038,-6.870055670244654e-07,0.7681421505382979,0.8125652876577724,-0.0028108035543983416,0.7253044106491254,0.7288658692925115,-0.010665343314466367,0.690633675448152,0.67524036385968,-0.023869176224662374,0.647444513843985,0.6352947717138137,-0.036817195767097965,0.7902788783359944,0.6030765739611246,0.012111442808297002,0.7253236437395042,0.5700319307328381,-0.019680221100222935,0.675972846083957,0.587834154684495,-0.04586303196175313,0.6391279758489908,0.6113913309067848,-0.0607142464486658,0.8192692712333449,0.602495751660383,-0.004197953813755371,0.733128717697398,0.5654425884096035,-0.03449373489674429,0.6803185544103367,0.5992030713581713,-0.051057708144483516,0.6501486483102203,0.6201672916399321,-0.058072155825105956,0.8428865609026762,0.6232260300460409,-0.02461418033986155,0.748436964313109,0.6249393642217839,-0.0569194273619281,0.7460112920726663,0.6994940204595415,-0.05405357765658559,0.7651010774638679,0.7385210271524174,-0.04527860499701014,0.8549648059264495,0.6601359360963128,-0.046424947327883194,0.773222447429253,0.664587786862673,-0.07058813432640039,0.7626021200459856,0.7224282241428808,-0.06530845040723778,0.7751755481332181,0.7546532682799063,-0.05615594256720642,0.0,0.0,0.0,0.0,0.0,0.0,0.0,0.0,0.0,0.0,0.0,0.0,0.0,0.0,0.0,0.0,0.0,0.0,0.0,0.0,0.0,0.0,0.0,0.0,0.0,0.0,0.0,0.0,0.0,0.0,0.0,0.0,0.0,0.0,0.0,0.0,0.0,0.0,0.0,0.0,0.0,0.0,0.0,0.0,0.0,0.0,0.0,0.0,0.0,0.0,0.0,0.0,0.0,0.0,0.0,0.0,0.0,0.0,0.0,0.0,0.0,0.0,0.0,0.3569359803640392,0.4242932724502334,0.025483909315429897,0.4096388139465891,0.4231265025049863,0.009486686586855284,0.48883063509294983,0.41388567629274053,0.0013320505875401784,0.5416864342220308,0.3977741317076388,0.007379956639911702,0.45084373543937084,0.5171313657999685,-0.0675895453263377,0.45432358271013146,0.534613731335268,-0.033845603423204286,0.4491989606063653,0.5006371785436988,-0.07271017986678564,0.44805765235280515,0.47853976443130064,-0.06867830268147929,0.4369125546952019,0.5030593105987942,-0.0702128686997329,0.46210108203904565,0.4991012268391647,-0.07208533729158396,0.4121885659554064,0.6073378450760825,0.01308580141915589,0.5115314988056893,0.6009302282783595,0.0021066531404187443,0.45641463067307597,0.5759934847485577,-0.034004649148647884,0.46132635011131057,0.6375383564792229,-0.01598572494979144,0.40161897443218353,0.6115060366291094,0.016307468676829553,0.5292316229575149,0.5936786302396997,0.0036883136794938235,no,2025-11-18T07:29:11.267098
0.8382267424084922,0.8702119310399705,-6.841522334935889e-07,0.7679729693617088,0.814892630134123,-0.0035969630514296512,0.7253346968654715,0.7316018677994083,-0.011848688676981871,0.6910622224172218,0.6777259539482726,-0.02529116012940482,0.648119075798259,0.6382250371191902,-0.03836228649016882,0.7909762693071574,0.6044296606149007,0.01138069838855998,0.7257579994477246,0.5719726630688269,-0.021136934170907673,0.6765797570015579,0.5899632151520009,-0.04786000195554602,0.6399326951045186,0.6137346750244679,-0.06299418291290101,0.8199049391044502,0.603961836239356,-0.004741509950277139,0.7327324406091055,0.5672436786099379,-0.035350155934972066,0.68060166645497,0.6014662789118127,-0.052044909760503744,0.6515072973015488,0.6214158716195266,-0.05909687956760707,0.8433832793164657,0.6249864316852367,-0.02508344077243837,0.7483433965642846,0.6276979059115511,-0.05754562176607185,0.7454261954290333,0.7024539492117806,-0.05443329693130583,0.7643267821801913,0.7403395114266268,-0.04542541872601266,0.855326957149092,0.6627137121334683,-0.04695058037664053,0.7735289936235314,0.6672320321547098,-0.07094999407622318,0.7625476565977761,0.7252002167982318,-0.06527134713850963,0.774821090964955,0.756952073783813,-0.05579645754795124,0.0,0.0,0.0,0.0,0.0,0.0,0.0,0.0,0.0,0.0,0.0,0.0,0.0,0.0,0.0,0.0,0.0,0.0,0.0,0.0,0.0,0.0,0.0,0.0,0.0,0.0,0.0,0.0,0.0,0.0,0.0,0.0,0.0,0.0,0.0,0.0,0.0,0.0,0.0,0.0,0.0,0.0,0.0,0.0,0.0,0.0,0.0,0.0,0.0,0.0,0.0,0.0,0.0,0.0,0.0,0.0,0.0,0.0,0.0,0.0,0.0,0.0,0.0,0.35350938262758386,0.42318625388277814,0.028153788890224084,0.4046043116916936,0.42234571957143235,0.010114677324651893,0.4827034965864301,0.4148767110845264,-0.0015470045956197834,0.5373677704099655,0.3991115846297594,0.002357990296361829,0.44038521443942724,0.5208856351495113,-0.06778644103651518,0.4449564928120894,0.5374620868914652,-0.03356201758329384,0.43861013618315703,0.5044988716262042,-0.07307578677010279,0.43776695471930266,0.4821135697499826,-0.06926983501316777,0.4263881833324795,0.5066692148067671,-0.07019946617350155,0.4517268290282127,0.5030108418627282,-0.07284275514405247,0.405547085516575,0.6083671513741008,0.016666096767553238,0.5050034954031346,0.6032429707275434,0.0008142023832903014,0.4500964982617623,0.5786744984453696,-0.033518287353845884,0.45444835192886235,0.6394166861455715,-0.013851980429865126,0.3951356197520262,0.6129036504575753,0.020371812936794867,0.522392071854734,0.5969981138144604,0.0021510402882489606,no,2025-11-18T07:29:11.418086
0.8398937915075908,0.869910017634472,-6.765699360562949e-07,0.7695427056891552,0.8152736327817527,-0.0038534303511039724,0.726370867538647,0.7317546177528536,-0.012078822866096468,0.6915473990122608,0.6773803448139495,-0.025502924997556586,0.6487204947587182,0.6371869833575687,-0.03852942561207545,0.7913325345826253,0.6050519935173655,0.011902843064687332,0.7268634355206,0.5719172333002368,-0.02070298523196873,0.678392610682328,0.5892574874359248,-0.04708755845035964,0.6419749573239878,0.6120328667633326,-0.061784143029846236,0.8206987161285343,0.6040676886541934,-0.003980550585558976,0.7345198519917171,0.5662086522779914,-0.035751337610325465,0.6817806711219248,0.6011787258988537,-0.0525345245078945,0.6520013109566063,0.62258718323675,-0.05893133359944017,0.8443302943670952,0.624509285731687,-0.024123350832235973,0.7499676885107953,0.6284986540742448,-0.057670923358907965,0.7472404924860926,0.703685839056345,-0.05487148814525172,0.7663960909611589,0.7419651715916094,-0.04538061095347283,0.8563635680291969,0.6610175697393721,-0.04572949829114257,0.7749180200184765,0.667450962232903,-0.07008212807224741,0.764558993131957,0.725350728049003,-0.06461345000725263,0.7774985970400183,0.7564835084533383,-0.054959124932194,0.0,0.0,0.0,0.0,0.0,0.0,0.0,0.0,0.0,0.0,0.0,0.0,0.0,0.0,0.0,0.0,0.0,0.0,0.0,0.0,0.0,0.0,0.0,0.0,0.0,0.0,0.0,0.0,0.0,0.0,0.0,0.0,0.0,0.0,0.0,0.0,0.0,0.0,0.0,0.0,0.0,0.0,0.0,0.0,0.0,0.0,0.0,0.0,0.0,0.0,0.0,0.0,0.0,0.0,0.0,0.0,0.0,0.0,0.0,0.0,0.0,0.0,0.0,0.3533481887093074,0.42360058991975214,0.026035804597428137,0.4041761288578173,0.4235095639206573,0.008512036446362344,0.48354649025755525,0.4141819237242548,-0.002528746512828939,0.5378969656111717,0.3985200155805276,0.0016417908141342229,0.4412126501159844,0.5235648099243803,-0.0687779490095639,0.4456200805458686,0.5390737212773824,-0.03375231939228531,0.43938709779185775,0.5069833261081308,-0.07434520524775853,0.43839218488299725,0.4840325563021458,-0.07084127096236582,0.42686172281553175,0.5089376824308494,-0.07154413631789472,0.4527089024663387,0.5052774114690075,-0.07405460289379595,0.40298475479728135,0.6039284201236959,0.020029696236435843,0.5083754874209582,0.596573281895449,0.0047127176784627495,0.44928540802542005,0.5783950404557475,-0.031960383523569724,0.4539915371285242,0.635123218818559,-0.012907639952737691,0.3922967953048232,0.6094429472361577,0.02318589556074744,0.5258727856336354,0.5926596017795142,0.005629343875964137,no,2025-11-18T07:29:11.701061
0.8398158716315572,0.871426709485571,-6.824757630045319e-07,0.7690379081538732,0.8159684490050121,-0.003248063537222957,0.7264308017731687,0.7324469471286851,-0.011293088689453588,0.6919201638539698,0.6785860466688308,-0.0246893936787786,0.6489317376671399,0.6390589669996004,-0.03780959720461732,0.7915772456085735,0.605054914548142,0.01205943172008876,0.7257406967947237,0.5733586537003657,-0.020210974442408963,0.6768244910902179,0.591601107905203,-0.046618326054045825,0.6402690865282812,0.6146100939746991,-0.06147864574154093,0.8209446260753603,0.6042886701575563,-0.004346966811577958,0.7336767379389127,0.5674432772498356,-0.035833076786320035,0.6802476818572728,0.6021849018040258,-0.05289854675907611,0.6496444888771221,0.6234005585907261,-0.05966490396755532,0.8447385348063808,0.6254369670369098,-0.02487983960825809,0.7494474620570639,0.6295857928726937,-0.05808005781805052,0.7465928836579785,0.7046482955810289,-0.05523333501381658,0.7656243669870797,0.7425716801962106,-0.04588726534480988,0.8567149804638783,0.6631983681712302,-0.04684369587606578,0.7745161355776282,0.6690811205741541,-0.07095355169200177,0.763951431885879,0.7266043973039205,-0.06523944235673186,0.7768218190144702,0.7577988869476164,-0.05550675981218827,0.0,0.0,0.0,0.0,0.0,0.0,0.0,0.0,0.0,0.0,0.0,0.0,0.0,0.0,0.0,0.0,0.0,0.0,0.0,0.0,0.0,0.0,0.0,0.0,0.0,0.0,0.0,0.0,0.0,0.0,0.0,0.0,0.0,0.0,0.0,0.0,0.0,0.0,0.0,0.0,0.0,0.0,0.0,0.0,0.0,0.0,0.0,0.0,0.0,0.0,0.0,0.0,0.0,0.0,0.0,0.0,0.0,0.0,0.0,0.0,0.0,0.0,0.0,0.35763308063700233,0.42317885443005276,0.023179982005502132,0.408635518428428,0.42294315791018827,0.0068357102758584455,0.48907677570262253,0.41406825475744446,-0.0024669244387739266,0.5431494885028363,0.3974133992707096,0.002652099688255659,0.44848833778286856,0.5223552854687057,-0.06937262435467362,0.45225747958586915,0.5377436656294596,-0.033891343040626035,0.4467121734400725,0.5056175223146244,-0.0751220976414078,0.4454926663188332,0.48250577593187277,-0.07181222899705586,0.4339479752125831,0.5075748690569927,-0.07251777659472121,0.4601034832537382,0.5038084468882208,-0.07464273105691194,0.4063263319713183,0.600453959493458,0.02164257996300075,0.5160537171830744,0.5912224891838085,0.008698069060253742,0.45507043111594336,0.5762970604614859,-0.03085987945102961,0.4592530900411984,0.6303368636588522,-0.012748733100661935,0.3940430751722099,0.605634032650519,0.024164971797946123,0.533542701992309,0.5873661087014941,0.00934167996109508,no,2025-11-18T07:29:11.921920
0.842290230947462,0.8734604457977019,-6.891067014743296e-07,0.7701784103299883,0.8180837308806799,-0.0027756095709864374,0.7270728191853056,0.7339285802995721,-0.010482779074463837,0.6929101360956861,0.6802913153037147,-0.023684986216065382,0.6501792649059577,0.6411604978468766,-0.03664325823410931,0.7935252019840505,0.6069460509191669,0.012837724858676812,0.726992649737465,0.5754296773254941,-0.01965701699378415,0.6776839399668771,0.594189243708995,-0.046381877013062074,0.6405294466855426,0.6179286629674978,-0.06144353431443311,0.8224832509668336,0.6063732369418763,-0.003926461596568665,0.7349883051686446,0.5693313607623689,-0.035216009816189914,0.6811553922897204,0.6034143021555225,-0.052416753994319436,0.6501218352645957,0.6239494331478258,-0.059471476271239894,0.8460681099286727,0.6275989738214944,-0.02487349713304941,0.7501451954717387,0.6307439755665196,-0.057750519001660415,0.7470439992306463,0.7064216035304894,-0.05478131113729369,0.7661617511452885,0.7443189166228398,-0.04560338332769841,0.8578919255041559,0.6656704626576977,-0.04726926956924989,0.7753045112511859,0.6709468508182355,-0.07102645375442145,0.7655463870244825,0.7285805320774821,-0.06511114436800597,0.7795631721949182,0.7589526358508987,-0.05544206571069962,0.0,0.0,0.0,0.0,0.0,0.0,0.0,0.0,0.0,0.0,0.0,0.0,0.0,0.0,0.0,0.0,0.0,0.0,0.0,0.0,0.0,0.0,0.0,0.0,0.0,0.0,0.0,0.0,0.0,0.0,0.0,0.0,0.0,0.0,0.0,0.0,0.0,0.0,0.0,0.0,0.0,0.0,0.0,0.0,0.0,0.0,0.0,0.0,0.0,0.0,0.0,0.0,0.0,0.0,0.0,0.0,0.0,0.0,0.0,0.0,0.0,0.0,0.0,0.3578041774807097,0.42460681639330244,0.023267141617310715,0.4094998347147023,0.42489679801408464,0.006916437773004077,0.4897766323848501,0.4151522084715567,-0.0022979995452609343,0.5435918357640982,0.3984598201769274,0.002923886923444207,0.4488331442017599,0.5230284468248527,-0.06949993232742607,0.45257672436915986,0.5387284645705587,-0.03410051413544058,0.44704752038817286,0.5062364156620882,-0.07520823280522196,0.44578077463051646,0.48316090178658455,-0.07183209888115732,0.4342612002165363,0.5082583789330983,-0.07260950361995047,0.46041692855657185,0.5043991844674411,-0.0747210673025763,0.406471182047442,0.5993522935055791,0.02176413279284643,0.5178702676529691,0.59053955689354,0.00874657721167189,0.45497554296390125,0.5779421110012355,-0.031065012910481846,0.4592577454533766,0.6298802707900737,-0.013192404030446858,0.3938108916720272,0.6061120624163392,0.024186143137158465,0.5343253659173428,0.5871752523411645,0.009308539089118354,no,2025-11-18T07:29:12.202752
0.8392186504392461,0.8718627860130173,-6.194555992576125e-07,0.7679273649645699,0.8154909151515674,-0.0019244819220448075,0.7242200891733412,0.7336759662705441,-0.010183576645331378,0.6888195580800391,0.6838204365901508,-0.02425375222277497,0.6448633958711765,0.645770316214698,-0.03803360226265879,0.7886941944101467,0.6057765780871469,0.011660167996662568,0.7248913858848153,0.57063654033244,-0.022200496532630544,0.6750265014337102,0.5848846818978324,-0.05001650993924073,0.6373462045611094,0.6074286893366847,-0.06568639194955397,0.8176808404282563,0.6058754257200074,-0.00615992398772649,0.7313182816889365,0.5644316439355668,-0.036903909693489625,0.6779012723567895,0.5910981918797632,-0.054015527033256294,0.6473454969093364,0.6079329375326226,-0.06138872513894636,0.8418014774020042,0.628296182906078,-0.028269008817569934,0.7438423924383992,0.6335340416067309,-0.05977527592787031,0.7408100228487369,0.7070542523115093,-0.056797948173093256,0.7603446599812136,0.7446343671401552,-0.048038173464524596,0.8543439548861722,0.6685776155241766,-0.05196775297002591,0.7712262943695658,0.674902714511672,-0.07418299559807598,0.7614904967883033,0.7296897757070913,-0.06799255261031448,0.77566619889615,0.7591265232992134,-0.058504080754953655,0.0,0.0,0.0,0.0,0.0,0.0,0.0,0.0,0.0,0.0,0.0,0.0,0.0,0.0,0.0,0.0,0.0,0.0,0.0,0.0,0.0,0.0,0.0,0.0,0.0,0.0,0.0,0.0,0.0,0.0,0.0,0.0,0.0,0.0,0.0,0.0,0.0,0.0,0.0,0.0,0.0,0.0,0.0,0.0,0.0,0.0,0.0,0.0,0.0,0.0,0.0,0.0,0.0,0.0,0.0,0.0,0.0,0.0,0.0,0.0,0.0,0.0,0.0,0.3578052214174331,0.42411098699876,0.0225290893946949,0.41034755644121346,0.42396418327065316,0.006384487268499981,0.48993277112463784,0.41529201788915204,-0.002426592271439566,0.5438512159720301,0.3985530278214654,0.0030639967547490873,0.4496693494389079,0.5229525037564358,-0.06988029931910664,0.45326039079767044,0.5384618584945384,-0.03417872462753474,0.44793229734351575,0.5062105266043138,-0.0756648113355486,0.4466888858265726,0.4831517878779267,-0.07235276739783689,0.43508007992661224,0.5081608178368342,-0.07311152147903117,0.4613350111380271,0.5044120272408159,-0.07512815254586518,0.4063322639162915,0.5985218253206759,0.02204388363415801,0.5186509293434522,0.5900866002603533,0.009619999103721888,0.45471222576566495,0.5769434163499982,-0.030949016858397203,0.45891435131860725,0.6292466925735342,-0.01256724166059725,0.393724021099037,0.6054972109605194,0.0244183733349748,0.5349332713566511,0.5871008646006055,0.010227136658656058,no,2025-11-18T07:29:12.430609
0.8400636783137241,0.8686305964977196,-4.343097586000545e-07,0.7663087628579563,0.8140146502714014,-0.00022232502430277756,0.7183175345540168,0.7304567742386351,-0.00838948444556534,0.6782373938242603,0.6834471276368875,-0.023214985686599486,0.6308892513222765,0.6496369863010136,-0.03790626370664582,0.7809072094430036,0.6076124160977879,0.014150018828400826,0.7218830990054874,0.5621242968633788,-0.01893014537200909,0.6744530028187533,0.56125607023511,-0.04605486179342236,0.6350675505608891,0.5716856815099256,-0.06156546357269073,0.8115358674206253,0.6063987876891053,-0.0057048434476753675,0.733023189802293,0.5510681154591469,-0.039341281776790894,0.676204027921101,0.561691076826341,-0.05913419021340549,0.6378478773914358,0.5701375069170986,-0.06701983963312903,0.837454683050291,0.6282878450331324,-0.02954868464285956,0.7381934967009959,0.6333447533663843,-0.06335084410612227,0.7351421644776521,0.707686719737908,-0.06174355953505012,0.7537583290026002,0.7469159251014497,-0.052186220883124995,0.8508604487603774,0.6687792858008761,-0.05475511302389998,0.7654095925545034,0.6789038068160014,-0.07667213725078016,0.758723781900545,0.7332706147441096,-0.07013510887427955,0.7757922519081732,0.7620371178603154,-0.06000040023646654,0.0,0.0,0.0,0.0,0.0,0.0,0.0,0.0,0.0,0.0,0.0,0.0,0.0,0.0,0.0,0.0,0.0,0.0,0.0,0.0,0.0,0.0,0.0,0.0,0.0,0.0,0.0,0.0,0.0,0.0,0.0,0.0,0.0,0.0,0.0,0.0,0.0,0.0,0.0,0.0,0.0,0.0,0.0,0.0,0.0,0.0,0.0,0.0,0.0,0.0,0.0,0.0,0.0,0.0,0.0,0.0,0.0,0.0,0.0,0.0,0.0,0.0,0.0,0.3553534592881233,0.42444764485512343,0.024486792990806867,0.4064784672703275,0.4253627860246698,0.007394904738750284,0.48643232663382924,0.417248037076061,-0.002802187861706979,0.5403746462531507,0.4007206182245831,0.001982352708780377,0.44449976992952933,0.5243608389277021,-0.06955372172061518,0.4485133582549372,0.5401612492717596,-0.03406533884050458,0.44279305356467935,0.5075880392287468,-0.07528300980853281,0.44181489712928973,0.4845278533105301,-0.07190828790757857,0.43008637363392227,0.5094277502174741,-0.0725751791281207,0.45619945616200824,0.5059527019863442,-0.07489532211252839,0.4020353007165381,0.5994462354218736,0.022115880540285526,0.5149370631633948,0.5920859977982522,0.007676924757896319,0.44737895517084975,0.5791158472264365,-0.03115849095049415,0.452023824977045,0.6308814489421779,-0.013284376348973476,0.39066317517659366,0.6066045312786759,0.02471484929500558,0.5305894922952994,0.5902866130826209,0.008250510026776521,no,2025-11-18T07:29:12.608038
0.8391357596166094,0.8639893275991406,-1.2239483948512658e-07,0.7666582953083727,0.8133340363135266,-0.005405346712617068,0.7150207291185917,0.7310128235836273,-0.015748304469045696,0.670121409161886,0.6880301858467945,-0.03218561647239292,0.6213704717609918,0.658489407323633,-0.04826645587263577,0.7670792916054282,0.6065704449759264,0.0046046436887427445,0.7136022650827303,0.5480632706679412,-0.02617447302691927,0.6735962542932878,0.5239710307611707,-0.050602519561600515,0.6382989725575137,0.5075075972914466,-0.06589911372957122,0.8021505933840034,0.6049710644244629,-0.014604875356490443,0.7332700308657308,0.5330532730749562,-0.05094408786553396,0.6801901172549231,0.5192896283026969,-0.07270167640433878,0.6402541582029353,0.5078099102750319,-0.08176814245612521,0.8324658306761465,0.6271052624671277,-0.037002151154552035,0.7376726491435734,0.6216259518174695,-0.07645324380250991,0.7284182573601334,0.6997972714118464,-0.07453130662227855,0.7404033332310822,0.7461268546958817,-0.06230324506699737,0.8483506302449042,0.6685812930526445,-0.060859407732080914,0.7647568900215296,0.6729537788085439,-0.08612196915858938,0.7508231333876352,0.7291948047284695,-0.07841413082979037,0.7606694752392124,0.7641908623683443,-0.06631602868001611,0.0,0.0,0.0,0.0,0.0,0.0,0.0,0.0,0.0,0.0,0.0,0.0,0.0,0.0,0.0,0.0,0.0,0.0,0.0,0.0,0.0,0.0,0.0,0.0,0.0,0.0,0.0,0.0,0.0,0.0,0.0,0.0,0.0,0.0,0.0,0.0,0.0,0.0,0.0,0.0,0.0,0.0,0.0,0.0,0.0,0.0,0.0,0.0,0.0,0.0,0.0,0.0,0.0,0.0,0.0,0.0,0.0,0.0,0.0,0.0,0.0,0.0,0.0,0.35292442866635476,0.4248311167486219,0.025875056986631537,0.40355456008741897,0.4259470057337781,0.008134445875180873,0.48356560508365354,0.41826116870644936,-0.003161898490888957,0.537886803183338,0.40178744100354213,0.0009244102974013345,0.44112003302747066,0.5250757353493949,-0.06915304252239027,0.44542904169346287,0.540819524343674,-0.03394842104137942,0.4393586129830538,0.5082941702949154,-0.07480786939525227,0.4384317237483225,0.48520891228339313,-0.07139071832345825,0.4267596599195307,0.5100896180210295,-0.07198210675928511,0.4527091328833265,0.5066732396783986,-0.07455122832868889,0.4001083397789691,0.6009609690922386,0.0221599572853615,0.5119044284551715,0.5939111910950184,0.0063328308482907495,0.4441831220613618,0.5798065858465709,-0.031230499458625487,0.44884581413227553,0.6318237286596265,-0.013314190549612623,0.388907595669733,0.6069901063394875,0.02494996756403912,0.527328149067419,0.5910563173769581,0.006866202310231193,no,2025-11-18T07:29:12.814909
0.8364189235094766,0.8635765484221442,-1.8954527891389156e-08,0.7650535052591668,0.813069814663645,-0.0066511234448095105,0.7126694982320101,0.7308618140230301,-0.017563008314697294,0.6659708508173627,0.6882091177246515,-0.0346324921295194,0.6163278407083768,0.659525812279599,-0.0512720422664189,0.7622615088341014,0.6062243394427667,0.0022637966055926973,0.71119914470262,0.5428943000335251,-0.026868120958173227,0.674767162056846,0.5094499784953238,-0.04969547765938035,0.6417552153818452,0.48170037810205263,-0.06477688372878974,0.7986141076604008,0.6030363804578522,-0.0171288491713678,0.7338224558282207,0.5251300305690028,-0.05351770195493228,0.6818697010949604,0.49949409844261583,-0.07545842911594197,0.640443214984799,0.47897522305324164,-0.0851432841391916,0.8301278070769649,0.6233200562938361,-0.03946832254184988,0.7352278939477785,0.6148076017155433,-0.08033128336594611,0.7241590452812477,0.6932749145831816,-0.0778258727480232,0.7337340309839798,0.7416192115734047,-0.06473902612894622,0.847321592788544,0.66396334073256,-0.06332335409978604,0.7630122462326123,0.6690006525840511,-0.08916539710518695,0.7477499808860173,0.7256678266825484,-0.08095203147481836,0.7561650601236498,0.7615635741704698,-0.06837077699383573,0.0,0.0,0.0,0.0,0.0,0.0,0.0,0.0,0.0,0.0,0.0,0.0,0.0,0.0,0.0,0.0,0.0,0.0,0.0,0.0,0.0,0.0,0.0,0.0,0.0,0.0,0.0,0.0,0.0,0.0,0.0,0.0,0.0,0.0,0.0,0.0,0.0,0.0,0.0,0.0,0.0,0.0,0.0,0.0,0.0,0.0,0.0,0.0,0.0,0.0,0.0,0.0,0.0,0.0,0.0,0.0,0.0,0.0,0.0,0.0,0.0,0.0,0.0,0.3494633844915636,0.4245869341258063,0.02816787682703216,0.40005245871459266,0.42538667976107697,0.009522948298252181,0.47960290630636077,0.4174488327443761,-0.0032740834415470976,0.5343513512777194,0.40086989652525434,-0.00014223356318842089,0.43567550408926636,0.5242633828018795,-0.06896515656874556,0.44055833653105,0.5400714271346055,-0.03404810071498655,0.43381979618898325,0.5074963893466764,-0.07452736149263194,0.43301593454414417,0.48452501674007,-0.07101228838288239,0.42141157372464266,0.5092951268224807,-0.07153383950101097,0.4471507938968024,0.5059127921910365,-0.07444062264966167,0.3964082908592569,0.6011997457155529,0.022600341101803884,0.5080302407607126,0.5935272973125696,0.0047157215169291835,0.4392273331397126,0.5792760350993413,-0.03142547302559742,0.444676434230597,0.6321503868594154,-0.014402352387935212,0.3856388848004274,0.6060551143860982,0.025466540679779,0.5236216562922087,0.5905955584286982,0.00503049061751955,no,2025-11-18T07:29:13.015794
0.8363526447476735,0.8616660024348728,2.58275937582826e-08,0.7649101587918454,0.8126316041854602,-0.007785607324577368,0.7114602955713883,0.7309699511532844,-0.019231625172658934,0.6646009926160178,0.6875717646251889,-0.036636950107671235,0.6149912867062697,0.6585191193279709,-0.0535694175322306,0.7572014624534734,0.6058165635850613,-0.0010569132415325793,0.7069916030672524,0.5390993635902184,-0.029632842729371764,0.6722246237854572,0.500327388358456,-0.05153477602942581,0.6403611262913864,0.46602810295521635,-0.06635100826992962,0.7945468540449678,0.6008538189768662,-0.019977302175148086,0.7313085152828848,0.5210275337380994,-0.055968775839254886,0.6803374069668527,0.48872114361217706,-0.07757433471974276,0.6387539551715377,0.4618042938653354,-0.08748902436949585,0.8275137998740842,0.6196499234906986,-0.04165252886540545,0.7339095826741151,0.6111075261957538,-0.08235009886585727,0.7236409402202748,0.6898970004720565,-0.07951281897670326,0.7334122456422127,0.7388815195058795,-0.06632985547169967,0.8465375418566896,0.6594094748363423,-0.06494433327247488,0.762231804898075,0.6647869781417722,-0.0905188508915751,0.7473793310916598,0.7218336424977683,-0.08207972996508557,0.7563008828564721,0.7583781952139733,-0.06946928184370436,0.0,0.0,0.0,0.0,0.0,0.0,0.0,0.0,0.0,0.0,0.0,0.0,0.0,0.0,0.0,0.0,0.0,0.0,0.0,0.0,0.0,0.0,0.0,0.0,0.0,0.0,0.0,0.0,0.0,0.0,0.0,0.0,0.0,0.0,0.0,0.0,0.0,0.0,0.0,0.0,0.0,0.0,0.0,0.0,0.0,0.0,0.0,0.0,0.0,0.0,0.0,0.0,0.0,0.0,0.0,0.0,0.0,0.0,0.0,0.0,0.0,0.0,0.0,0.34772624628859794,0.424321285027457,0.028855441809848344,0.39736996624427445,0.424955433901382,0.009748747048723975,0.4780656413236134,0.4170535277098498,-0.003757571487899394,0.5324960064970903,0.40021544223731287,-0.0009970427493434185,0.4333290618066342,0.5237798695015257,-0.0691548944481511,0.4384482911998664,0.5395165678401452,-0.03412539966658007,0.4314122028868958,0.5071042043950942,-0.07474241455411818,0.43059162394073514,0.4842256415859392,-0.07124625893991912,0.4190372972869353,0.5089248225226448,-0.0716705710177956,0.4447334842019718,0.5054768679068128,-0.07472934291863043,0.3953398621063405,0.6008771357838781,0.023266268650848916,0.5053316081695103,0.5937436124357343,0.004433040238480823,0.43613489989009246,0.5784624864007601,-0.03147504326261942,0.44211668035973667,0.6322926159150593,-0.01411973737315848,0.384375151046988,0.6055488157856547,0.02620758201949117,0.5223329552975936,0.5897815898775723,0.004683717466551032,no,2025-11-18T07:29:13.222084
0.8360787622065241,0.8635927034230944,-6.474112028413103e-08,0.7642979012323943,0.8135964856101862,-0.004725484042260546,0.7117123918004342,0.7299622821810277,-0.014096414340368993,0.6671023788134258,0.6857956949060545,-0.03001139575355123,0.6177646116968696,0.6565867216913445,-0.045543899802339666,0.7597204891174381,0.6054695947064253,0.0057881335021122615,0.707623298014568,0.5435306569461712,-0.02126687653481065,0.6711018894245432,0.5081168611408979,-0.042736377759495355,0.6368510703383049,0.47778055505007216,-0.05742302566952692,0.7950802204737931,0.6002987118184502,-0.014095696562967577,0.7312810994249659,0.5271651290497595,-0.04845607441695811,0.6789011248815893,0.5004827436849032,-0.069240510304255,0.6355991982450249,0.4783858772488298,-0.07888401327956604,0.8263642419418181,0.6180118802424348,-0.03695759843948907,0.7323181507883515,0.6160534312192147,-0.07538922194522149,0.726664315477569,0.6919870971045432,-0.07237518917742519,0.739631285136475,0.7359269813048349,-0.06009782105676792,0.844573563094101,0.6568107960157359,-0.06135441496337348,0.7601024399055499,0.6660365678749023,-0.08510513047813618,0.7512801728147356,0.7225456218794536,-0.07641577299970129,0.7655784568987408,0.7547242281077802,-0.06434304146041592,0.0,0.0,0.0,0.0,0.0,0.0,0.0,0.0,0.0,0.0,0.0,0.0,0.0,0.0,0.0,0.0,0.0,0.0,0.0,0.0,0.0,0.0,0.0,0.0,0.0,0.0,0.0,0.0,0.0,0.0,0.0,0.0,0.0,0.0,0.0,0.0,0.0,0.0,0.0,0.0,0.0,0.0,0.0,0.0,0.0,0.0,0.0,0.0,0.0,0.0,0.0,0.0,0.0,0.0,0.0,0.0,0.0,0.0,0.0,0.0,0.0,0.0,0.0,0.3469972116605343,0.42416068471381696,0.02790991623011996,0.396539189088133,0.42439844026974466,0.008904196060174842,0.4768199481566187,0.4168615972384851,-0.004465302761284397,0.531587646011683,0.4000870412871516,-0.0016228944297348973,0.4327844461502806,0.5239699783050689,-0.06876651873033737,0.4378939922538715,0.5395669041345349,-0.033633862101809436,0.43088164069859014,0.5073125592364265,-0.0744490514199729,0.4300540442062761,0.4843700582273568,-0.0711178779729293,0.4184997155856826,0.5090916358001255,-0.0714025877657204,0.44419137319591845,0.5057114838324805,-0.074421758284686,0.39462105214501286,0.6001785247477129,0.023647106130996968,0.5042862755622637,0.5935551474825919,0.005042357934420832,0.43526175381524734,0.5782491589260881,-0.03080519864488574,0.44125580917591634,0.632520073426127,-0.012775824201040042,0.3842041621848328,0.6057387972170156,0.026671908293030247,0.5212807600184104,0.5905067064225509,0.005398883873426897,no,2025-11-18T07:29:13.391121
0.8349734540746061,0.8656568026945947,-3.4856017330077826e-07,0.762511044064836,0.8095794610954221,-0.002056912335017571,0.7161778666708623,0.726380076408507,-0.010211551629792693,0.6759935231049856,0.6774128528031402,-0.025078243956530445,0.6289624967454227,0.6408366040154567,-0.03950294761258989,0.7691118641361269,0.6046344987101004,0.013800578668766435,0.7123681878275507,0.5548380981149619,-0.014813030511732394,0.6706789242292546,0.5440772274912253,-0.038846448160071656,0.6365757276683133,0.5396220258675501,-0.05363393962476247,0.8013364552323952,0.6000317082613674,-0.004815856431644101,0.7294227767518201,0.5421601306717303,-0.0360832194464022,0.675723398172301,0.5403952030859667,-0.05594726830198502,0.6363343905920864,0.5395739136324258,-0.06551147080177509,0.8291943485061568,0.6161944808183152,-0.026999487150030466,0.7353291748910171,0.6188338840933415,-0.061541775558797154,0.7308116310912167,0.6934044360320537,-0.059249320831016444,0.7456301698414156,0.7385895528071873,-0.04915671795602869,0.8443406252836991,0.6516365288462621,-0.050654737946216735,0.7611378674633036,0.6623031009178131,-0.07304001880406957,0.7524256925532266,0.7202788283862447,-0.06562758399316539,0.7658967416386862,0.7552823840200156,-0.05494768856997351,0.0,0.0,0.0,0.0,0.0,0.0,0.0,0.0,0.0,0.0,0.0,0.0,0.0,0.0,0.0,0.0,0.0,0.0,0.0,0.0,0.0,0.0,0.0,0.0,0.0,0.0,0.0,0.0,0.0,0.0,0.0,0.0,0.0,0.0,0.0,0.0,0.0,0.0,0.0,0.0,0.0,0.0,0.0,0.0,0.0,0.0,0.0,0.0,0.0,0.0,0.0,0.0,0.0,0.0,0.0,0.0,0.0,0.0,0.0,0.0,0.0,0.0,0.0,0.3469279757567198,0.42414365488742606,0.0278506988476106,0.3960177340446845,0.4242533833524169,0.008814422282812068,0.4763952721158383,0.41713895079419216,-0.004536950183852457,0.5312240052243931,0.4004918250583249,-0.0016423532507116854,0.43269022209953145,0.5245706887107925,-0.06894643569907295,0.4378141192539194,0.5401664822434302,-0.03367890438128325,0.43075952996118777,0.5079117532319523,-0.07464894478523708,0.42988802764780054,0.484905826771645,-0.07130756229798427,0.4183527119254936,0.5097477536681903,-0.07159641051007654,0.44410050253404776,0.5062633692603717,-0.07461627688532968,0.3946368286008878,0.6007672175244607,0.023605838822861325,0.5047620168609506,0.5941178177960902,0.004942671910750632,0.43549954772881355,0.5793507111406716,-0.031036616387610298,0.44144034450647623,0.632723596579015,-0.012730935486372597,0.38429555943828736,0.6067543220666072,0.026681952858399145,0.5211662920556377,0.5908952821224845,0.005344035065647951,no,2025-11-18T07:29:13.616655
0.8325709698580428,0.864299033900398,-5.074306959722086e-07,0.7610012736517571,0.8086713399875609,-0.0017124246467882143,0.718051217900403,0.7252329123020775,-0.009195325464403154,0.6818747327248256,0.6723788604931381,-0.022860930025857863,0.6360010404526368,0.6338182129345472,-0.036117638937625436,0.7766316495172516,0.6021557028863155,0.014425602514323203,0.715681521854144,0.5597526614994975,-0.014986032340971378,0.6703683787119936,0.5618482877701946,-0.03951975149256959,0.6353865707948347,0.569638678024336,-0.0539554227893233,0.8069903492363758,0.5987568073376996,-0.0029456261401230787,0.7277354145313819,0.5502806192299081,-0.03351912361763984,0.6740400614556878,0.5650086715083459,-0.051533984911810035,0.6383826291320265,0.5749083488278554,-0.0595901208704434,0.8321298566719016,0.6157245010941246,-0.02407799688146369,0.7377883016541115,0.6203757149443911,-0.057341967868013995,0.7358816739955443,0.6946318745216116,-0.05459179813966937,0.7530076627596055,0.7377846378919359,-0.04487451724706208,0.8449867382037545,0.65041943782401,-0.046639445571514206,0.7629910829130178,0.660886173891066,-0.06935304916262439,0.7533710112546406,0.7199882115144419,-0.06272989220057362,0.7653104087164531,0.7552499383002147,-0.05265066369888713,0.0,0.0,0.0,0.0,0.0,0.0,0.0,0.0,0.0,0.0,0.0,0.0,0.0,0.0,0.0,0.0,0.0,0.0,0.0,0.0,0.0,0.0,0.0,0.0,0.0,0.0,0.0,0.0,0.0,0.0,0.0,0.0,0.0,0.0,0.0,0.0,0.0,0.0,0.0,0.0,0.0,0.0,0.0,0.0,0.0,0.0,0.0,0.0,0.0,0.0,0.0,0.0,0.0,0.0,0.0,0.0,0.0,0.0,0.0,0.0,0.0,0.0,0.0,0.34784040110448755,0.4245550099931896,0.02752256494961125,0.39708104920083953,0.4249544188748092,0.008541372073559497,0.4777346665163695,0.4181750947084288,-0.004640844029284489,0.5321252310286394,0.40109370217435747,-0.0015889912029129892,0.43345368853961863,0.5258741900852242,-0.06922776607136302,0.4385095550588597,0.5413825735020099,-0.03373452100003169,0.43153530890397185,0.5092095492157687,-0.07499232428771246,0.43066359447422986,0.48614611611981606,-0.07167911902388151,0.41903599536895103,0.5110161354781991,-0.07195141744471265,0.4449767636275967,0.5075628429344003,-0.07493702007594655,0.3955489788947127,0.6015535406508107,0.023824542963276213,0.5059093351802769,0.5952354061190381,0.005381662190371635,0.4369530671879236,0.5809764570164875,-0.03105545281005137,0.44252261551915306,0.6337478890449701,-0.012728125271556917,0.3842589887540634,0.6075300967766355,0.026871852916693088,0.5220480100433981,0.5917432839140255,0.0057777347783133344,no,2025-11-18T07:29:13.804832
0.8314504026364646,0.8641662770610541,-5.986132182496984e-07,0.7610841913321804,0.8097001237863525,-0.0022713040065508953,0.7197052056127229,0.7277784413099591,-0.010074378706711292,0.685118933792909,0.6733449213602318,-0.023619581341883626,0.6394509921043702,0.6349683422785071,-0.03693228192229725,0.7802118342038162,0.6016155568646055,0.013035497980205521,0.7162867629336027,0.5640325340197072,-0.017588066728933528,0.6684017804032838,0.5750321174606894,-0.04284937030247338,0.6329406720913718,0.5918871803035957,-0.057253492102259385,0.8092703044132623,0.5983439173750571,-0.00356386810751531,0.725424445880727,0.5560133400390721,-0.03365479453098312,0.671900263538818,0.5794119692971875,-0.0511215640963965,0.6384766179202765,0.5944306417849146,-0.058744587505147966,0.8330352111289958,0.6160886869236339,-0.02399885109149345,0.737888893458968,0.622717719399228,-0.05655003766079933,0.7370147644002685,0.6967819034854762,-0.05425876607649419,0.7552675070695001,0.7382880220232843,-0.045293846167614636,0.8449220664495183,0.6513799249819513,-0.045821940227554356,0.7623840929301264,0.6616311994428627,-0.06891467678725625,0.7531749362932901,0.7212985379109227,-0.06281129125075754,0.7654081891204183,0.7570003673091344,-0.05299843832610811,0.0,0.0,0.0,0.0,0.0,0.0,0.0,0.0,0.0,0.0,0.0,0.0,0.0,0.0,0.0,0.0,0.0,0.0,0.0,0.0,0.0,0.0,0.0,0.0,0.0,0.0,0.0,0.0,0.0,0.0,0.0,0.0,0.0,0.0,0.0,0.0,0.0,0.0,0.0,0.0,0.0,0.0,0.0,0.0,0.0,0.0,0.0,0.0,0.0,0.0,0.0,0.0,0.0,0.0,0.0,0.0,0.0,0.0,0.0,0.0,0.0,0.0,0.0,0.3583283884184547,0.42518477459364834,0.02094004214282802,0.41008046364632583,0.42563006507209394,0.005401589176490175,0.4920587745557159,0.4183912393374374,-0.0023787914455593267,0.544572351575416,0.40174435608443215,0.003767649963248639,0.4520968991108509,0.5259368382658024,-0.06876460267832067,0.45511393318433707,0.5416887812101572,-0.033275392889203656,0.45054638651337203,0.5092197238342637,-0.07459464812031383,0.4493633850762415,0.48617578738043415,-0.07142068632106094,0.4377731801891295,0.5110417331577244,-0.07216592794585562,0.46377038295153183,0.5076156690563115,-0.07394752866657053,0.4080527173726569,0.6028338279445002,0.020601715062444362,0.5182435868005724,0.5962003463300116,0.009592814732548536,0.45537905365450104,0.5818697664225199,-0.03044648307627555,0.45927517132311413,0.6354012556091397,-0.011912776364563973,0.3957582579335121,0.6089711982048308,0.023088265380370315,0.5334708460232096,0.593017932497708,0.010535081606104222,no,2025-11-18T07:29:13.985074
0.8315615057444256,0.8646535959890231,-6.516768025930814e-07,0.762016650204817,0.8104346654412262,-0.0021064162635488744,0.7216305938628037,0.7285329136252554,-0.009340372759947061,0.6883078914264837,0.6739780064870007,-0.02207919692255114,0.643856299398819,0.6355513343682422,-0.03476378124008406,0.7828393718061928,0.6036069436811736,0.01291878352780556,0.7185344916486098,0.5670164124451869,-0.018058794946483707,0.6697625233116883,0.5818375659458446,-0.04348320375468079,0.6337908616918957,0.602880718457233,-0.057757441438850754,0.8115317135908322,0.6001990480449046,-0.003289517826521265,0.7265331035918374,0.5593476863121081,-0.033634823032674864,0.6724006489469908,0.5877250063980902,-0.05118116805264619,0.6392399707376346,0.6070528410149854,-0.05854611496343519,0.8349166712974538,0.6178606741331274,-0.02326769667905037,0.7402553066480784,0.6242484952625107,-0.05604654019008175,0.7391413717726593,0.6985503286024031,-0.05428291599031733,0.7574176521267453,0.7391545061974942,-0.04568262817337641,0.846785962938962,0.6528330355729459,-0.044503833017848986,0.7641175866738797,0.664049999278545,-0.06857360655158712,0.7554383752339711,0.7247931173746508,-0.06315579192497937,0.7683313047004374,0.7601309321649279,-0.05360944002746922,0.0,0.0,0.0,0.0,0.0,0.0,0.0,0.0,0.0,0.0,0.0,0.0,0.0,0.0,0.0,0.0,0.0,0.0,0.0,0.0,0.0,0.0,0.0,0.0,0.0,0.0,0.0,0.0,0.0,0.0,0.0,0.0,0.0,0.0,0.0,0.0,0.0,0.0,0.0,0.0,0.0,0.0,0.0,0.0,0.0,0.0,0.0,0.0,0.0,0.0,0.0,0.0,0.0,0.0,0.0,0.0,0.0,0.0,0.0,0.0,0.0,0.0,0.0,0.3498905381985996,0.42993670115676375,0.029452541398386017,0.39774233150406346,0.42998321467067524,0.009212638351536923,0.47925562695910184,0.4254048226735557,-0.006299721480193766,0.5331745436790196,0.40948652740745045,-0.004881721761202381,0.430959577241926,0.5338044148070344,-0.0679534514930357,0.4363636303437707,0.5496268179160222,-0.03286960211357575,0.42920595540268214,0.5172974854179558,-0.07373905998344717,0.42883630317197086,0.49440295096789655,-0.07061878312458648,0.41694319853305656,0.5189889532983751,-0.07044392037356068,0.4425924238318374,0.515911332510181,-0.07396241012529271,0.3961593383177524,0.6081179780820524,0.02524404651889451,0.5041514216771111,0.6047574874655429,0.0038277813062168363,0.43839422598591904,0.5910547004681874,-0.0301180054772204,0.4427221939779786,0.6419386599071547,-0.011509220685153738,0.38401027849716685,0.6154595115799086,0.02867415369605407,0.5190302614401021,0.6027399881299575,0.004123043380550666,no,2025-11-18T07:29:14.235922
0.8322839736687979,0.8656649036730699,-6.757259584460271e-07,0.7629430573011238,0.8123617600201126,-0.0017922117798245666,0.7222884996367851,0.7299581782519893,-0.00890495902118528,0.6889909854223331,0.674181926074082,-0.02146992514658498,0.6440946223728257,0.6355255548889703,-0.03405855869774932,0.7844941089778187,0.603780987061229,0.012812345376707193,0.719565313155619,0.5682072289925214,-0.018111384206022787,0.66992951996044,0.5848368859525823,-0.043406631105074006,0.6338941808173376,0.6076099287209566,-0.057566603887884316,0.812862808995352,0.6006499252332372,-0.003550385297802025,0.7261634412440846,0.5613062963592553,-0.03357158053341393,0.6716403045035553,0.592076730160181,-0.050810214476333396,0.6387912352353029,0.612997133646073,-0.05791708467013789,0.83583028126831,0.6188920434664813,-0.023655999951270542,0.7406587056750371,0.6267156256048119,-0.05616456004445799,0.7401241197814408,0.7005906924555747,-0.05452054051099443,0.7587603793127318,0.7404464724018782,-0.0460779222194082,0.847277909695952,0.6543831482453047,-0.044956443290960324,0.764601403505397,0.6653361997811793,-0.06908503052636958,0.756208681940716,0.7260131146165094,-0.06378300451566085,0.7690702157771901,0.7616546999577386,-0.054265984296199596,0.0,0.0,0.0,0.0,0.0,0.0,0.0,0.0,0.0,0.0,0.0,0.0,0.0,0.0,0.0,0.0,0.0,0.0,0.0,0.0,0.0,0.0,0.0,0.0,0.0,0.0,0.0,0.0,0.0,0.0,0.0,0.0,0.0,0.0,0.0,0.0,0.0,0.0,0.0,0.0,0.0,0.0,0.0,0.0,0.0,0.0,0.0,0.0,0.0,0.0,0.0,0.0,0.0,0.0,0.0,0.0,0.0,0.0,0.0,0.0,0.0,0.0,0.0,0.35111101376158466,0.43258052771194205,0.025094490275969036,0.4003376367088341,0.4333214541943159,0.00638303957294282,0.48248082914079055,0.42713930003154105,-0.006705762088687734,0.5368881072105273,0.41109141467227683,-0.0037620307775838007,0.43755657716561785,0.5397458067229752,-0.06921965580118246,0.4424369150645016,0.5541973067393832,-0.032960127353475005,0.4357203996860136,0.5231222107742397,-0.07537730073866991,0.4349516268657935,0.4996413618155065,-0.07261007884557075,0.4229732782101623,0.5246884456604943,-0.07234947735053385,0.4494039027270759,0.5214445847979524,-0.0753172063992209,0.3991347488574388,0.6098199090887861,0.02696141347025458,0.5102024167234891,0.6060932277091355,0.008580044788127005,0.44452721245642235,0.59368042282969,-0.02878665837289422,0.4490608238089814,0.644402967572596,-0.009565202105462321,0.38683174218437444,0.6172568549224922,0.029923738022920414,0.5265618803118784,0.6024060241190712,0.00888018595048394,no,2025-11-18T07:29:14.429248
0.8332744240635555,0.8662467322511163,-6.774076773588099e-07,0.7632586797488132,0.8130245720743416,-0.0018426973817232608,0.7225335589862545,0.7305029340833463,-0.008680236033188522,0.689406352772812,0.6747213243556293,-0.021028331754746672,0.6446116150613823,0.6354352685180935,-0.03325943971934375,0.7844885622575404,0.6035865258163048,0.014002954631346999,0.7195698226964313,0.5693687025776206,-0.017187262285752083,0.6700104254827682,0.5869438278792453,-0.04259779455906586,0.6340253231738666,0.6105202143757371,-0.05675838992933854,0.812728372957759,0.6003741185671649,-0.0025231293684638708,0.7261627884225641,0.561320333963014,-0.03263192536146881,0.6727021474528885,0.5938144084951601,-0.04961428249704159,0.6410883823767152,0.615769127564461,-0.056364592227375276,0.835682486539459,0.6186544744348093,-0.022993861015989048,0.740548196059183,0.6273922151728588,-0.05534723640712623,0.7407969005222054,0.701389830557011,-0.05351585178344559,0.7601500682822356,0.740019095060955,-0.04496630479115876,0.8471070677935326,0.6543830163738578,-0.044740740870958334,0.7646267086420417,0.6663128774269819,-0.06845640702567983,0.7573787390588131,0.7262248051987271,-0.06308663059437923,0.7714151480573572,0.7598296528639248,-0.05361193276911821,0.0,0.0,0.0,0.0,0.0,0.0,0.0,0.0,0.0,0.0,0.0,0.0,0.0,0.0,0.0,0.0,0.0,0.0,0.0,0.0,0.0,0.0,0.0,0.0,0.0,0.0,0.0,0.0,0.0,0.0,0.0,0.0,0.0,0.0,0.0,0.0,0.0,0.0,0.0,0.0,0.0,0.0,0.0,0.0,0.0,0.0,0.0,0.0,0.0,0.0,0.0,0.0,0.0,0.0,0.0,0.0,0.0,0.0,0.0,0.0,0.0,0.0,0.0,0.35525807195475934,0.43226946743778105,0.020998202153141264,0.4053514302967083,0.4326688836351676,0.004127790885379447,0.4881311680780094,0.42669857438558256,-0.006078007964611807,0.5425684673339777,0.4108268606574046,-0.0015148569254982138,0.44584014139557593,0.5394750232841256,-0.06924496194190058,0.4496163037541746,0.5537589765126969,-0.032665682613753036,0.44422473791654654,0.5228723682331129,-0.07554668205945565,0.4433227149688846,0.49929887204506707,-0.07297101174501094,0.4312229320633407,0.5243618603214734,-0.07284507703772229,0.4578910573510868,0.5212218293900956,-0.07517152772177194,0.40315630718132867,0.6102774541343131,0.026074883191459494,0.5154349252310988,0.6059695183459923,0.011684679398688107,0.4516540187972572,0.593222936653645,-0.028112174509175268,0.45552873427215884,0.6441576116683018,-0.008283989762723331,0.390708228775369,0.616773324683765,0.02873960744851675,0.5313189149903814,0.602208911965694,0.01228113894347651,no,2025-11-18T07:29:14.629228
0.8348258435663541,0.8682004969200833,-6.803258795574695e-07,0.7642671088582476,0.8154950993954777,-0.002176068023653495,0.7225464757192472,0.7328809056803602,-0.009229097269022078,0.6892856744599839,0.6775250255620615,-0.021778136163027404,0.6446569055912991,0.637791626272978,-0.03417131838829546,0.7837710696018995,0.6046062564346111,0.014106068316498667,0.7185114724177042,0.5720926435823589,-0.01749841978599776,0.6691325792842002,0.5910448545276201,-0.04352121503475525,0.6332579790460398,0.6154097768350854,-0.05807731539478116,0.812351866437223,0.6014484246972482,-0.0024242551439825283,0.7265944466748135,0.564891203882981,-0.03258474686101795,0.6730420658433723,0.5967551647196869,-0.05013046887927908,0.6408457239337189,0.6176911788964425,-0.05751421864481557,0.8358591671016692,0.6197555585789464,-0.022997454864955774,0.7408376647143144,0.6289765152535894,-0.05563832380489769,0.7405469301996097,0.7028673496084921,-0.05418100222333824,0.7597973313327377,0.7413975954640559,-0.046027257165405316,0.8478863910287243,0.6553274456392452,-0.04488736982918072,0.7650322154240787,0.6679266413502096,-0.06926674924056972,0.7576609760224028,0.7282613045387556,-0.06429398888928023,0.7720434535929639,0.7620042326838697,-0.055050402171760035,0.0,0.0,0.0,0.0,0.0,0.0,0.0,0.0,0.0,0.0,0.0,0.0,0.0,0.0,0.0,0.0,0.0,0.0,0.0,0.0,0.0,0.0,0.0,0.0,0.0,0.0,0.0,0.0,0.0,0.0,0.0,0.0,0.0,0.0,0.0,0.0,0.0,0.0,0.0,0.0,0.0,0.0,0.0,0.0,0.0,0.0,0.0,0.0,0.0,0.0,0.0,0.0,0.0,0.0,0.0,0.0,0.0,0.0,0.0,0.0,0.0,0.0,0.0,0.35152043130780875,0.4321372278156465,0.024334140066352965,0.4004222453235632,0.43439104608375045,0.005802726705725259,0.4820982528679689,0.4280425652670558,-0.006837476910189171,0.5377770772949185,0.41261728047881063,-0.0036211766946518255,0.4370351539154088,0.5400838551593663,-0.06935335497293012,0.44167683557288046,0.5546425569323433,-0.032944097012233116,0.43543170036582024,0.5236217278921149,-0.0755660236774329,0.4349480851512971,0.5002551980273858,-0.07285589876128988,0.42260784731447676,0.5250057337515113,-0.07258472493286452,0.44918686669014607,0.5221698348400826,-0.07544707380646931,0.39703473291824765,0.6097968419772823,0.02672265872293369,0.5097291491790412,0.6068377643438183,0.009056414463744774,0.4439452895709766,0.5937509341356909,-0.02877967410445593,0.44842132833870085,0.6441316720546251,-0.00875068282607192,0.3854247137052351,0.6170593288915651,0.029753740189044905,0.5250423014664432,0.6046591399065684,0.009528917274421966,no,2025-11-18T07:29:14.825197
0.8349092453686873,0.868066855315434,-6.750944534134634e-07,0.7648328056040505,0.8152409919947207,-0.0022105850506880225,0.72359348217191,0.7327190714143226,-0.009586204185855195,0.6906004740631828,0.6764124542254277,-0.02240413504047757,0.6458140060602675,0.6366136931470938,-0.03501078753486886,0.78421016124672,0.6052338409171957,0.01365715010260506,0.7191584757336934,0.5723190561947897,-0.01773727646942014,0.6698467080380962,0.5902009663015145,-0.04344040565849949,0.6340415447407628,0.613779239489854,-0.057812356653164886,0.8128827134138477,0.6020684878231725,-0.0027764968760969036,0.7263911955435225,0.564677588464165,-0.0330257534650749,0.6728672717732334,0.5972697525506546,-0.04990915073659846,0.6412887612912765,0.6194617250454503,-0.05677134079561526,0.8363237915052413,0.620431717439879,-0.02322413452624124,0.7419168806626687,0.6290973381798495,-0.056013822223326876,0.7418385090260439,0.7034346265712138,-0.05387428223781067,0.7612808032033714,0.743123251228961,-0.04511197612737276,0.8483661450668982,0.6559823783104979,-0.04499430877852583,0.7667467214205355,0.6675285558130443,-0.06941375773033125,0.7581064656227432,0.7283185783233787,-0.0641841855376081,0.7710420424436072,0.7631109537080389,-0.054767625052407,0.0,0.0,0.0,0.0,0.0,0.0,0.0,0.0,0.0,0.0,0.0,0.0,0.0,0.0,0.0,0.0,0.0,0.0,0.0,0.0,0.0,0.0,0.0,0.0,0.0,0.0,0.0,0.0,0.0,0.0,0.0,0.0,0.0,0.0,0.0,0.0,0.0,0.0,0.0,0.0,0.0,0.0,0.0,0.0,0.0,0.0,0.0,0.0,0.0,0.0,0.0,0.0,0.0,0.0,0.0,0.0,0.0,0.0,0.0,0.0,0.0,0.0,0.0,0.36156869543982356,0.43054041602326365,0.017971942639126125,0.41240258517856626,0.43093040313163505,0.0031452291649435417,0.49473165039982003,0.4241026662194578,-0.0035904681387377924,0.5481790955551131,0.40898667990939586,0.0031179213574427447,0.4556071959981936,0.5350556223428667,-0.06926608731465109,0.4584065578163474,0.5498273068799442,-0.033144087910628006,0.4541350957836105,0.518332982991315,-0.07538583134107012,0.45298020462303473,0.49488988555753904,-0.0726114928839294,0.4410811852720379,0.5198973595019458,-0.07307697410879295,0.4676064725763734,0.5167329045473454,-0.07462147187647455,0.4095612905523703,0.6077583829751829,0.02302782997456022,0.5214253079078495,0.6030041053698462,0.013489909928851433,0.46010285661562744,0.5883706114350635,-0.02880867094129514,0.4636526401205452,0.6401329694539788,-0.00930055423589048,0.39679576973828345,0.6139460696467408,0.025231181299969173,0.5378148287784944,0.5987555383618688,0.014335806022855896,no,2025-11-18T07:29:15.033129
0.8364603146895011,0.867885384978884,-6.713118017956667e-07,0.7654083127827992,0.8162728910073549,-0.0032746289504845113,0.7244114323434319,0.7339760699402545,-0.010894737377649448,0.691868434043539,0.6778231218346987,-0.023681464057185082,0.6471328757851844,0.637350840523437,-0.03620486467488415,0.7848249454686359,0.6060776674621531,0.012944617430592395,0.7196665431742351,0.5729577966539897,-0.018885890761887403,0.6705761822356009,0.5913449256136785,-0.04470792245448435,0.6349846407499743,0.6151509248386923,-0.05908552803215934,0.8138698597434229,0.6027717610300403,-0.0030512110423625404,0.7274904545584892,0.5652933082587244,-0.03398923611480922,0.6737699674925279,0.5980322256329322,-0.05125230296803926,0.6415246744917686,0.6198521603590288,-0.058135253850747616,0.8374206988818168,0.6211048047763055,-0.023181113678509203,0.7425059008873647,0.6306303419968003,-0.05643518811244831,0.7427311808779207,0.7046399316747365,-0.054615034757516175,0.76240225052823,0.7428332656768126,-0.045988153447978984,0.8492445666454639,0.6564247027966064,-0.04471233262562824,0.7665840495396897,0.6706543197346777,-0.06955962573925964,0.7594032265171211,0.7312436135215832,-0.0647724179788985,0.7737461594092121,0.7641992957093051,-0.055581929916478506,0.0,0.0,0.0,0.0,0.0,0.0,0.0,0.0,0.0,0.0,0.0,0.0,0.0,0.0,0.0,0.0,0.0,0.0,0.0,0.0,0.0,0.0,0.0,0.0,0.0,0.0,0.0,0.0,0.0,0.0,0.0,0.0,0.0,0.0,0.0,0.0,0.0,0.0,0.0,0.0,0.0,0.0,0.0,0.0,0.0,0.0,0.0,0.0,0.0,0.0,0.0,0.0,0.0,0.0,0.0,0.0,0.0,0.0,0.0,0.0,0.0,0.0,0.0,0.3553403050372641,0.4283543692932175,0.02231426279533592,0.4048971459418298,0.4307672218771731,0.004945294512652082,0.48613820257169804,0.42418493441759786,-0.005889386315039453,0.5412304727081291,0.40985667317994817,-0.0015809656747481186,0.44212306554365244,0.533865056874177,-0.06877980331637744,0.44604318846170155,0.5491207984156343,-0.0327490276694177,0.4407005338413216,0.5173284237256532,-0.0749133862778158,0.44017929544105683,0.4942049534980688,-0.0721828103123947,0.4279350286377966,0.5186908035932123,-0.0721495055928715,0.45422322432434237,0.5160756276219546,-0.07459478607504186,0.39959410538780316,0.6066498657162597,0.02516959428770755,0.5114094620536714,0.6038664616548022,0.010099491799529944,0.44559602462224396,0.5877688776283899,-0.028729219401032683,0.44976265705444374,0.6398346751109005,-0.008596973526038216,0.3884794067378475,0.6125718004350189,0.028005458708248842,0.5271536573892777,0.6014649867502856,0.010761305693300197,no,2025-11-18T07:29:15.199360
0.835351210086755,0.8685467114160625,-6.740439775683594e-07,0.76448093628146,0.8150959493927613,-0.0022533321460785553,0.7233799717812283,0.7330142576759684,-0.009939791254642557,0.6899989295461836,0.6770220078472811,-0.02292410489719005,0.6450470101162555,0.6365390038264769,-0.03570307857994143,0.7856513450239755,0.6063486617740605,0.012594911796462941,0.720903606498464,0.5726284001275319,-0.0185944106404361,0.6716373996085536,0.5905680521584933,-0.04409955917090577,0.6360903523726678,0.6138307433908732,-0.05852151598839737,0.8146021793128583,0.6033820221871545,-0.003845105138623759,0.7275141326804744,0.5660003702643872,-0.03436116146961317,0.6731301033179498,0.5986783452154529,-0.051406058144338004,0.6406835327529339,0.621008175087275,-0.05842840928044392,0.8376874312165736,0.6222240170350644,-0.02418507043435882,0.7419030332702967,0.6315701444099602,-0.05652343380341463,0.7425096169568284,0.7046007912138789,-0.05423238083643783,0.762534327387757,0.7428687557651183,-0.04566095385962392,0.8489039996694727,0.6582721479700347,-0.045868611703038575,0.7659995907927177,0.6709390098906085,-0.07000594931562897,0.7583525467626652,0.7306921199760473,-0.06485025502068589,0.7721273435824747,0.7641689375389482,-0.05564824808852738,0.0,0.0,0.0,0.0,0.0,0.0,0.0,0.0,0.0,0.0,0.0,0.0,0.0,0.0,0.0,0.0,0.0,0.0,0.0,0.0,0.0,0.0,0.0,0.0,0.0,0.0,0.0,0.0,0.0,0.0,0.0,0.0,0.0,0.0,0.0,0.0,0.0,0.0,0.0,0.0,0.0,0.0,0.0,0.0,0.0,0.0,0.0,0.0,0.0,0.0,0.0,0.0,0.0,0.0,0.0,0.0,0.0,0.0,0.0,0.0,0.0,0.0,0.0,0.3632050469850322,0.4255800479106926,0.019338645616117554,0.41446181759982115,0.42663716456750805,0.004681061976697406,0.4961289653300385,0.419566728731092,-0.0016471409025374337,0.5505261584045407,0.40597203180138464,0.005412684303109797,0.4571542194249634,0.5270934514412389,-0.07018009548414889,0.4595438813612066,0.5429014338586198,-0.03419990497826926,0.455902786480521,0.5102994950945619,-0.07609744557363843,0.4549616759521492,0.487247727903934,-0.07292443812185745,0.44275973467297847,0.5117825761168271,-0.07382012425735036,0.46935783763843614,0.5090138696714968,-0.07526190842553286,0.4087816810136419,0.6037122855631316,0.02082729250184404,0.5218815806304886,0.5998715776901941,0.01207248901310392,0.46140163403238965,0.5822074239864667,-0.030642995816544172,0.4644677414338686,0.634908305067581,-0.011824776900339864,0.3964061414716459,0.6085930291237595,0.02298493325493848,0.538035952306089,0.5955556034787499,0.01294486597354791,no,2025-11-18T07:29:15.405985
0.8349013533439298,0.8682641322468801,-6.821811398225676e-07,0.7651420174800244,0.8153254629280395,-0.002187542602703079,0.7241018425419203,0.7323359409603292,-0.00909858271104244,0.6908708238829704,0.6759917873861649,-0.021212957895303225,0.646468997564155,0.6360252904779204,-0.03314525853695424,0.7870086227702427,0.6060914537279116,0.013020895219153368,0.7223638749540965,0.5717372106514582,-0.017688260598698102,0.6729113378200239,0.5890272192288133,-0.04274001768872342,0.637022830166589,0.612192957678713,-0.05682516252651203,0.8154857372165487,0.6033169781193342,-0.003129957921345554,0.7289878054569059,0.5645025511981726,-0.033110201447802114,0.6750447195609677,0.5978795263827509,-0.04957017052758091,0.6431632046889975,0.6213119414807866,-0.056083900273871785,0.8382194332482099,0.6219445089752959,-0.023179624994172206,0.7433179748127149,0.6303378561710445,-0.05547318370585408,0.7433410354185692,0.704187562107031,-0.053173841684674567,0.7627503609060977,0.743362235281546,-0.04447382310536337,0.8494467963492475,0.6576021913670669,-0.04453529361373204,0.7670768377375912,0.669832220428016,-0.06883657151321648,0.7589223230238955,0.7305086411933917,-0.06381011340430771,0.7722204990026174,0.7647074856037331,-0.05461876811691555,0.0,0.0,0.0,0.0,0.0,0.0,0.0,0.0,0.0,0.0,0.0,0.0,0.0,0.0,0.0,0.0,0.0,0.0,0.0,0.0,0.0,0.0,0.0,0.0,0.0,0.0,0.0,0.0,0.0,0.0,0.0,0.0,0.0,0.0,0.0,0.0,0.0,0.0,0.0,0.0,0.0,0.0,0.0,0.0,0.0,0.0,0.0,0.0,0.0,0.0,0.0,0.0,0.0,0.0,0.0,0.0,0.0,0.0,0.0,0.0,0.0,0.0,0.0,0.3677777059542547,0.42348107365036125,0.016802969676228085,0.4197181891687155,0.4250037033431717,0.0034161126358043955,0.5013061408757736,0.41813768846794774,-0.0009609724142707653,0.5551180622936247,0.4040136029568523,0.007119379712435083,0.464411365527034,0.5256203915779345,-0.06977218749636979,0.4660548108540576,0.5412192232178383,-0.03385991805791553,0.4632781900103563,0.5088926212159516,-0.07572934870234656,0.462185183440781,0.4858230315611818,-0.07266174405959358,0.45005944981310514,0.5103997535869017,-0.07367292925156374,0.4766109086082272,0.5075300228141114,-0.07469282058559015,0.41341978487995173,0.6015730326398117,0.019984667673665815,0.5259882809120155,0.5973525354614606,0.013932087632431724,0.46715414157254553,0.5797327968187491,-0.0301253992230075,0.4697707928141404,0.6326614551041335,-0.011570045965427529,0.4004372793196547,0.6069776924164176,0.02189423337470549,0.542647462713866,0.5929005741945904,0.01493737753567885,no,2025-11-18T07:29:15.563015
0.8372894925994704,0.8706311253237269,-6.892091314441124e-07,0.7655457227807685,0.8171264947010193,-0.0020206681728847844,0.7238630359865363,0.7343493481294718,-0.009099014008403558,0.6902164530868099,0.6783292064429451,-0.02160001644070171,0.6458191278409153,0.6387612426224594,-0.03397711662502066,0.7873941856050157,0.6060554753228181,0.014079793255183201,0.7215515601844151,0.5744896137218778,-0.016949457674582225,0.6720194179849479,0.5933607782984124,-0.042766083288417266,0.6360122745822722,0.6170808519320079,-0.0574752733392238,0.8157861637533091,0.6033606904260916,-0.002663375217238825,0.7286374531244185,0.5671816836000323,-0.03276607398668792,0.6742503365794951,0.5997205661565397,-0.050185697767080636,0.641779124984727,0.6211677982092654,-0.05752197903445977,0.8387840535343527,0.6227484752861403,-0.023379168855435426,0.7429224020277105,0.6314035167085692,-0.05587769926311953,0.7424275014663037,0.7056189427966796,-0.05407277762870756,0.76174928423761,0.7443410094845688,-0.04577534270538307,0.8502253408092062,0.6596571805071418,-0.04542712839189181,0.7670568464791929,0.6713165892923009,-0.06991895747115254,0.7590178770003816,0.7318871695747384,-0.06485074179078834,0.7728579077540247,0.7660315532323934,-0.05559003339265005,0.0,0.0,0.0,0.0,0.0,0.0,0.0,0.0,0.0,0.0,0.0,0.0,0.0,0.0,0.0,0.0,0.0,0.0,0.0,0.0,0.0,0.0,0.0,0.0,0.0,0.0,0.0,0.0,0.0,0.0,0.0,0.0,0.0,0.0,0.0,0.0,0.0,0.0,0.0,0.0,0.0,0.0,0.0,0.0,0.0,0.0,0.0,0.0,0.0,0.0,0.0,0.0,0.0,0.0,0.0,0.0,0.0,0.0,0.0,0.0,0.0,0.0,0.0,0.3607203964227145,0.42472971810531673,0.023100590942786,0.41071873065270187,0.4263948479827736,0.006698316900319448,0.491495353209951,0.41996907642982806,-0.002600418996490899,0.5459104370058059,0.4056408102436468,0.00254016230263684,0.4493379530996681,0.5268148137184259,-0.06861597479638741,0.4525963285427591,0.5428630057358113,-0.033361361443994916,0.44798857754149407,0.5102410741730392,-0.0743902889108237,0.447320659595299,0.48744749838938606,-0.07116881832553501,0.43523539907800035,0.5117728087983795,-0.07178234375733743,0.46132787053813,0.5090174621116303,-0.07390918834846295,0.4052379438163186,0.6022787305227867,0.020896871350685027,0.5156067610481251,0.5992627595539267,0.008068430440768172,0.4530439358489864,0.5818443105969509,-0.030532049532253414,0.45622074787420275,0.6352703835712776,-0.01265593117972929,0.39337157397264777,0.6092512861744106,0.02358747091090211,0.5310169665158533,0.5968401729996999,0.008884347277198189,no,2025-11-18T07:29:15.716998
0.8364072344264899,0.8714585735165845,-6.731507444293125e-07,0.7648907884648166,0.814824423221405,-0.0010758322350573985,0.723151162539777,0.7320176551648183,-0.008259895675808558,0.6895196592864774,0.676320690381583,-0.021070040320730322,0.6451790632223681,0.6364940506191673,-0.03351918383464702,0.7876814105820489,0.6054755335293289,0.014420803120063296,0.722541641603438,0.5726378661146315,-0.016347336396256795,0.6728331128277706,0.5904416425061398,-0.04180767399977943,0.6368202063238051,0.613961659143189,-0.05641556942377088,0.8161674344271612,0.6038554498311184,-0.0028911775973413196,0.7276967745053244,0.5678205972016275,-0.031664251372118125,0.6763692955633072,0.6011968695536422,-0.04755762529519288,0.6476912797737051,0.6215373969912904,-0.054417212814349025,0.8389627112001597,0.6237995530231666,-0.024247700073960807,0.7420326057093661,0.6321707124405883,-0.055280491117250835,0.7421954738032965,0.704708290606485,-0.052095377296113805,0.7623955392688446,0.7414481012159783,-0.04353218896812904,0.8499991056749125,0.6615086794888767,-0.047006012731507466,0.7665698348778563,0.6717784530800646,-0.07033157205546915,0.7583110889880906,0.7313627937908177,-0.06449544512582668,0.7719379382043287,0.7648097524462748,-0.055129969423285206,0.0,0.0,0.0,0.0,0.0,0.0,0.0,0.0,0.0,0.0,0.0,0.0,0.0,0.0,0.0,0.0,0.0,0.0,0.0,0.0,0.0,0.0,0.0,0.0,0.0,0.0,0.0,0.0,0.0,0.0,0.0,0.0,0.0,0.0,0.0,0.0,0.0,0.0,0.0,0.0,0.0,0.0,0.0,0.0,0.0,0.0,0.0,0.0,0.0,0.0,0.0,0.0,0.0,0.0,0.0,0.0,0.0,0.0,0.0,0.0,0.0,0.0,0.0,0.35930073280303204,0.4242799944362643,0.022776251963518988,0.40921280859131215,0.42673656242770425,0.006467943548354799,0.4909587116181744,0.4203027608568589,-0.0027404576011264637,0.5449545478314399,0.40562809979536163,0.0024035662664516457,0.44823066580745585,0.52694868808251,-0.0691854962769016,0.45160044326689347,0.5426654191505594,-0.03361049531400128,0.4468265810890911,0.5103572521648735,-0.07500526146171373,0.44611349187173854,0.4874165793996567,-0.07179368697143373,0.4339497179143969,0.5118391798775528,-0.0724045227826566,0.46027883383149637,0.5090782913451981,-0.07451408109983343,0.40397922738797193,0.6028466926272686,0.021470223907370998,0.5151222050537103,0.5990038441953747,0.008759714299015488,0.4525780668624815,0.5815177761690656,-0.03058481056020601,0.4559501865734768,0.6345393193834477,-0.012223475905759725,0.39204679026600986,0.608923537326631,0.024111846480248018,0.5309263273150098,0.5962550789086024,0.009537367266820845,no,2025-11-18T07:29:15.835924
0.83648284780788,0.8668709910791998,-5.14923716307794e-07,0.7649735800768297,0.8124648139018097,-0.0014895997319317087,0.7209480778748079,0.7308233772669337,-0.008972774003163164,0.6850440579681288,0.6790732237041277,-0.02233036026625639,0.639087185333947,0.640872960387251,-0.03539123273901884,0.7830390383160031,0.6041724028806923,0.014637571501397367,0.7210843917779763,0.5670543363566474,-0.01565261548369115,0.6725697060186826,0.5691380492365447,-0.04138869612371574,0.633618359406562,0.5788316241253513,-0.056612828939723955,0.8113574486836886,0.6018184815226149,-0.003172741065210293,0.7284111371153331,0.5592026355415791,-0.031941007368216576,0.6747216512988045,0.5731487196393394,-0.049600559905901995,0.6393498331928218,0.5781949210584352,-0.05799325059367125,0.8350989407822698,0.6218154681257343,-0.025004825417520297,0.7386634440728685,0.6298229870644103,-0.056565753819352346,0.7375855975812747,0.7031942370085648,-0.05456033229823104,0.7559195053502884,0.7421874984172085,-0.04612480103287453,0.846836942306603,0.660379052211632,-0.0483211511044279,0.7642818897613921,0.6703344348511132,-0.070926252037113,0.755832223151577,0.7278545369443896,-0.06512254145420018,0.7693394281819068,0.7614705984502339,-0.05579639315866981,0.0,0.0,0.0,0.0,0.0,0.0,0.0,0.0,0.0,0.0,0.0,0.0,0.0,0.0,0.0,0.0,0.0,0.0,0.0,0.0,0.0,0.0,0.0,0.0,0.0,0.0,0.0,0.0,0.0,0.0,0.0,0.0,0.0,0.0,0.0,0.0,0.0,0.0,0.0,0.0,0.0,0.0,0.0,0.0,0.0,0.0,0.0,0.0,0.0,0.0,0.0,0.0,0.0,0.0,0.0,0.0,0.0,0.0,0.0,0.0,0.0,0.0,0.0,0.36024284372314075,0.422385576699257,0.021601349267732564,0.41231994866439997,0.4247066671534502,0.006351972233103362,0.4932120696276373,0.41901131583129964,-0.0011587362850449018,0.5476507591948032,0.4043073578457933,0.005017201708184862,0.4530146181009859,0.5243848252557783,-0.06948411509706896,0.45578884131861974,0.5404521212822042,-0.03394778563827239,0.4517372270069479,0.5076179461698695,-0.07522845186828514,0.4509263906969548,0.48462771578339314,-0.0718607699500361,0.4387244925078424,0.5090820633789467,-0.07281791249220225,0.4651651953285671,0.5064368383529579,-0.07453637819449374,0.4062230067670679,0.6020130269853262,0.01971231930888674,0.5170897692615506,0.5986117386488958,0.009305068109717114,0.4555807854120223,0.5800416272469779,-0.031144856604565896,0.45847227470229623,0.6341079837617006,-0.01352962167685409,0.3942037130117281,0.6072693977717445,0.02212119755321624,0.5341380141213721,0.5949165597542128,0.010201071447336165,no,2025-11-18T07:29:15.957301
0.835627419291971,0.8649778920850101,-2.8844581311116135e-07,0.7644965048802574,0.8159660004148026,-0.0022103680685135836,0.7171348520305894,0.7336055832581769,-0.009161238430298957,0.6781876125945991,0.685072247800245,-0.022465032414937046,0.6300690099948544,0.6545647706084357,-0.03559339921679469,0.7695741677957731,0.6091771693339466,0.01438856437934601,0.7119518695797841,0.5635362888810672,-0.012067749118352858,0.669030434874652,0.5466274018842026,-0.03494483328836982,0.6322706960835911,0.534561550187523,-0.050057464375877374,0.8002327433161485,0.6038513379483497,-0.004475443753618097,0.7250332529601324,0.5514856697395548,-0.03345832392198327,0.6722856725369908,0.544700976297636,-0.05244118518418841,0.633255489201544,0.5336145782679413,-0.061883383743529044,0.8276633116863772,0.6213632649447489,-0.026919976273835546,0.7323631689701806,0.6279712705536132,-0.05992932230323849,0.7307217982146181,0.7034211636855567,-0.058056620284891086,0.7472404485903663,0.7451210312081923,-0.04865043609993336,0.8430262296753352,0.6588980853804894,-0.05098384848080949,0.7606290086929519,0.6710000516693311,-0.07367191614201918,0.7531180521122876,0.7281087274222375,-0.06741795150774928,0.7675478090025287,0.7622117015078318,-0.05760358691346424,0.0,0.0,0.0,0.0,0.0,0.0,0.0,0.0,0.0,0.0,0.0,0.0,0.0,0.0,0.0,0.0,0.0,0.0,0.0,0.0,0.0,0.0,0.0,0.0,0.0,0.0,0.0,0.0,0.0,0.0,0.0,0.0,0.0,0.0,0.0,0.0,0.0,0.0,0.0,0.0,0.0,0.0,0.0,0.0,0.0,0.0,0.0,0.0,0.0,0.0,0.0,0.0,0.0,0.0,0.0,0.0,0.0,0.0,0.0,0.0,0.0,0.0,0.0,0.3598662466286831,0.42164552377367026,0.02296657588500354,0.41215034842048737,0.42339308534483727,0.007403723547034784,0.4927277691945407,0.41743918812709846,-0.00033312546426388285,0.5480192029349565,0.40176355460191276,0.005936553149261665,0.45240481492989515,0.5226090097558036,-0.06992238782502375,0.4552031410095754,0.5390765659931224,-0.03447278461977821,0.45101985432912706,0.505785641919621,-0.07555662427365253,0.45007669797012806,0.48288906715168345,-0.07193988291555836,0.4380185775546567,0.5073722821186268,-0.07310823638888525,0.4644201683315504,0.5045637556137044,-0.07486985003431772,0.40672797348202944,0.6014187809391811,0.018598175463264095,0.5166766867128371,0.5972200465037845,0.007980637161327473,0.45620142645559153,0.578544457832397,-0.032207928196901936,0.4591197187510657,0.6328705135254427,-0.015326549605156878,0.39364884320496835,0.6064396755876087,0.021020305813222537,0.5336629699684772,0.5931245870880286,0.008873256418210015,no,2025-11-18T07:29:16.115683
0.8329026314313401,0.8635544458250672,-1.6344453173600182e-07,0.7636094985491375,0.8177972983603249,-0.0039455458249883415,0.715176114846624,0.7362182536461478,-0.011232047277618246,0.6753776092834446,0.6890291594550084,-0.02479470189727546,0.6272889040586302,0.6610157353427463,-0.038153645301890235,0.761807502541838,0.6132064745481074,0.011861720290696442,0.7061001449091395,0.5615427804707307,-0.013014691858512624,0.666090164079248,0.5345891413965843,-0.033675665517537916,0.6311054837305773,0.5111211565968667,-0.0479425681306839,0.7941851790215844,0.6048632660105365,-0.006692929723867822,0.723476603391611,0.5450760186351888,-0.036889330370339174,0.6710684282141436,0.5285107473956442,-0.05635502647254255,0.6298104562020292,0.5099893820390152,-0.065770529832723,0.8235484407972596,0.6197642597688222,-0.028570904594988053,0.7306413375215893,0.627148975368512,-0.06395116627261191,0.729442132847162,0.7038195372260792,-0.06233357142655847,0.7456633570771656,0.7449289705372626,-0.052041489629232274,0.8403572782554838,0.6558011323337232,-0.052016998856479306,0.7585231117817024,0.6709462941547492,-0.07564226240660377,0.7531719277437658,0.7290963945224286,-0.0691951896167706,0.7694571728099039,0.761301915464533,-0.059027372152267776,0.0,0.0,0.0,0.0,0.0,0.0,0.0,0.0,0.0,0.0,0.0,0.0,0.0,0.0,0.0,0.0,0.0,0.0,0.0,0.0,0.0,0.0,0.0,0.0,0.0,0.0,0.0,0.0,0.0,0.0,0.0,0.0,0.0,0.0,0.0,0.0,0.0,0.0,0.0,0.0,0.0,0.0,0.0,0.0,0.0,0.0,0.0,0.0,0.0,0.0,0.0,0.0,0.0,0.0,0.0,0.0,0.0,0.0,0.0,0.0,0.0,0.0,0.0,0.35844687374826334,0.42159335398030284,0.02377404695460485,0.410786268708878,0.42330763476302535,0.008012457110818884,0.4918184939913438,0.4174180455825617,6.515975407345761e-05,0.5464489024814247,0.4010152499820019,0.006312000521813131,0.4514057874536179,0.5222659778660305,-0.06966715689826589,0.4542592442213328,0.5388374325098058,-0.03444822627864769,0.4499391173234075,0.5054225016887228,-0.07521416785329317,0.44889488751922846,0.48257618199712926,-0.07149043916729189,0.43700672053239425,0.507139902398501,-0.07274385685549342,0.463258653248989,0.5041035149604777,-0.0745509943638252,0.40659432304949406,0.6010766862116255,0.01783284118631726,0.5167415253861427,0.596104196301819,0.00695489202732497,0.45646361622672005,0.5785596470432585,-0.032533492692468,0.45978518400627016,0.6323321850731156,-0.01631659051807021,0.39340431006550447,0.6068112083763849,0.020293635085656944,0.5324234342087106,0.5923296008255085,0.007845683037912719,no,2025-11-18T07:29:16.244054
0.8312223659304375,0.8592159886767701,-8.26947696122019e-08,0.7632725982907583,0.8150056874396687,-0.0057606087395914675,0.7142030643469875,0.7333706219364466,-0.01384701995697061,0.6732763061676013,0.6864636551879382,-0.027948727105146655,0.6247507762251769,0.6586517921460893,-0.041795298782503536,0.7587010568548729,0.6116923235682279,0.00851476131040147,0.7059230997792463,0.5547716772913346,-0.016085707105210654,0.668103413529187,0.5220854728360484,-0.035795587355836794,0.634601981023919,0.49312716860757644,-0.049472775567269325,0.79300765074622,0.6023670036889384,-0.009483769801263534,0.7257324530496416,0.535480353267866,-0.04094073589797438,0.6738437703528757,0.5124038746171642,-0.060934937054382694,0.6321044582951064,0.49052026927992937,-0.07024875686878078,0.8237205170905244,0.6161244170433772,-0.030603197968170258,0.7324992280640783,0.619643891571051,-0.0681409919264175,0.7291092938863495,0.6975326955634943,-0.06664847707375288,0.7431718172123651,0.7416907621431735,-0.055351022630077296,0.8412566058178054,0.6510102227392035,-0.053239026680198503,0.7596340801523258,0.6642533511350681,-0.0782263748384795,0.7530880903271899,0.7235388069070579,-0.07156790844683401,0.7680748758012379,0.7579187356520358,-0.060670229718416374,0.0,0.0,0.0,0.0,0.0,0.0,0.0,0.0,0.0,0.0,0.0,0.0,0.0,0.0,0.0,0.0,0.0,0.0,0.0,0.0,0.0,0.0,0.0,0.0,0.0,0.0,0.0,0.0,0.0,0.0,0.0,0.0,0.0,0.0,0.0,0.0,0.0,0.0,0.0,0.0,0.0,0.0,0.0,0.0,0.0,0.0,0.0,0.0,0.0,0.0,0.0,0.0,0.0,0.0,0.0,0.0,0.0,0.0,0.0,0.0,0.0,0.0,0.0,0.3562352694690032,0.42218311917459966,0.025068406267510286,0.4082733082760241,0.4243781901260729,0.008730848931191693,0.48900659699700705,0.4172494772981549,-8.602367449075645e-05,0.5436726888982594,0.4002365013433111,0.005644303026320684,0.44818457662342304,0.5220593249830487,-0.06950982479417613,0.45133294046813405,0.5386995373398791,-0.03459434272628273,0.4466208445484683,0.5051558757451793,-0.07494580642387139,0.4455522444607556,0.4823141199893102,-0.07111362114085305,0.43385370504330434,0.5069562996851972,-0.07238578495793623,0.45982807843170737,0.5037770437255848,-0.07438836277892226,0.40509262031838716,0.6016977547745902,0.018014220251933957,0.5142614599339008,0.5959791499335175,0.00589771100838807,0.45324968354632816,0.5781827022829207,-0.032871801305888806,0.4569752170346063,0.6334094301677834,-0.016503502458489413,0.39152854935228654,0.606696865384329,0.02053597418240443,0.5300709891075291,0.5915652411056558,0.0066713695487260185,no,2025-11-18T07:29:16.443270
0.8307906144036648,0.8581187496389069,-8.290798510068881e-08,0.7630936875464107,0.814067526441926,-0.004801796765718276,0.713501813364366,0.7313245931947858,-0.012188762643170554,0.6726696794109338,0.6833459740649926,-0.02594360300356448,0.624176136222406,0.6559223647601021,-0.03955104218299982,0.7585474404776836,0.6105237376107588,0.010218740133734004,0.706218878161489,0.5520073849141305,-0.01375988474463981,0.6692181908821014,0.5169444307158148,-0.03295949253188797,0.6363869163294491,0.4847596592664042,-0.04656721105610132,0.7924643649525015,0.6006955007362996,-0.008436272984745365,0.7269578910775094,0.5311850175419836,-0.039822841267564,0.6755889500816045,0.5056135351565206,-0.059662104797595206,0.6338522145563361,0.48202233046554144,-0.06883627378103194,0.8232423972743577,0.6136698850277311,-0.030213367942057655,0.7324618330319018,0.6162136319866212,-0.06780249670159108,0.7295944127779831,0.6944566875854428,-0.06622233304194808,0.744016084149014,0.7385149634385302,-0.05484813824253365,0.8414368566045813,0.6478503383726992,-0.05346147605012218,0.7596229625844027,0.6608534440611864,-0.07819303237086939,0.7536885308756464,0.7204827024895549,-0.07137884598019001,0.7695003180352015,0.7543275755191179,-0.06051475886271866,0.0,0.0,0.0,0.0,0.0,0.0,0.0,0.0,0.0,0.0,0.0,0.0,0.0,0.0,0.0,0.0,0.0,0.0,0.0,0.0,0.0,0.0,0.0,0.0,0.0,0.0,0.0,0.0,0.0,0.0,0.0,0.0,0.0,0.0,0.0,0.0,0.0,0.0,0.0,0.0,0.0,0.0,0.0,0.0,0.0,0.0,0.0,0.0,0.0,0.0,0.0,0.0,0.0,0.0,0.0,0.0,0.0,0.0,0.0,0.0,0.0,0.0,0.0,0.35460160859524226,0.4234334344251752,0.025345545388036187,0.40693381369058623,0.42547254447442867,0.008766339931844835,0.4871039480937641,0.41777293701524265,-0.00043232865499094456,0.5415829758330255,0.40034944516781035,0.005070514151216621,0.4460830673539555,0.523561598660195,-0.0695848232416525,0.44944869667735776,0.5400862543896203,-0.03453871824732048,0.44445097086107954,0.50662872913617,-0.07505651884280079,0.4433551652611166,0.4836654415998034,-0.07126166917151983,0.4317140675160827,0.5085010928624656,-0.07245319558885238,0.4576821474645643,0.5051377498634333,-0.07454326764429625,0.4039609697785249,0.60282829995657,0.018452217667945338,0.5131883500154734,0.5963048019984665,0.005721274519139661,0.4515099329587339,0.5792179728646354,-0.03280943813377555,0.45519423254837005,0.6343176313150471,-0.01624495574839735,0.39050203688889656,0.6082544135175887,0.02103832009072967,0.528585716473778,0.5922358580863972,0.006467684874230592,no,2025-11-18T07:29:16.582101
0.830201732773274,0.8576408510310013,-1.167005037944758e-07,0.7626986391604734,0.8123566129714819,-0.004147702487045732,0.7130485188724296,0.729491641108425,-0.01159748166463385,0.6722791048326489,0.6815190616136426,-0.025614619073541463,0.6238200324609497,0.6538880524877018,-0.039596458978334054,0.7593816594821585,0.6091958766884513,0.010909103634849914,0.7062711615023907,0.5507676044195744,-0.01344295905145785,0.6692010205852463,0.516568344060071,-0.03323680052035664,0.6356831417928068,0.48592211340662433,-0.047137339663678404,0.79284411141607,0.6002152909660654,-0.008079331201688578,0.7291801441166356,0.5313537649889484,-0.040110192363847344,0.6776856703380434,0.5075244156075878,-0.0603849744559494,0.6351841543820499,0.48629657194148806,-0.06969691541372268,0.8231798267194542,0.6136520568670455,-0.030198600517254377,0.7338504607836054,0.6161983968610779,-0.06748574994510058,0.73201164768843,0.6931980803688017,-0.06608169184531867,0.7470308408511336,0.7360067981731988,-0.05503864400067471,0.8413835732226398,0.6475996691749055,-0.053744887377969223,0.7605827606272233,0.6592556230830682,-0.07777999397459828,0.7552886390454587,0.7183031119087637,-0.07071071317316233,0.7718204274101637,0.7512645026815102,-0.059878628496162455,0.0,0.0,0.0,0.0,0.0,0.0,0.0,0.0,0.0,0.0,0.0,0.0,0.0,0.0,0.0,0.0,0.0,0.0,0.0,0.0,0.0,0.0,0.0,0.0,0.0,0.0,0.0,0.0,0.0,0.0,0.0,0.0,0.0,0.0,0.0,0.0,0.0,0.0,0.0,0.0,0.0,0.0,0.0,0.0,0.0,0.0,0.0,0.0,0.0,0.0,0.0,0.0,0.0,0.0,0.0,0.0,0.0,0.0,0.0,0.0,0.0,0.0,0.0,0.3536837333843063,0.4242357668570578,0.025009821232047286,0.4056342688200093,0.4263068968271344,0.008504673292964282,0.48662770246332493,0.4184466392773128,-0.000714512883488761,0.5401208271823361,0.40076297870458694,0.004722577106833992,0.44507828280150474,0.5244843372710766,-0.06913276344081831,0.4485007186256204,0.5409127100862744,-0.03421293680067173,0.4434018564088952,0.5075755304254,-0.0746088155756515,0.4422535858244136,0.48461465792224667,-0.07087928552064685,0.43068978670108027,0.5094846389052166,-0.07201319298995804,0.45662254832258364,0.5060468953613279,-0.07410345234317092,0.40277698473762824,0.6035411238457014,0.018512201428238607,0.5122152804402471,0.5967242856313438,0.005749982193943924,0.4495905241785704,0.5799797487804927,-0.032408463743596946,0.45367504541332226,0.6351655695790324,-0.015676955420562744,0.3901628411211069,0.6091863417189689,0.02115552322385643,0.5275138837038079,0.5928571496624002,0.006546224120032772,no,2025-11-18T07:29:16.705409
0.8316782353613227,0.8609012308171669,-3.432181465038154e-07,0.7622744683057463,0.8130420257106707,-0.0028633830411591665,0.7142521148801693,0.7306938121637858,-0.009850153288054515,0.6754777358193396,0.6827407331707892,-0.02335941968722716,0.6281639763630738,0.6509329705359194,-0.03697763294323235,0.7642321326604671,0.6097034755203579,0.01459840724016017,0.7080269405572561,0.5612003226622866,-0.014116238044514163,0.6652027389341332,0.5441430415826478,-0.038212978660432564,0.6278783493464156,0.5337891356885264,-0.05317478863009512,0.7961403999196134,0.60143693038942,-0.0038293805304920325,0.7277095848547197,0.5424491729626901,-0.03660657587915115,0.6736104152013703,0.5376821978665075,-0.05722432239657478,0.6313492881609499,0.534100342617091,-0.0661622793802546,0.8250855433855908,0.614773395863256,-0.026004666649570716,0.7350055781682157,0.6233476878104218,-0.06296004552396955,0.7346693434651104,0.6991692461112959,-0.06257870436413139,0.7513394586927025,0.7413063952451993,-0.05256517697115015,0.8427188678624643,0.6477602282546738,-0.049504791108842594,0.7616443115746743,0.6631808277272946,-0.07346024392218989,0.7572978627566008,0.7223312396396846,-0.0671054172045049,0.7743679888210486,0.7545010398215137,-0.05669655081820109,0.0,0.0,0.0,0.0,0.0,0.0,0.0,0.0,0.0,0.0,0.0,0.0,0.0,0.0,0.0,0.0,0.0,0.0,0.0,0.0,0.0,0.0,0.0,0.0,0.0,0.0,0.0,0.0,0.0,0.0,0.0,0.0,0.0,0.0,0.0,0.0,0.0,0.0,0.0,0.0,0.0,0.0,0.0,0.0,0.0,0.0,0.0,0.0,0.0,0.0,0.0,0.0,0.0,0.0,0.0,0.0,0.0,0.0,0.0,0.0,0.0,0.0,0.0,0.3524500993095314,0.4280328928079158,0.02492109456454049,0.40347508326159004,0.42938592703218903,0.007990846137568147,0.4852469884100835,0.4205027267822492,-0.001866520786093884,0.5387246544282652,0.4029631930151658,0.003247613928593962,0.44344745539039165,0.5262161795799047,-0.06881903648148513,0.447203157321729,0.5425837449509741,-0.033919754049158646,0.4416633164815014,0.5094336363751146,-0.07435910297682492,0.44045635867568034,0.48664990939878355,-0.07078495496826066,0.42908944429391477,0.5114301692126638,-0.07170454468256866,0.4548158831500537,0.5078090152027128,-0.07392840463838234,0.40150330879604496,0.6046583294761801,0.019843051642092095,0.5120550512804568,0.5976512799406872,0.006109484177498552,0.447035009732756,0.5813511467252989,-0.03200784836573883,0.4514620372864341,0.6370285736498372,-0.014470854172502517,0.39000419559068955,0.6108399283668087,0.022539278536130657,0.5272550693123836,0.5935046511003499,0.006820470852291576,no,2025-11-18T07:29:16.845983
0.833204638873212,0.8623855681444843,-4.97434612245648e-07,0.7627440513983565,0.8139351511724435,-0.003115830654010601,0.7152921262324278,0.7314379786412496,-0.010224854367876077,0.676934536607027,0.6804585979105442,-0.023365925952114536,0.6304730986017639,0.6437819614470826,-0.036374274195948984,0.768548743837634,0.6076227398143934,0.01508945618641767,0.7087369238003566,0.5666418383292817,-0.015111454383439771,0.6635124991801251,0.5666157109597046,-0.04027130520312392,0.6278970446797691,0.5724749454229985,-0.05513156137172728,0.7998381094866316,0.60043028865815,-0.0022376948202031677,0.72430383832389,0.5509984476511601,-0.034548632593301196,0.6700147818232498,0.5642363242197375,-0.053947210454969786,0.6324243360436708,0.5744881872463508,-0.06201010688289635,0.82777697979979,0.6151387707427547,-0.023632657807703142,0.7364052339235854,0.6257710993735794,-0.059296947959824514,0.735377110954891,0.7017163772155753,-0.058386446986114234,0.7529756244364544,0.7436381135943556,-0.048854167107439395,0.8449125132979161,0.6487418492328514,-0.04640891621911322,0.7636178472775105,0.664682686145294,-0.07091047628805837,0.7572406178654982,0.7250664899046049,-0.06535130602747485,0.7725506130437946,0.7583419059905451,-0.055490632490275395,0.0,0.0,0.0,0.0,0.0,0.0,0.0,0.0,0.0,0.0,0.0,0.0,0.0,0.0,0.0,0.0,0.0,0.0,0.0,0.0,0.0,0.0,0.0,0.0,0.0,0.0,0.0,0.0,0.0,0.0,0.0,0.0,0.0,0.0,0.0,0.0,0.0,0.0,0.0,0.0,0.0,0.0,0.0,0.0,0.0,0.0,0.0,0.0,0.0,0.0,0.0,0.0,0.0,0.0,0.0,0.0,0.0,0.0,0.0,0.0,0.0,0.0,0.0,0.350947199622913,0.4308968424124494,0.02482555133002167,0.4021877831964994,0.43055915669141037,0.007553498357094721,0.48264309876875483,0.42122575866624057,-0.002804417015702632,0.5369606879910338,0.40414968220189595,0.001996612887986138,0.4411652607838799,0.5280515106769458,-0.06880773126965034,0.4452447434147784,0.544092496846062,-0.033794678087520874,0.4393151360716375,0.511346255395733,-0.07441902480150564,0.4381373962186385,0.48855305154215756,-0.07096536022582,0.42683140308377077,0.5133660262166682,-0.07170727504256683,0.4524868372630838,0.5096264342905044,-0.07404983604411908,0.40019787062364653,0.6051928520149303,0.021113472275392228,0.5105629920727999,0.5983277444911413,0.006675040435253845,0.44600580387856215,0.5830709564822325,-0.03156778471849106,0.4501762871549892,0.6374970370023021,-0.013293471817868233,0.3887404391268267,0.6117929047237181,0.023833562641883726,0.5260880644604216,0.5938174047623637,0.0073118262521356305,no,2025-11-18T07:29:16.984301
0.8334109842353425,0.8638741061700205,-6.017465137676189e-07,0.7626375765510002,0.8151135993365269,-0.0028842084294708704,0.716943040636203,0.7324999856432566,-0.009752582190138113,0.6811799984728097,0.6798865460217699,-0.0224611591320822,0.6367233204076019,0.6436170942813568,-0.03510527104224749,0.7699839556781249,0.6056481585615241,0.014556994758905933,0.7072418468527235,0.5687396680202317,-0.017335320167693968,0.6611920451356406,0.5817107311417022,-0.043290773734293395,0.6276649935351055,0.6005707923755007,-0.057862342925391344,0.8013964810338279,0.5995311035442392,-0.002452296795230499,0.7216802223083073,0.5564742974015535,-0.035413149640633294,0.6676503335786323,0.5829301979088952,-0.0543652922630455,0.6334742811161652,0.6034498037958286,-0.06160199142567631,0.8290899452545856,0.6157022424556516,-0.023617937741992535,0.7380017540772712,0.6259855896457436,-0.05935331110843227,0.736501831768339,0.7036033043647762,-0.05834924899216257,0.7546786276669881,0.745558627176435,-0.04884770256464499,0.8461568277091387,0.6502255538946087,-0.04606178512376445,0.7650568653711618,0.6657612918889464,-0.0711997561856399,0.7579151514143623,0.7273979817477279,-0.0658882886798694,0.7727019341578532,0.7605257916049679,-0.055927761339127066,0.0,0.0,0.0,0.0,0.0,0.0,0.0,0.0,0.0,0.0,0.0,0.0,0.0,0.0,0.0,0.0,0.0,0.0,0.0,0.0,0.0,0.0,0.0,0.0,0.0,0.0,0.0,0.0,0.0,0.0,0.0,0.0,0.0,0.0,0.0,0.0,0.0,0.0,0.0,0.0,0.0,0.0,0.0,0.0,0.0,0.0,0.0,0.0,0.0,0.0,0.0,0.0,0.0,0.0,0.0,0.0,0.0,0.0,0.0,0.0,0.0,0.0,0.0,0.3464134625395754,0.43438872393583133,0.027465244180943395,0.39736680123951557,0.433895885127474,0.008615188348818519,0.47820212003447815,0.4233001928897914,-0.004142748351067854,0.5336770846228057,0.4057145123074223,-0.000764157732870363,0.4342110565861309,0.5301105753705926,-0.06872607156577343,0.43918438950581296,0.546195100056103,-0.03378049810006632,0.43224324077198667,0.513575988339346,-0.0743407250524824,0.4312859247338081,0.49100347081368895,-0.07090993380625221,0.41997497216223145,0.5156893941431852,-0.07135138488294342,0.4454594077443959,0.5118282368004798,-0.07424541843166266,0.3957644587216667,0.6071821212741888,0.022522627484031527,0.5057430148008958,0.6002475562131611,0.0048077467792775564,0.43965326872242316,0.5862478429147308,-0.031637835662472955,0.4449191334151411,0.6397282328947668,-0.012727197109260797,0.38561574563877654,0.6143296870534789,0.02558817110188049,0.5215413597963576,0.5962498445587636,0.0053096807826027255,no,2025-11-18T07:29:17.112166
0.8336379557636063,0.8662436150318791,-6.633134041117809e-07,0.762975077376147,0.817342964428853,-0.00307562014547001,0.7181683257952438,0.735437258456165,-0.010418799421539908,0.6832072725670933,0.6822617482573143,-0.023423232126811612,0.6389362716292007,0.6459310356393662,-0.03638880409343038,0.7720087808652618,0.6050229661520999,0.012977555442781234,0.7070967027213294,0.5707631188077843,-0.019674152273909985,0.6600423383332011,0.5903554137314041,-0.04609350224576494,0.6271830550484976,0.6156331869058289,-0.0606364503659416,0.8030226190073619,0.600246573176386,-0.003717510092025693,0.719767361062601,0.5632569338665635,-0.03619810561124168,0.6659824806130161,0.5960226608288373,-0.054728886148340795,0.633789981744606,0.6203559548688005,-0.06190926145549772,0.830152126996647,0.6179644022394073,-0.02453712818688038,0.738304729358353,0.6288071110956074,-0.0593755582952907,0.7368205581895437,0.705390829314041,-0.05820863742468636,0.7555988236353587,0.746369395518378,-0.049119381816113084,0.8467748721942605,0.6537749936106649,-0.04663537497422048,0.7654931033436925,0.6676484047907562,-0.07168311442952802,0.7576125325248081,0.7286493199391868,-0.06643274206079613,0.771893628030541,0.7623391890325407,-0.056525279056518794,0.0,0.0,0.0,0.0,0.0,0.0,0.0,0.0,0.0,0.0,0.0,0.0,0.0,0.0,0.0,0.0,0.0,0.0,0.0,0.0,0.0,0.0,0.0,0.0,0.0,0.0,0.0,0.0,0.0,0.0,0.0,0.0,0.0,0.0,0.0,0.0,0.0,0.0,0.0,0.0,0.0,0.0,0.0,0.0,0.0,0.0,0.0,0.0,0.0,0.0,0.0,0.0,0.0,0.0,0.0,0.0,0.0,0.0,0.0,0.0,0.0,0.0,0.0,0.3416276421050538,0.43513823894965087,0.030943602967751935,0.3902391986734992,0.43437540490313825,0.009974861541653026,0.47086828230250977,0.4256978413150816,-0.006327367932930863,0.5262756265094009,0.40801599643576986,-0.00515266466788758,0.42372069316904964,0.534387189950845,-0.06838131390483496,0.42985422511598936,0.5499961427385465,-0.03335590737200982,0.42167913064276064,0.5180486526722518,-0.07407805403477277,0.4210842286651981,0.4954475249824213,-0.0707950562540649,0.40956904955386353,0.5200609968438552,-0.07069199073553908,0.4350316435980738,0.5163383151203632,-0.07437211787815051,0.3900554272263195,0.6102348446832675,0.02508269302359621,0.49744015335458,0.6045991749781473,0.0025631757085731294,0.42986124320215396,0.5899599400196822,-0.031096591321581955,0.4360417844008994,0.6427869124583545,-0.01186202226137054,0.3797017829889897,0.6169711308154052,0.02864034730557224,0.514304579682267,0.6004647443332911,0.0028152747764809047,no,2025-11-18T07:29:17.246083
0.8351240768922708,0.8665832650068606,-6.782138601377409e-07,0.7640953861402372,0.8177353280873055,-0.0033656101370826896,0.7193429805703514,0.736207656251398,-0.011273619111056628,0.6843607421108782,0.682926199407893,-0.024623019615103537,0.6403607082175544,0.6461886616356773,-0.03784674633315699,0.7741020938895096,0.605330645683243,0.01087277664439429,0.7077616487277607,0.5715914407095868,-0.0222648587768161,0.6602088773060202,0.5933694330734351,-0.04874519313495408,0.6271923061039607,0.6209609196629364,-0.0632411040443981,0.8050913790456121,0.6010529819560061,-0.005703785487893073,0.7200645651309862,0.5650564206533746,-0.03855164532752674,0.6660320439773912,0.6014542556291861,-0.056412233988944335,0.6345439977158699,0.6287928477442299,-0.06303876047847747,0.8315450414264851,0.619729347726149,-0.026373464975088252,0.7392550086458514,0.6310563601609172,-0.06060507533373487,0.7380095320339961,0.7069860788530349,-0.058918388802994694,0.757490178152213,0.7469758857608217,-0.049843713000875756,0.8471586982660145,0.6560608530999644,-0.04839944494317447,0.7659667474421099,0.6713024228581772,-0.07315079776456679,0.7572401792548815,0.7314288624785198,-0.06813491025645321,0.7709122039822351,0.7639768493075301,-0.058589520042881135,0.0,0.0,0.0,0.0,0.0,0.0,0.0,0.0,0.0,0.0,0.0,0.0,0.0,0.0,0.0,0.0,0.0,0.0,0.0,0.0,0.0,0.0,0.0,0.0,0.0,0.0,0.0,0.0,0.0,0.0,0.0,0.0,0.0,0.0,0.0,0.0,0.0,0.0,0.0,0.0,0.0,0.0,0.0,0.0,0.0,0.0,0.0,0.0,0.0,0.0,0.0,0.0,0.0,0.0,0.0,0.0,0.0,0.0,0.0,0.0,0.0,0.0,0.0,0.3502405358304734,0.43346113636249023,0.024467642741150118,0.4003201075736347,0.4325009582384649,0.006898214703370804,0.4822227621000464,0.42309864266147756,-0.004098859655402738,0.5370400208676918,0.4063132853406114,0.0002227378734583202,0.4415499744703433,0.5329129789304243,-0.06921971809104739,0.44573553452740844,0.5480389620629378,-0.033525737385636606,0.4396630483116452,0.5163272960302634,-0.07510418112281127,0.43843746359674396,0.49326549897478456,-0.07195471824725264,0.4269643399500809,0.5183458530075752,-0.07231587687254364,0.4530446634137601,0.5144241881922007,-0.07479169476089456,0.4002930866047216,0.6102282941334733,0.022833531050937377,0.5100071102351819,0.6024418458947591,0.0077550164240206615,0.44705085239502995,0.5879710717516319,-0.03043970218199211,0.4521179259395397,0.6410162708844812,-0.011516621531570613,0.3896176764008822,0.6151635327176543,0.02570524940075289,0.5269976563190998,0.5967224751730085,0.008378400594722385,no,2025-11-18T07:29:17.381290
0.8356467790848683,0.8666366225184602,-6.812981440999883e-07,0.7643503051363876,0.8176061579630254,-0.0038805000332482425,0.7197933960888561,0.7358062228495912,-0.011728770727006347,0.684729724893406,0.6818949389316229,-0.024902599860871698,0.6410736119651462,0.6447290108505688,-0.037879801560300075,0.7748026858340675,0.6059188542976152,0.011238405027471726,0.7090214507943918,0.572344066635845,-0.022203566541020257,0.6614750307703197,0.5944927080413868,-0.04886169200202351,0.6285503743006071,0.6226849996073166,-0.06337160729263247,0.8058609058256778,0.6014512391602997,-0.005018837532715424,0.721309505198855,0.5651898569312253,-0.03819708617971262,0.6672199208954034,0.6027543533089779,-0.05597822508737626,0.6361084196323947,0.6309428937989491,-0.0623224813765192,0.8323897949976053,0.6200851538282844,-0.025533673533960886,0.7408168899754678,0.6310998458443136,-0.060290437253425776,0.7391401925382993,0.7071374402615547,-0.05864587345182369,0.7584968607645678,0.7470293278157899,-0.049355929397276066,0.8481675227608607,0.6564117265225164,-0.04743831245874601,0.7674666217164315,0.6715902313475304,-0.07255503862108154,0.7582999185096582,0.7318126265536673,-0.06764666681030783,0.7716391552461987,0.7642167991349662,-0.05805244022893149,0.0,0.0,0.0,0.0,0.0,0.0,0.0,0.0,0.0,0.0,0.0,0.0,0.0,0.0,0.0,0.0,0.0,0.0,0.0,0.0,0.0,0.0,0.0,0.0,0.0,0.0,0.0,0.0,0.0,0.0,0.0,0.0,0.0,0.0,0.0,0.0,0.0,0.0,0.0,0.0,0.0,0.0,0.0,0.0,0.0,0.0,0.0,0.0,0.0,0.0,0.0,0.0,0.0,0.0,0.0,0.0,0.0,0.0,0.0,0.0,0.0,0.0,0.0,0.3593757635826943,0.4315230134832547,0.019498428956541646,0.4115152333350809,0.43039116253178433,0.004729045735644636,0.4937937390765277,0.4207289313447006,-0.001743451595638016,0.5464042851549915,0.40355718886342856,0.005246158209871975,0.45767011631975874,0.5302584814047568,-0.06906307226039796,0.46035600726729003,0.545731247751287,-0.033457261701765675,0.4559312739593657,0.5135660938082836,-0.07492684779168746,0.4542512753383729,0.49048283164643464,-0.07176997811357078,0.4430256025683861,0.5157172780815464,-0.07264507447242943,0.4691218041104064,0.5116049266137243,-0.07412066438822736,0.4117349409244693,0.6091977924105172,0.01979491639835487,0.5224846735582189,0.599813937426063,0.010876132398973174,0.462733737040029,0.586083581224937,-0.030471119723706037,0.46692157092570247,0.6394289563937023,-0.01175172962696585,0.4001140717981965,0.6148244578757034,0.02214641653836673,0.5381840917932779,0.594708349050051,0.011927447811132249,no,2025-11-18T07:29:17.511299
0.8365519795540308,0.8661657813043198,-6.875126730029232e-07,0.7656291177552665,0.8179821704350649,-0.004406455756971626,0.7209877753721563,0.7362363915113129,-0.012258590512766317,0.6862601189660207,0.6820677125383212,-0.025255228857022954,0.6430131930064988,0.6454547308834295,-0.03810992986900483,0.774946004677364,0.6061094253368264,0.010679010075073811,0.7091652759495641,0.5732391784270991,-0.023113664256902627,0.6617494067502111,0.5968432001243615,-0.049822968567711734,0.6295305310643355,0.6262195628396232,-0.06420518513964624,0.8062995518145876,0.6014278338211777,-0.00523531728737872,0.7214718273751233,0.5651802215201933,-0.038824638810981915,0.6672121206630794,0.6039674574257444,-0.05668157223127873,0.6364544139978685,0.6336523655930171,-0.06283160617082834,0.8332291658780141,0.619996385698627,-0.025442575660429748,0.7421006256212788,0.6306187042980418,-0.060933887989377114,0.7396892805247497,0.7073457711027622,-0.059563241493997325,0.7585466703286492,0.7479823944300508,-0.05015273469325454,0.8495673159820997,0.6562484896421786,-0.04699284217643359,0.7687332119145054,0.6712076775672283,-0.07268668502075157,0.7593939460998456,0.7322893293863002,-0.06785273151864307,0.7726522619015875,0.7654086741780025,-0.058084337533947025,0.0,0.0,0.0,0.0,0.0,0.0,0.0,0.0,0.0,0.0,0.0,0.0,0.0,0.0,0.0,0.0,0.0,0.0,0.0,0.0,0.0,0.0,0.0,0.0,0.0,0.0,0.0,0.0,0.0,0.0,0.0,0.0,0.0,0.0,0.0,0.0,0.0,0.0,0.0,0.0,0.0,0.0,0.0,0.0,0.0,0.0,0.0,0.0,0.0,0.0,0.0,0.0,0.0,0.0,0.0,0.0,0.0,0.0,0.0,0.0,0.0,0.0,0.0,0.3545939567921101,0.4315409900599562,0.022565370738940056,0.4066183554218129,0.4323622136797563,0.006178159822696119,0.48794015407367186,0.422506352025843,-0.0027566866000909704,0.5418372367432978,0.4056047387693684,0.0028437378427528352,0.4484422027540719,0.5315997325885173,-0.06886388975192025,0.4520312151557474,0.547561765357043,-0.03327304926034958,0.4466966976038055,0.5150222267537664,-0.07470868258477043,0.4454098869749116,0.4920856479055843,-0.07148799822111873,0.433995700711607,0.5170885672958544,-0.0721364015567313,0.4599729281029098,0.5132530737061083,-0.07416475255801672,0.40601435418835463,0.6094973370431187,0.02002165915421074,0.5149788923554339,0.6027913686039312,0.007670057816495631,0.4516510622742107,0.5872042428333852,-0.030969492938115493,0.4562650934004733,0.6406444227120794,-0.011798891520506307,0.3955090405701951,0.6172181585986488,0.022948982049231258,0.5305511878663197,0.5993541606967479,0.008801353195863752,no,2025-11-18T07:29:17.651252
0.8370341138900983,0.8682901383862297,-6.99564789424618e-07,0.7660881604096157,0.8198459016543,-0.00370678170205374,0.7219878924124881,0.7373953153921922,-0.01133187782803867,0.6881789639019557,0.6830192607605852,-0.02427264372747264,0.6444611915922082,0.6475280951933017,-0.03716356568506794,0.7774374636652811,0.6057411655340138,0.011279901376238154,0.7111360733004046,0.5747405444423551,-0.022557593890712706,0.662913821188216,0.5994506861751568,-0.04963042081659169,0.6296842306334098,0.6294891795273403,-0.06437333328747258,0.808292709037558,0.6019245885738731,-0.005226733690765109,0.7220818008717047,0.5675466255954543,-0.03818162460487565,0.6678495963270231,0.6064351645172392,-0.05610578821729914,0.6368704193173547,0.6344742955704038,-0.06270536566838383,0.8347599415014766,0.6214127922679537,-0.025981964355748073,0.741994902187089,0.6324341659441106,-0.060751816273259686,0.7400371382310486,0.7087772425555467,-0.05909025648847091,0.7593965331967037,0.747887766228621,-0.049899647397977864,0.8503662457100134,0.6589709717154679,-0.04809993508899023,0.7686438304979631,0.6729411538661643,-0.073387029466543,0.760526694739147,0.7329008654835554,-0.06827879124517092,0.7751827207449526,0.7645473377394072,-0.05851031585109045,0.0,0.0,0.0,0.0,0.0,0.0,0.0,0.0,0.0,0.0,0.0,0.0,0.0,0.0,0.0,0.0,0.0,0.0,0.0,0.0,0.0,0.0,0.0,0.0,0.0,0.0,0.0,0.0,0.0,0.0,0.0,0.0,0.0,0.0,0.0,0.0,0.0,0.0,0.0,0.0,0.0,0.0,0.0,0.0,0.0,0.0,0.0,0.0,0.0,0.0,0.0,0.0,0.0,0.0,0.0,0.0,0.0,0.0,0.0,0.0,0.0,0.0,0.0,0.3507409514604777,0.43188625285296856,0.026023118913390545,0.4012734883569636,0.43278095868657307,0.007761782778885796,0.4821530985822461,0.4231008091363193,-0.004144962503657694,0.5368301080967618,0.40617797711364234,-0.00032259686465596106,0.4391603678202885,0.5327726763242422,-0.06900030681395986,0.4438234071555867,0.5484318438391813,-0.033539952990994604,0.4372684801276245,0.5162833673670566,-0.07477665557861721,0.43626728303175205,0.493434599203227,-0.07149128876815214,0.42481148582428646,0.5182329888538446,-0.07187349320590547,0.45058918502733075,0.5146013999054223,-0.07457080329216716,0.3999129092490235,0.609709187596953,0.022220079237478103,0.5094585750248392,0.6038818357587985,0.005681281848842965,0.44427855099451197,0.5885593419710444,-0.03115984231034631,0.4490917183530305,0.6419248240898807,-0.01167126246840068,0.3899739564537682,0.6165890206674274,0.025372752847375734,0.5251567327347346,0.6000113551172033,0.006462384962567582,no,2025-11-18T07:29:17.775784
0.8366009929210776,0.868743455480804,-6.978955561203459e-07,0.7657827002476087,0.8186065488686844,-0.002952669535732366,0.7225257998820863,0.7368692899859826,-0.010735111389506329,0.6888533271562849,0.6827567717415292,-0.023844712762738873,0.6452542130637127,0.6471353387572343,-0.03693263177062788,0.7792340294839315,0.6067021004633875,0.010281325726891898,0.7124294491753793,0.5738711434026655,-0.02305351663812302,0.6639243175822519,0.5971866143735891,-0.0495096159044163,0.6304318412879268,0.6262341718254377,-0.06393770328771822,0.8098054638727982,0.6030390512411297,-0.0063486544260216785,0.722722451177048,0.5672293403055091,-0.03908947447618584,0.6684503535357498,0.6058863027423995,-0.0565199122658933,0.6374752100973675,0.6346186787853392,-0.06282316786579668,0.8354760064696561,0.6223671031308946,-0.026976480986198374,0.7416636569765707,0.6327846827454623,-0.060945351615810175,0.7407623504437255,0.7082456318807244,-0.058986287462785184,0.7606068750349364,0.7474134146504128,-0.04984088354467489,0.8499834592159381,0.6594970026671975,-0.048909340070902356,0.767774002889744,0.6737415520459972,-0.0735539397584962,0.7595947871030788,0.733284894430773,-0.06842200171766107,0.7736916525782869,0.7653147526824172,-0.05882701709157134,0.0,0.0,0.0,0.0,0.0,0.0,0.0,0.0,0.0,0.0,0.0,0.0,0.0,0.0,0.0,0.0,0.0,0.0,0.0,0.0,0.0,0.0,0.0,0.0,0.0,0.0,0.0,0.0,0.0,0.0,0.0,0.0,0.0,0.0,0.0,0.0,0.0,0.0,0.0,0.0,0.0,0.0,0.0,0.0,0.0,0.0,0.0,0.0,0.0,0.0,0.0,0.0,0.0,0.0,0.0,0.0,0.0,0.0,0.0,0.0,0.0,0.0,0.0,0.3520497144072637,0.4307802305085918,0.02489591816823597,0.4020622965466458,0.43107819928442576,0.007489904667480208,0.48267135560463775,0.42135048403307207,-0.0031856004377310253,0.5372230910909988,0.40403514076705677,0.0012901934115810447,0.44079429952980365,0.530022688793835,-0.06927124191773165,0.4450832357318766,0.5457718522956435,-0.03373780767499693,0.4388848913041611,0.5134414008714098,-0.07503280348777967,0.4376955312835228,0.49057168819624086,-0.07168635856454558,0.426298590211719,0.5154864428140683,-0.07226286814183022,0.45222376538716236,0.5116881978546277,-0.07468745035309193,0.40170735894618226,0.6082623224705042,0.021438639801868362,0.5100237892938833,0.6012142895758714,0.006631186667380266,0.4473764215171916,0.5853669705708646,-0.03136908352275548,0.4522124458140122,0.6392638513302187,-0.012400797405840498,0.38975370829699824,0.6150233800103037,0.024377214686126643,0.5262667816562925,0.5970242055432208,0.007444673691455968,no,2025-11-18T07:29:17.971688
0.8370852936521587,0.8702681541796873,-7.000099191952896e-07,0.76524459633581,0.8197003868038796,-0.002059633854295362,0.7214970412908357,0.7376399410325726,-0.009477743918174738,0.6871839482194083,0.6837723802021245,-0.02250758343125662,0.6431999596202352,0.6477641272414711,-0.03559038573993106,0.77722563228614,0.6068516727426038,0.011686377897453975,0.7106111274235356,0.5737334528277366,-0.02145957621030163,0.6625215912976872,0.5978476948039058,-0.04791429885045968,0.6301343195010801,0.6277637471943045,-0.06235428254610177,0.8079532738141457,0.6034052496882528,-0.005519832849196247,0.7210820815398332,0.5677047420693347,-0.03807975520531704,0.6673077632947456,0.6067650131151268,-0.055753514957009,0.6373759297862326,0.6359144941454009,-0.06215000099208146,0.833905977706874,0.6231870746767907,-0.026721737300614806,0.7400483302010844,0.6339310796234636,-0.0604509604202031,0.7384831296820068,0.7091697140669644,-0.058914091387428015,0.7580293367369811,0.7481998890306812,-0.05007055085479785,0.8487070528177316,0.66097270444334,-0.049135049813597925,0.7663253034849721,0.6746262772932927,-0.07353244975147481,0.7580012326151838,0.7340258676827632,-0.06836232772378834,0.7720810762853287,0.7664016161483376,-0.0587053525412376,0.0,0.0,0.0,0.0,0.0,0.0,0.0,0.0,0.0,0.0,0.0,0.0,0.0,0.0,0.0,0.0,0.0,0.0,0.0,0.0,0.0,0.0,0.0,0.0,0.0,0.0,0.0,0.0,0.0,0.0,0.0,0.0,0.0,0.0,0.0,0.0,0.0,0.0,0.0,0.0,0.0,0.0,0.0,0.0,0.0,0.0,0.0,0.0,0.0,0.0,0.0,0.0,0.0,0.0,0.0,0.0,0.0,0.0,0.0,0.0,0.0,0.0,0.0,0.353526788990169,0.4291339807442556,0.023372473467195606,0.40459424241242203,0.4287965912308054,0.007041747634879459,0.48479385942196307,0.41868517048142556,-0.0019734075407239187,0.5396077585047889,0.40125339711425656,0.0035109208557120588,0.4456546507710282,0.5274604897139952,-0.06966264063841218,0.44942370307006274,0.5431285873855385,-0.03399393295436744,0.44371174635131455,0.5107692863274285,-0.07543478313684562,0.44222026975686607,0.48778576184371064,-0.07204769244464729,0.4309225090884416,0.512950730209448,-0.07284888617977513,0.45708134151201685,0.5088302618282385,-0.07489439434001147,0.4050686398097763,0.606065850518623,0.020358832648460348,0.5128739857113948,0.5974543988257928,0.00794493102818605,0.45095590821209464,0.5825771720568251,-0.031503210290769024,0.4558752739819878,0.6368339572775056,-0.01347791721373873,0.3920460388332525,0.6132718053902073,0.023020741977319684,0.5302976807794707,0.5931431667097513,0.008806134345265452,no,2025-11-18T07:29:18.104612
0.8369089896090536,0.8688766896901702,-6.764998582701806e-07,0.7649750079381077,0.8169086708036732,-0.0026340908424385134,0.7214782746165177,0.7342869824448446,-0.010011604541030642,0.6870154002609798,0.6799420391763796,-0.022853582020527525,0.6433992878717174,0.6423265242511524,-0.035443157749835946,0.7770295832634313,0.6066806493271582,0.012332388069278336,0.7117502205606753,0.5724307317887767,-0.02101168246116316,0.6639154506285494,0.595154372180319,-0.04732526775606614,0.6313154574418853,0.6238943035497737,-0.061558321619063,0.8076551435198506,0.6028646889195963,-0.0043603073068294185,0.7217074285663185,0.5644702935791468,-0.03722393783350969,0.6678731883547551,0.6030295993767772,-0.05455415735223802,0.6380980803735392,0.6318760462346115,-0.060542613000999834,0.8334426495933357,0.6217524755078747,-0.02523910670988773,0.7399872447914755,0.6323558584438577,-0.0592497533672213,0.7386818521926117,0.7071971736419111,-0.05734900941403566,0.758957860373648,0.745149140043371,-0.04811112610786939,0.8478230102612523,0.6582427869007014,-0.04744238686244166,0.7660120172152796,0.6739560000129183,-0.07172954954176067,0.7582341554120535,0.7334100166470152,-0.06657916049613909,0.773085116933329,0.7642038302680775,-0.05700794994653738,0.0,0.0,0.0,0.0,0.0,0.0,0.0,0.0,0.0,0.0,0.0,0.0,0.0,0.0,0.0,0.0,0.0,0.0,0.0,0.0,0.0,0.0,0.0,0.0,0.0,0.0,0.0,0.0,0.0,0.0,0.0,0.0,0.0,0.0,0.0,0.0,0.0,0.0,0.0,0.0,0.0,0.0,0.0,0.0,0.0,0.0,0.0,0.0,0.0,0.0,0.0,0.0,0.0,0.0,0.0,0.0,0.0,0.0,0.0,0.0,0.0,0.0,0.0,0.3558092653952386,0.42742626332897593,0.022806115584475088,0.40684260419933693,0.4266368458015599,0.006886358116577918,0.48696958407747476,0.4169510317195565,-0.0014986273424105042,0.5414014434728229,0.39912011963485655,0.004341303866138639,0.4487808894333275,0.5247724523364745,-0.06938902792695222,0.45218286043185907,0.540550280402364,-0.03385257887437763,0.44688720435718343,0.5080143702888821,-0.07512943895459225,0.44532604471710946,0.4850447949223665,-0.07173154349462436,0.4340595011186227,0.5102334677601348,-0.07262053337089724,0.4601839153801463,0.5060529175409351,-0.07453140783403962,0.40703495040282056,0.6041570211760596,0.019859449054332713,0.5154703449923093,0.5950859933868191,0.008344606372415407,0.4531962328717257,0.5798833385785377,-0.03132429648165866,0.4581552279190716,0.6343520539218033,-0.0140813809879128,0.39362165556698636,0.610540197662755,0.02237136824082611,0.5323395053963729,0.5900885172728749,0.009179939401463779,no,2025-11-18T07:29:18.233949
0.839376774162437,0.8677423864691542,-5.516975069699035e-07,0.7673023028009935,0.8171900577052271,-0.0012845636692324774,0.7213573113843392,0.7357036861915995,-0.008468233524380683,0.6839399863930021,0.685200794301706,-0.021760622432294686,0.6375033207795019,0.6499386680093653,-0.03486381697032069,0.7752016829490832,0.6093945293659564,0.01564537308168726,0.7129744049428133,0.5737551758366338,-0.016480925609896956,0.6651936447898301,0.5820316212002516,-0.04331608271304836,0.6281569538605606,0.5981466022677457,-0.05865127245785265,0.8055564700467448,0.6043646664850972,-0.002564174592651216,0.723704082306078,0.5604221833038556,-0.03485006788084996,0.6682383043061617,0.5816230131130713,-0.05420276356030957,0.6319042242649862,0.5986979279787559,-0.06206575022703953,0.831981013889304,0.6222901219168402,-0.024841658060814016,0.7368216467830974,0.6349444039457448,-0.05844881862964031,0.735610067531929,0.7102963845962241,-0.057306424701968124,0.753760962438182,0.7510722003794278,-0.04832114107057345,0.8471725813425555,0.6590149228654814,-0.04853085009594995,0.7640647909467359,0.6768295880172471,-0.07183727685346662,0.7567145289160487,0.7354606469229034,-0.0664824271721361,0.771064311062566,0.7681506195197962,-0.05689672760576743,0.0,0.0,0.0,0.0,0.0,0.0,0.0,0.0,0.0,0.0,0.0,0.0,0.0,0.0,0.0,0.0,0.0,0.0,0.0,0.0,0.0,0.0,0.0,0.0,0.0,0.0,0.0,0.0,0.0,0.0,0.0,0.0,0.0,0.0,0.0,0.0,0.0,0.0,0.0,0.0,0.0,0.0,0.0,0.0,0.0,0.0,0.0,0.0,0.0,0.0,0.0,0.0,0.0,0.0,0.0,0.0,0.0,0.0,0.0,0.0,0.0,0.0,0.0,0.3591872722010983,0.4258494896871778,0.022202557952156806,0.410746775527441,0.42594923125420403,0.0067208182182216915,0.49067121438675987,0.41602189900224956,-0.0008982662896793929,0.5450861442045969,0.3979298608618924,0.005406565979014129,0.4528676694242672,0.5227667028814178,-0.06943875803233712,0.4560019678164468,0.5388289634338328,-0.033974799228682226,0.45104940697957896,0.5059500581455396,-0.07512903437912488,0.44949283428921116,0.48300356549287576,-0.07166973424621545,0.43820346913097424,0.5082036584329849,-0.07270848376747224,0.4643410130756628,0.5040149421994227,-0.07444977098750397,0.4102034950988712,0.6028454852756061,0.019228228857384195,0.5186154043534544,0.5940983071811567,0.00873354723066061,0.4572779711864961,0.578098953549065,-0.031516186538959365,0.4617317682602255,0.6333148309197945,-0.014395071056857896,0.3963770728625337,0.6089226237794976,0.02159926562583088,0.5356398781349693,0.588327065509759,0.009593808034964457,no,2025-11-18T07:29:18.375325
0.8382755054684408,0.8677074149295234,-4.263148748252387e-07,0.7671068749245904,0.817911270593794,-0.0009972789789297679,0.7193587549410557,0.7368481652507985,-0.008094886322750926,0.6802213455066817,0.6886259236744431,-0.021773452135653893,0.6321870062778887,0.6556193357689801,-0.03533674889491605,0.7728253328323449,0.6122661724207101,0.016444044853510045,0.7124824999033524,0.573366776589429,-0.013876535056894212,0.6661574381728844,0.5684629150541664,-0.039617386488636684,0.6267628937012153,0.5715864523026961,-0.05504939717651143,0.8031854003122976,0.6062727139111888,-0.0025226672897896607,0.7243662091771021,0.5587740844631308,-0.0347818636581803,0.6679515949135484,0.5649215853681812,-0.05528183011854418,0.6264490980448161,0.5698212819234142,-0.06441183009031687,0.8301636331653551,0.6230193015952457,-0.025310789811146792,0.7339873886572041,0.6378502074774806,-0.05996589787585436,0.731924980722599,0.7144277652618267,-0.05890794889368578,0.7477832579372307,0.7570568781304641,-0.049331032741292774,0.8457244451779611,0.6595181735794997,-0.04946996434698621,0.7625136088045905,0.6783095059799065,-0.07232650401062996,0.7567844719279646,0.7358174959696915,-0.06614953028771867,0.7720747440036493,0.7680862803523969,-0.05599380847022304,0.0,0.0,0.0,0.0,0.0,0.0,0.0,0.0,0.0,0.0,0.0,0.0,0.0,0.0,0.0,0.0,0.0,0.0,0.0,0.0,0.0,0.0,0.0,0.0,0.0,0.0,0.0,0.0,0.0,0.0,0.0,0.0,0.0,0.0,0.0,0.0,0.0,0.0,0.0,0.0,0.0,0.0,0.0,0.0,0.0,0.0,0.0,0.0,0.0,0.0,0.0,0.0,0.0,0.0,0.0,0.0,0.0,0.0,0.0,0.0,0.0,0.0,0.0,0.3590261325290388,0.4251351020327674,0.021867402397568597,0.4110510162808714,0.4255182521875421,0.006760394253025664,0.4915750458463722,0.41570434749993457,-0.0002178443930195941,0.5450692766883275,0.3983803459563826,0.006489433821236238,0.4544743063851454,0.5220087138369491,-0.06945078945995137,0.457397282435941,0.5381864877517675,-0.03410048545051322,0.4527333774437995,0.5051830235338294,-0.07507303841859114,0.45119005058176226,0.4822817786647118,-0.07151258325908642,0.4398523495662119,0.5074075028157357,-0.0727198775768094,0.4659814081796771,0.5032886729391584,-0.07432078984403274,0.41001388851489734,0.602390853199174,0.01826933935546183,0.5189128416706694,0.5939523167852347,0.00860781312614664,0.4586909054111725,0.5781968835910151,-0.031904769884360244,0.4628592762399837,0.6330972228749058,-0.01481290061641494,0.39719518330283365,0.6086310859452297,0.020593611928699608,0.5361591557766217,0.5882408397407346,0.009547012829486556,no,2025-11-18T07:29:18.504645
0.8374809987173442,0.8665772892556858,-3.088562391845789e-07,0.7670292775540005,0.8183030204649726,-0.0019415998365138222,0.717320657167946,0.7381032057886225,-0.009138935713685691,0.6760662329607078,0.6914857883657708,-0.022919356921181876,0.6269489811872689,0.660465485154769,-0.03661070820533538,0.7690907877445263,0.6141020007191746,0.015421681439013075,0.7097632824509896,0.5732996540684877,-0.011633161950292781,0.6660440334747173,0.5573990080908955,-0.035008410378555635,0.627380444062064,0.5468744448708305,-0.05018038495183356,0.7996628269280757,0.6070054851828283,-0.003483293753622047,0.7227222727079816,0.5584457072687206,-0.0345019724808884,0.6667678113403649,0.552387191676629,-0.05512120998722676,0.6232387373120504,0.545389316327155,-0.06504539955796437,0.8270888802099206,0.6227014480540926,-0.02588184625781205,0.7308479833834727,0.6390231462268384,-0.060592202731882025,0.7288183122092151,0.7155753354488302,-0.059692763021776896,0.743610985267062,0.7587418189251564,-0.05008801309179488,0.8429765907892827,0.6587440626045692,-0.049722266267588335,0.7597904955701267,0.6786579220497067,-0.07259733245704189,0.7546585664445579,0.7355155070561958,-0.06639889874862427,0.7702112122861722,0.7682437727483725,-0.05627113861940984,0.0,0.0,0.0,0.0,0.0,0.0,0.0,0.0,0.0,0.0,0.0,0.0,0.0,0.0,0.0,0.0,0.0,0.0,0.0,0.0,0.0,0.0,0.0,0.0,0.0,0.0,0.0,0.0,0.0,0.0,0.0,0.0,0.0,0.0,0.0,0.0,0.0,0.0,0.0,0.0,0.0,0.0,0.0,0.0,0.0,0.0,0.0,0.0,0.0,0.0,0.0,0.0,0.0,0.0,0.0,0.0,0.0,0.0,0.0,0.0,0.0,0.0,0.0,0.3584330968583915,0.42416320550399356,0.02336965712556023,0.41015662810694264,0.42575110879221156,0.00771251044059307,0.49038768483324313,0.4168428370399911,-3.863726813999556e-05,0.5440995392192554,0.39940086347654336,0.006343359597000055,0.45147660686593544,0.5221503360845055,-0.06970083404004954,0.4545844645869967,0.5385908768562304,-0.03450249575400703,0.44977090250802493,0.5053053112435382,-0.07523406539335853,0.44839076506081676,0.4824586681581158,-0.07152059468792907,0.436918612622614,0.5074061237204136,-0.07279217149614357,0.46304776480837495,0.5035814278201346,-0.07455617024016212,0.40758271725816586,0.6024020153447042,0.018140734994229194,0.5173465260828323,0.5945548508288356,0.00744203523114316,0.45567810229417116,0.5780721308747923,-0.03254401209295413,0.45978826448565346,0.6333292680136096,-0.015877321793977217,0.39470103038642507,0.608029103076985,0.020526168139218388,0.5340187241685995,0.5892764517173674,0.008295636144133423,no,2025-11-18T07:29:18.631678
0.8360592011027517,0.8642772544186449,-2.43770740005225e-07,0.7665814121916121,0.817881480687656,-0.0022788648260461414,0.7169379772713357,0.7383017812314084,-0.009477433051276773,0.6762356227841411,0.6914690563780911,-0.023333392155103782,0.6268329762923344,0.6609025926883922,-0.03720905846279514,0.7677474698305151,0.6143195304899737,0.015288823916331327,0.7094337611958165,0.5716896393606752,-0.010378187769742109,0.6667348031734396,0.550097958950004,-0.032583792887260606,0.6279888219894518,0.5329213346981411,-0.047476456531884106,0.7982993416351957,0.6062617045073839,-0.003639705566941734,0.7248561882148001,0.5560716764664678,-0.034591018624243755,0.6690893349857494,0.5443303951737942,-0.05528350758961024,0.6240706716612436,0.5313701142106356,-0.06523307690591433,0.8258306322836865,0.6208632498239366,-0.025895529803517593,0.7312304222699681,0.6373361156358497,-0.06180573174800202,0.7297204210963678,0.7143205394475902,-0.061173360909615865,0.7444864845215773,0.7568194384676288,-0.05122035301184268,0.8416257007901491,0.656103176684212,-0.049493147467995977,0.7591050642409044,0.6769885882240263,-0.073446672488916,0.7551328472939343,0.7345496575007237,-0.06723642100297805,0.771871473614781,0.7664730166213023,-0.05679678685020747,0.0,0.0,0.0,0.0,0.0,0.0,0.0,0.0,0.0,0.0,0.0,0.0,0.0,0.0,0.0,0.0,0.0,0.0,0.0,0.0,0.0,0.0,0.0,0.0,0.0,0.0,0.0,0.0,0.0,0.0,0.0,0.0,0.0,0.0,0.0,0.0,0.0,0.0,0.0,0.0,0.0,0.0,0.0,0.0,0.0,0.0,0.0,0.0,0.0,0.0,0.0,0.0,0.0,0.0,0.0,0.0,0.0,0.0,0.0,0.0,0.0,0.0,0.0,0.35083119534081686,0.4232809310553339,0.02956155048136303,0.3999355835789993,0.42480302794118024,0.01061208407771841,0.4792352203186525,0.41644881114580423,-0.002610628004543025,0.5345161704713678,0.4002687203029537,0.0004169158656013869,0.4346930400233532,0.5230261377382976,-0.06940751740545224,0.4395157770103334,0.5390001379444116,-0.03449234027576622,0.432933198866012,0.5063818500244638,-0.07487302022166553,0.43229506068916845,0.4836762483942816,-0.0711503502883863,0.4204229396101809,0.5082351606303483,-0.07182268751561177,0.4463652035149129,0.5048499223031642,-0.0748109622970811,0.39568872109970976,0.6017947414598888,0.021327630561499056,0.5041561250371132,0.5958668338120924,0.0031665789933688557,0.4376214876371445,0.5769879222889739,-0.03251187452346395,0.4431958355766814,0.632918236511535,-0.01538090941649864,0.38489390737460905,0.6063965438785803,0.02438914273750737,0.5219943071431223,0.5911891852073623,0.0035674718602756728,no,2025-11-18T07:29:18.773085
0.8356471003797145,0.8618528598925042,-2.290859259902868e-07,0.7670530955172691,0.8173057813613603,-0.0024099143803903026,0.7167656810070362,0.7376400666506315,-0.009395504487359808,0.6762923035128133,0.6903033171943251,-0.02295664374377971,0.6269724738353304,0.6598467097429388,-0.03659195560177988,0.7660877148747455,0.613244547130134,0.014517605620779294,0.7084669902704546,0.5690693725501343,-0.010515051551953602,0.6664808335172618,0.5443413042564198,-0.03226429093983277,0.6277457211048181,0.524420480228633,-0.04711442861408086,0.7971851076862655,0.6048501303508447,-0.004428160886406419,0.7245147776191341,0.5550859757530704,-0.035275039929716596,0.6685555665597998,0.5405475978611738,-0.0560646701028505,0.6223004596747685,0.5253360921757371,-0.06626752157792856,0.825367358244657,0.6191461637246056,-0.026586438251973755,0.7313621860800524,0.636321236986626,-0.06262620498461388,0.7295484281881071,0.7133882934912664,-0.06190041644652432,0.7434337305992591,0.7567168233445322,-0.05188855867314146,0.8420509747656495,0.6541170094465372,-0.05009207242996757,0.7595943102080682,0.6750707559040053,-0.07432574223958854,0.755641695491831,0.7327747126405137,-0.06809444228511749,0.7719600926957573,0.765321414411878,-0.057601495417710855,0.0,0.0,0.0,0.0,0.0,0.0,0.0,0.0,0.0,0.0,0.0,0.0,0.0,0.0,0.0,0.0,0.0,0.0,0.0,0.0,0.0,0.0,0.0,0.0,0.0,0.0,0.0,0.0,0.0,0.0,0.0,0.0,0.0,0.0,0.0,0.0,0.0,0.0,0.0,0.0,0.0,0.0,0.0,0.0,0.0,0.0,0.0,0.0,0.0,0.0,0.0,0.0,0.0,0.0,0.0,0.0,0.0,0.0,0.0,0.0,0.0,0.0,0.0,0.34169910084519023,0.4212912204562558,0.037727369523666246,0.3886709115442909,0.4231219040519958,0.014499574207724408,0.46668755430262154,0.4152321415405382,-0.00582314584189258,0.5238313152638363,0.4006902360488844,-0.007210372946231919,0.41462507921959285,0.5220784093881002,-0.06873646114871002,0.4217557050678193,0.5381148677564618,-0.034411914815069125,0.4127850321217191,0.5056077443462621,-0.07404862963650377,0.41313289430485034,0.4832534162217532,-0.07027462632250545,0.40094552842363596,0.5072268566098824,-0.07021285942643649,0.42624984485666906,0.5044913051743329,-0.0747884302921887,0.38363105483810866,0.6010321785550329,0.025378681226029126,0.48856735847802923,0.5973884635597937,-0.002254736700942759,0.42078960610418625,0.5751520991812149,-0.032712006686480395,0.4263873625925323,0.6312064517823788,-0.01491486501491164,0.3736918634506407,0.6047561406583911,0.029224203251659645,0.5077702773127111,0.5942860739555336,-0.0025555278443167573,no,2025-11-18T07:29:18.898764
0.8340749413622663,0.860831010062524,-2.2463535686308774e-07,0.7672668834615306,0.8170835266097878,-0.0021058721409570953,0.7171459392202539,0.7369815924302352,-0.009053509740930938,0.6773613409749277,0.6888853865291389,-0.022605974472297456,0.628342766153505,0.6582249634339389,-0.03631237575392339,0.7655032595217233,0.6127823659188878,0.013658195426393398,0.7084742106389199,0.566853248544278,-0.011527238708384657,0.6668096156054479,0.5409792852172755,-0.033046779503953974,0.6278537975564984,0.5205777785664649,-0.04763497995063708,0.7968790156732719,0.6042539264119946,-0.005438170184910058,0.724702594259625,0.5538716409736879,-0.03658463885812402,0.6688201471619647,0.5386410298227683,-0.05720329337669209,0.621925003196683,0.5233559039541558,-0.06718353251509572,0.825494302768111,0.6184667028301678,-0.027643571934819998,0.7320710828929315,0.6360974561665003,-0.06396624053380322,0.7308804858378279,0.713248744361829,-0.06302795655170951,0.7449305438980335,0.7570395945335942,-0.052700577133535376,0.8426466312007264,0.6532021569239674,-0.051131889791643945,0.7606274430373837,0.6741065945352547,-0.07540675720315876,0.7573641521892749,0.7312672624977776,-0.06901741524389236,0.7738662129204494,0.763594886035132,-0.058324790911255635,0.0,0.0,0.0,0.0,0.0,0.0,0.0,0.0,0.0,0.0,0.0,0.0,0.0,0.0,0.0,0.0,0.0,0.0,0.0,0.0,0.0,0.0,0.0,0.0,0.0,0.0,0.0,0.0,0.0,0.0,0.0,0.0,0.0,0.0,0.0,0.0,0.0,0.0,0.0,0.0,0.0,0.0,0.0,0.0,0.0,0.0,0.0,0.0,0.0,0.0,0.0,0.0,0.0,0.0,0.0,0.0,0.0,0.0,0.0,0.0,0.0,0.0,0.0,0.33348505562202746,0.4194066019206709,0.04915578037829297,0.3759819816319782,0.42111462588940884,0.020554170597822108,0.45092807421227726,0.41576764967346735,-0.009226008894709755,0.5089862830563032,0.4014092278266883,-0.016946754883512535,0.3903887871826953,0.5189628077519115,-0.064868858628497,0.4005195964323014,0.536547165190029,-0.03300234125036045,0.3885205282411879,0.5025397788932925,-0.06965554442750291,0.3902928919928564,0.48071370860011153,-0.06577285632884382,0.37786497874848485,0.5040447573168583,-0.06481547083184007,0.4016478573419698,0.5019886522600562,-0.07154172358849624,0.36984679315468055,0.5983081365397083,0.02868101721180187,0.46896761964962863,0.5985828426197406,-0.011405222629155042,0.4006806198407665,0.5740401447062691,-0.032303958072439604,0.4063211495246063,0.630429446165161,-0.01662924623388099,0.36086285443764643,0.6030432104811732,0.033515139158993845,0.48781036200688044,0.5977051206989277,-0.012729026902857918,no,2025-11-18T07:29:19.018453
0.8331449166364097,0.8611601530109984,-2.433620235845302e-07,0.767221696182517,0.8175927941791462,-0.0017486513795992623,0.7172698475665173,0.7361522127457267,-0.007989620586311887,0.6779401161547307,0.6875366547418491,-0.020860659081107985,0.6296060773669137,0.6563014205730944,-0.0339315815716009,0.7663621167451146,0.613332453787691,0.015265711429381792,0.7109310883974629,0.5674903509357285,-0.009219285946536971,0.6702988431420794,0.5423545634632062,-0.030418854813045522,0.6320309870846762,0.5227058778944538,-0.04486082599423848,0.79785050069743,0.6049027038294714,-0.003833798469774305,0.7263697075740722,0.5545631693866853,-0.0341846071453315,0.6711047611858865,0.5397679479062267,-0.05458571415818132,0.6244220767745805,0.5252386941168942,-0.06452640925791217,0.8265897102448343,0.6187302905973654,-0.026126985136032493,0.7337768580033963,0.6352809792505475,-0.06215591532419836,0.7326841885175163,0.7125887049998995,-0.061367044705350565,0.746549923419201,0.7568478524101534,-0.05120948414188575,0.8440411252774872,0.6530349754804163,-0.04967336385019438,0.762241688590225,0.6732959730488773,-0.07415043051412554,0.7591221026163202,0.7309781556324337,-0.06804527590598092,0.7753559532543531,0.7640577357860444,-0.05756282963672199,0.0,0.0,0.0,0.0,0.0,0.0,0.0,0.0,0.0,0.0,0.0,0.0,0.0,0.0,0.0,0.0,0.0,0.0,0.0,0.0,0.0,0.0,0.0,0.0,0.0,0.0,0.0,0.0,0.0,0.0,0.0,0.0,0.0,0.0,0.0,0.0,0.0,0.0,0.0,0.0,0.0,0.0,0.0,0.0,0.0,0.0,0.0,0.0,0.0,0.0,0.0,0.0,0.0,0.0,0.0,0.0,0.0,0.0,0.0,0.0,0.0,0.0,0.0,0.34828045400806573,0.41994742012766334,0.03515936773434826,0.3943693315371195,0.42172140000181807,0.012961089438066203,0.47266671662102355,0.41508903099251065,-0.006108075552082563,0.5297746900282126,0.40013360439662815,-0.007079943781487484,0.4238881917757425,0.522480372238764,-0.06793672898065323,0.4305907273762688,0.5386208201819895,-0.03361817732939146,0.422060231051937,0.5057799643005434,-0.07340231133871712,0.4222496644326693,0.4829901523394921,-0.06996297963160217,0.4100307335644585,0.5073165228120241,-0.06972989527247789,0.4355435031224314,0.5046097352658465,-0.07403580694366982,0.3903142671484767,0.5993556034947687,0.02606128330117815,0.49792626654707384,0.5969529045976816,0.0003602031856053461,0.43395308572299557,0.5757781118276218,-0.03110166493017265,0.4382443633956497,0.6313650009355926,-0.014390288006007907,0.37969272003403165,0.6043915510051282,0.02959127382011706,0.5153303685911783,0.5935087774476999,-5.5833516837903996e-05,no,2025-11-18T07:29:19.171180
0.8334654040846539,0.8613618581789306,-2.4527422212499373e-07,0.7679641877633472,0.8177992376085246,-0.0017155808149236385,0.7184678066644232,0.7366179133091274,-0.007845951142448222,0.6793312061963381,0.6875916112816759,-0.020617377074244922,0.6313233719735569,0.6555956808943048,-0.03356817471231126,0.7676879098072649,0.61377933791298,0.01601420102400801,0.7128707895028391,0.5683849214185631,-0.008231082655588246,0.6722406290753122,0.5429459708871818,-0.029372643051180373,0.6342524704042918,0.5228831296534799,-0.04382276587616664,0.7994411643120329,0.6055485105851611,-0.0031877404599375426,0.7286234343000366,0.5543831908239426,-0.032939373715292514,0.6738929014517079,0.5387953654497717,-0.05305612286764581,0.6278031783466256,0.5236151225196439,-0.06287661584688402,0.8284270200775563,0.6194975295989147,-0.02569250607657452,0.7361983609951827,0.634459471988021,-0.06157176657234985,0.7347233262819972,0.7113924212140916,-0.060830670648912274,0.7483396327491818,0.7558723061985154,-0.050680121830016134,0.8461103520293076,0.6539002609011426,-0.049457701064983095,0.7641511694694442,0.6722732773951052,-0.07403782126988397,0.7602461125245145,0.7300840141870665,-0.06800348063272946,0.7757610173414404,0.7642324766443191,-0.05754250552912016,0.0,0.0,0.0,0.0,0.0,0.0,0.0,0.0,0.0,0.0,0.0,0.0,0.0,0.0,0.0,0.0,0.0,0.0,0.0,0.0,0.0,0.0,0.0,0.0,0.0,0.0,0.0,0.0,0.0,0.0,0.0,0.0,0.0,0.0,0.0,0.0,0.0,0.0,0.0,0.0,0.0,0.0,0.0,0.0,0.0,0.0,0.0,0.0,0.0,0.0,0.0,0.0,0.0,0.0,0.0,0.0,0.0,0.0,0.0,0.0,0.0,0.0,0.0,0.3623379589757736,0.419953274015324,0.023898044434267025,0.4123691457204183,0.42040991841712305,0.007399916329540471,0.4924891174066574,0.41272349155521526,-0.002120399758882326,0.546630603251945,0.39721259205999315,0.0028473465937414073,0.4530365840575413,0.5202566999438449,-0.06882943738823769,0.45674159052338525,0.5363690210071325,-0.03384732224290084,0.4514083463361339,0.5034563752872498,-0.07448880544987041,0.45047983008964093,0.4805142465732266,-0.07116665754565567,0.438737949241679,0.5052270854588228,-0.07187187715303124,0.4646865853453191,0.5019742406683542,-0.07403820678079868,0.4095668127486616,0.5996494418574002,0.021007433472009267,0.519137487588341,0.5941702372510045,0.00827044305648771,0.45921847680333894,0.5745362266959002,-0.03087672518173252,0.46288467483136975,0.63009285913517,-0.013507705690086006,0.397786387134745,0.6041952848371284,0.02349409941867736,0.5361492903594319,0.5888351785283086,0.008802110896348084,no,2025-11-18T07:29:19.310204
0.8356916044013357,0.8633291110047485,-2.594374634418928e-07,0.77023673231513,0.8194292919037801,-0.0011689714148806008,0.7201818103031894,0.7375987422781141,-0.00680728042065503,0.6810100490420015,0.6880512232262108,-0.01917441006088421,0.6335484557583544,0.6555384500929959,-0.031773637581592316,0.7696918214388192,0.6156063833386616,0.016669013266182052,0.7148775522583624,0.5704221903616864,-0.007221904445488978,0.6743831109396337,0.5446431586117733,-0.0283021467390821,0.6364136545212987,0.5244828822896611,-0.0428623466587626,0.8012123731659194,0.6073709774185876,-0.0027308658491316884,0.7305700701449371,0.5564769667155296,-0.03221934252161339,0.6757154395735865,0.5401678450688647,-0.05241684901633957,0.6294691124143559,0.5251522067600051,-0.06250618034339536,0.8300540463947504,0.6211599071487005,-0.025378104456603625,0.7384569323439047,0.6344357909199291,-0.06087455383795181,0.7371269448182447,0.7113117668471276,-0.059813091185738486,0.7505958575008421,0.7564861461374353,-0.04968120644535112,0.8480006198832909,0.6553338146088965,-0.04929956707747732,0.7662737139118156,0.6721416111554384,-0.07386916561765186,0.7619600666458632,0.730492299919232,-0.06773939232012983,0.7768428669070331,0.7658272485398262,-0.05729764646122584,0.0,0.0,0.0,0.0,0.0,0.0,0.0,0.0,0.0,0.0,0.0,0.0,0.0,0.0,0.0,0.0,0.0,0.0,0.0,0.0,0.0,0.0,0.0,0.0,0.0,0.0,0.0,0.0,0.0,0.0,0.0,0.0,0.0,0.0,0.0,0.0,0.0,0.0,0.0,0.0,0.0,0.0,0.0,0.0,0.0,0.0,0.0,0.0,0.0,0.0,0.0,0.0,0.0,0.0,0.0,0.0,0.0,0.0,0.0,0.0,0.0,0.0,0.0,0.3535755933146385,0.41810377800650234,0.032982447101214396,0.4008381435122172,0.4193761351652876,0.012404874738831152,0.48071519435587085,0.41223082441377706,-0.003604438810009262,0.536288848607784,0.397758199420881,-0.0023857938940058995,0.4331224598477938,0.5168926426889024,-0.06888850668731152,0.4387717044471022,0.5338626182420612,-0.034353448787055964,0.43142365904701135,0.5001954244009034,-0.0743009978119866,0.43134280780128254,0.4777490885804976,-0.07060177655939742,0.4191746068544592,0.5019500983295777,-0.07093361786967128,0.4448958401274935,0.4990814406314183,-0.07455207742494716,0.3963443751310065,0.5979420605397536,0.022503017417059228,0.5035073984553491,0.5945879343489214,0.000941039581206277,0.4389410935795488,0.5732275061339761,-0.032450072102146316,0.44391160228060644,0.6288256644537544,-0.01578999522408849,0.3860229146128666,0.603030079600037,0.025880618562478558,0.521588935035673,0.5913267427256106,0.0010343757965113349,no,2025-11-18T07:29:19.515041
0.8376262651809383,0.8640597157005859,-2.5814981437864483e-07,0.7704674908275937,0.820145703166627,-0.0016937074247830347,0.7206811246492754,0.7384817129530982,-0.007569705459919581,0.6812058595105485,0.6898365912178265,-0.020016353592694627,0.633115508816372,0.6572714797710005,-0.032648712197306515,0.7703412753853947,0.6160861928537943,0.016568519505071693,0.7148177357849429,0.5727815419105032,-0.007493347093487644,0.674015614956206,0.548204508869409,-0.028843322146096112,0.6358485623375536,0.5283888162516421,-0.0436408157843631,0.8018336607956063,0.6079490506733288,-0.0026579553391532823,0.7303634545194138,0.5574091753247753,-0.03199002128431477,0.6754615272361341,0.5422442142061853,-0.05216923685331692,0.6296103377432802,0.5274956824090857,-0.062366433485034053,0.8305876561414822,0.6221867481700687,-0.02522919893679028,0.7382981318423473,0.6352936119554784,-0.06031247343548973,0.7368712417076758,0.7121512638251751,-0.05915344954880568,0.7506494769453063,0.7561053477154767,-0.04923279081804299,0.848336206910487,0.6570107030808154,-0.049149332137862614,0.7662473801797848,0.6740854380411744,-0.07328256435117479,0.7621126956192268,0.7317694456005615,-0.06709858526776907,0.7777014248418375,0.7655499031376347,-0.05684754970585172,0.0,0.0,0.0,0.0,0.0,0.0,0.0,0.0,0.0,0.0,0.0,0.0,0.0,0.0,0.0,0.0,0.0,0.0,0.0,0.0,0.0,0.0,0.0,0.0,0.0,0.0,0.0,0.0,0.0,0.0,0.0,0.0,0.0,0.0,0.0,0.0,0.0,0.0,0.0,0.0,0.0,0.0,0.0,0.0,0.0,0.0,0.0,0.0,0.0,0.0,0.0,0.0,0.0,0.0,0.0,0.0,0.0,0.0,0.0,0.0,0.0,0.0,0.0,0.34789164666437644,0.42172161918971357,0.03625924741404199,0.3943585191590627,0.4221935571704276,0.01399833049092632,0.47414231747956354,0.4148562277271751,-0.0047449363406541455,0.5293397561157969,0.3994593092040776,-0.00525029221895987,0.42434109936111464,0.5197712336540978,-0.06783265193135946,0.43092754960647806,0.5363821524552286,-0.034014757145803445,0.4224571709436793,0.503277321975995,-0.073068723508931,0.4224465178408802,0.48110138335580055,-0.06929025442364059,0.41054412486888,0.5050697094469239,-0.06941138963880941,0.4357906611955293,0.5020660797078753,-0.07365135270974225,0.3911119458662845,0.5993365378725685,0.02353930890881314,0.4973042571986752,0.595794177221229,-0.001964990954668902,0.42948825771392296,0.574318638072939,-0.03254203107575425,0.4354618738999315,0.629639953341608,-0.0159160775471777,0.38177474795012534,0.6043765813096468,0.02723667518306709,0.5152140625209646,0.5922109630490541,-0.002101636000700512,no,2025-11-18T07:29:19.638310
0.8368027144138181,0.8642043914558686,-2.850231215313834e-07,0.7697823499021696,0.8196668509691473,-0.001382378686502985,0.7208512394238655,0.7382512453277148,-0.00757965415142328,0.6821047319613136,0.6895671336521261,-0.020365456126839335,0.6340865386832409,0.6561436231958182,-0.0333311389135136,0.7718260279553011,0.6149317363538076,0.016581445166075258,0.7160724268524323,0.5728390410377253,-0.008485421154660416,0.6744380163995355,0.5511303084336516,-0.030670110756237448,0.6355100772865594,0.5348284930657777,-0.04567730479927269,0.8028396523963993,0.6071389478487188,-0.002694189229036208,0.7302916775637383,0.5575794021727332,-0.03214688962493975,0.6748973709979804,0.5447375269677472,-0.05229454838464434,0.6289493033931245,0.5314022005452106,-0.06253225731039194,0.8310184631949477,0.6219900389428987,-0.025404264258429433,0.7384697267507176,0.6353058562039507,-0.06038424989049057,0.7372736330723133,0.7117646210750326,-0.059292812279624206,0.7515599255263335,0.754328392069866,-0.04963784414044392,0.848033242939649,0.6571691477268549,-0.04941286031999179,0.7658566774937621,0.6741328536412536,-0.07353458661298631,0.7617531511409885,0.7318828717184326,-0.06742696339880763,0.7777518268847249,0.7648050511991732,-0.05735350386756095,0.0,0.0,0.0,0.0,0.0,0.0,0.0,0.0,0.0,0.0,0.0,0.0,0.0,0.0,0.0,0.0,0.0,0.0,0.0,0.0,0.0,0.0,0.0,0.0,0.0,0.0,0.0,0.0,0.0,0.0,0.0,0.0,0.0,0.0,0.0,0.0,0.0,0.0,0.0,0.0,0.0,0.0,0.0,0.0,0.0,0.0,0.0,0.0,0.0,0.0,0.0,0.0,0.0,0.0,0.0,0.0,0.0,0.0,0.0,0.0,0.0,0.0,0.0,0.3467141479457594,0.4239903896157613,0.034826738040531394,0.3940834718159358,0.4237972796695415,0.013130902272780446,0.4739483319251303,0.41640767578852195,-0.004637192516204839,0.5291966028732671,0.39991459589384787,-0.0045095386885660605,0.42504797225173957,0.5208701270103833,-0.06774098957494601,0.4315386438399135,0.5374231109108418,-0.03394784376986885,0.42308864616367314,0.504344771465445,-0.07299193016152422,0.42286898130966133,0.4821413107651195,-0.0692554321932904,0.4111778873341134,0.506240862919339,-0.06945445021481715,0.4363572166460816,0.5030169506529641,-0.0734735065133432,0.39080046403345353,0.6008830235177356,0.023395613061007334,0.49875089349573043,0.5959705294007909,-0.0009577477008556891,0.42996651736289715,0.5752902282409526,-0.032394103614587826,0.43617671484303217,0.6314272731376314,-0.015410059195213033,0.3822197142155412,0.6057981386772844,0.026956825186853293,0.5162437740907588,0.5922099424791931,-0.0009973169017588874,no,2025-11-18T07:29:19.760174
0.8381545510621947,0.86501177381288,-3.3097431017211786e-07,0.7699853109507644,0.8203310610875247,-0.0008774795714087967,0.7207310482168766,0.7392456711868066,-0.0068475309171892726,0.6817663437943775,0.6906570120985087,-0.01953261346007904,0.6339962727481452,0.6562245873623744,-0.03229234455758402,0.7717027361818589,0.6154257525820399,0.018374975387555375,0.7158563964649277,0.5739627279258603,-0.00806788126379869,0.6727474117203518,0.5554868051033615,-0.03140336864892599,0.6322495888713986,0.5438326940273956,-0.04675728668019875,0.8026096898799928,0.6074821433446017,-0.001117875567049017,0.7293470268693325,0.5578570385993366,-0.031376861921422874,0.6727398625333683,0.549055610693804,-0.05199038412784425,0.6262727772020096,0.5393843502230142,-0.062253471474767466,0.8308337407413031,0.6223937342522569,-0.024296411798439933,0.7379739914881518,0.6359146408915108,-0.059267723289452096,0.7376967666494532,0.7123279806653849,-0.058304768245300884,0.753269887194014,0.7539531102385768,-0.04880983257050997,0.8479629722827364,0.657479397653024,-0.048800419442842344,0.7649990589426513,0.6747482269476562,-0.07278102690210282,0.761369411807448,0.7329925902342926,-0.06682317269342809,0.7781062243592631,0.7653835875350115,-0.056929672069636145,0.0,0.0,0.0,0.0,0.0,0.0,0.0,0.0,0.0,0.0,0.0,0.0,0.0,0.0,0.0,0.0,0.0,0.0,0.0,0.0,0.0,0.0,0.0,0.0,0.0,0.0,0.0,0.0,0.0,0.0,0.0,0.0,0.0,0.0,0.0,0.0,0.0,0.0,0.0,0.0,0.0,0.0,0.0,0.0,0.0,0.0,0.0,0.0,0.0,0.0,0.0,0.0,0.0,0.0,0.0,0.0,0.0,0.0,0.0,0.0,0.0,0.0,0.0,0.3509150788289893,0.4277533396633799,0.027982936812383293,0.4013371178116163,0.4259234220155569,0.009869840674633635,0.48104021065078995,0.4153910136449934,-0.0021032795429178205,0.535504034545154,0.39938703348826765,0.0015507555581352256,0.4398173433789444,0.521234620475788,-0.06883376357414178,0.44464016080049573,0.5375594084007487,-0.03432121113423538,0.4378004105042075,0.5045998742981674,-0.0742375218444111,0.43668816206253025,0.48216132561056424,-0.0705580441677626,0.42538443893873945,0.5068084986574692,-0.07134109924481016,0.45106662144750675,0.5028258869876301,-0.07406107378160255,0.401382529675647,0.6027210735169092,0.020760285780636704,0.5106362542620559,0.5938137859520739,0.00429469451156976,0.44558430119052755,0.5749611384239126,-0.03236180911863806,0.4511797415939557,0.6313467547214341,-0.015257359514113522,0.39005996897376793,0.6078119941051827,0.023612535859169902,0.5271715315155943,0.5888266003823578,0.0047288695959371435,no,2025-11-18T07:29:19.905025
0.8383278532193146,0.8655592313945839,-3.66030864724682e-07,0.7687278055741829,0.8190734208635866,-0.0002524649825772362,0.7207735918116853,0.738377162890614,-0.006584022583867984,0.6826573077252069,0.6900014243689565,-0.01981323678237955,0.6348414543596073,0.6553315713015028,-0.03310673541691934,0.7733193782780785,0.6147331828782392,0.019308737287572035,0.7169509049795189,0.5740860599983153,-0.008654103867712724,0.6728587043247602,0.5591397319546043,-0.03329458382578669,0.6312956785680846,0.5521720819341995,-0.0489315960022097,0.8037085572126405,0.6068326573084397,-0.00045357314974220743,0.7288733008129774,0.558147967866105,-0.031336516584691006,0.6714808042506166,0.55304567744201,-0.05222842185007973,0.6247155266415474,0.5467650816056477,-0.06245962344652451,0.8313835897596134,0.6220253442703698,-0.024032254480343317,0.7378005998605157,0.6364249672829899,-0.05902748429642225,0.7378692923956952,0.712795060708135,-0.05812074439768058,0.7539002479240181,0.7536943311793928,-0.04869001668570283,0.8478586955663407,0.657399948536595,-0.04888636031398671,0.7643810943269012,0.675428532037671,-0.07242264253015487,0.7613275074269326,0.7335471812713211,-0.06615471622595026,0.7787498294418996,0.764854990569645,-0.056113102439685245,0.0,0.0,0.0,0.0,0.0,0.0,0.0,0.0,0.0,0.0,0.0,0.0,0.0,0.0,0.0,0.0,0.0,0.0,0.0,0.0,0.0,0.0,0.0,0.0,0.0,0.0,0.0,0.0,0.0,0.0,0.0,0.0,0.0,0.0,0.0,0.0,0.0,0.0,0.0,0.0,0.0,0.0,0.0,0.0,0.0,0.0,0.0,0.0,0.0,0.0,0.0,0.0,0.0,0.0,0.0,0.0,0.0,0.0,0.0,0.0,0.0,0.0,0.0,0.35486339256676974,0.43053387624782,0.02368809078531581,0.40605594260522526,0.42621149869603375,0.007817463822928495,0.48614311274212013,0.41446123303118354,-0.0004732046335909827,0.5393675224910829,0.3973520555624932,0.005417314871014215,0.45006291778131485,0.5206292216301058,-0.06874207540083851,0.45379838407113104,0.5369751247039907,-0.034214077445288656,0.4479983911489772,0.5038731421432854,-0.07416275335217724,0.4462753420938872,0.48132372518225813,-0.0705130114418296,0.43542829498988517,0.5064135984364769,-0.07168278192602447,0.46109033043429415,0.5017573093290049,-0.07357974371391185,0.4093811630903107,0.60358398074344,0.01872443832497211,0.518196396088166,0.5916070983021173,0.007268988582480561,0.45613669059522566,0.5746541384143794,-0.032108942023937714,0.4616994404657477,0.6310066245454704,-0.015164933183280754,0.3963706598408879,0.6088687811044865,0.021095478591830703,0.5340955750133971,0.5855983513939529,0.007980890136863893,no,2025-11-18T07:29:20.030936
0.8390636286818008,0.8649382050603901,-4.253680307964223e-07,0.768572641590955,0.8177194506432801,-5.460356985619749e-05,0.7213717471635483,0.7369065031791632,-0.006293430187953451,0.6837259562517484,0.6882067899985804,-0.019273503218803605,0.6360715092881105,0.6533007420106147,-0.03245655562414246,0.7756849004732678,0.6124864337299979,0.019572649520958964,0.7181640027236004,0.5751016387695281,-0.009324689988048428,0.6730046814661216,0.565961720263496,-0.03505341856108098,0.6315737354517974,0.5646580543452431,-0.05097694561939861,0.8055647035063751,0.6053823401784203,0.0001572036889281017,0.7292102517000525,0.5583172147527546,-0.03053107321050594,0.6712638286580537,0.5587766703459898,-0.051223608172473525,0.6254554786985813,0.5571463070915812,-0.06124018039825577,0.8327382524088747,0.6210237311809765,-0.02316816559087299,0.738512457275076,0.6344188494652407,-0.0578722705387379,0.7380506842818777,0.7104793994794337,-0.05738326259972683,0.7545778841338993,0.7514872131398977,-0.04843950426517846,0.8486797056494576,0.6563095729049246,-0.04772055972938487,0.7648474492382644,0.6744226924943604,-0.07155109396634086,0.7609926771772877,0.7327737959140572,-0.06581773500268079,0.7783094077858301,0.7642184908826619,-0.05611166216614027,0.0,0.0,0.0,0.0,0.0,0.0,0.0,0.0,0.0,0.0,0.0,0.0,0.0,0.0,0.0,0.0,0.0,0.0,0.0,0.0,0.0,0.0,0.0,0.0,0.0,0.0,0.0,0.0,0.0,0.0,0.0,0.0,0.0,0.0,0.0,0.0,0.0,0.0,0.0,0.0,0.0,0.0,0.0,0.0,0.0,0.0,0.0,0.0,0.0,0.0,0.0,0.0,0.0,0.0,0.0,0.0,0.0,0.0,0.0,0.0,0.0,0.0,0.0,0.34983665608124404,0.4341397087909861,0.02421596451052585,0.40137357286129793,0.43058321998438465,0.007887328446044239,0.4816689643081099,0.41661858946652713,-0.0009718370188014738,0.5354077943628357,0.39932147455859035,0.004673203244239617,0.4445679719807911,0.5246079834461259,-0.0689887671854542,0.44857516914642825,0.5407247142131861,-0.03406874738753843,0.4424569241988325,0.5080710215072811,-0.07452715656591063,0.4407665523822021,0.48548631677947596,-0.07093925099879642,0.4298228489624566,0.5107015170546185,-0.07196175726812507,0.455722453272567,0.5058195220885137,-0.07398849363663618,0.40446375904969484,0.6069572215995948,0.01847853910198019,0.5130577345965122,0.5945172928377347,0.006244209389755433,0.4513321007383248,0.578927862807272,-0.03227208274206758,0.45694359361448855,0.6338827144333797,-0.014658120003088379,0.39321312833467426,0.6136975007130709,0.021240178337947117,0.5292064197851409,0.5901187667423561,0.0072251770331989255,no,2025-11-18T07:29:20.150185
0.8375074784796943,0.8667977778002756,-5.0382901506275e-07,0.767069882740439,0.8183667317284241,-0.0014847025213270938,0.7208733742970299,0.7362653188598605,-0.008329256535149087,0.6835477665913741,0.6857371022842176,-0.021420922363655667,0.6368349821201753,0.6464421350262272,-0.0345264287836031,0.7773958779328619,0.6145262478517848,0.017934367245597396,0.7196219145392904,0.5791618649837478,-0.012438642622903761,0.6734953197827434,0.5779213913855628,-0.03867645262890056,0.6341451698422927,0.5837679250207508,-0.05433530666461302,0.8073221156806473,0.6076800907778392,-0.00048426780817602364,0.7301868767197772,0.5607324096091196,-0.03229332074417089,0.6729628219122635,0.5724357633040984,-0.05218255076137047,0.6310527224692553,0.5823276024364766,-0.0608078627860696,0.8340257266797486,0.6232460522398108,-0.023026731042320843,0.7398957018373824,0.6351180396065065,-0.058075460292066394,0.7387851401908656,0.7105300232355818,-0.05729164232076223,0.7559030697029054,0.7513733594443233,-0.04810682202845276,0.8496701042800359,0.6582427760211726,-0.04687470609607671,0.7661589641249,0.6757712121987183,-0.0714659216555833,0.7608696973151453,0.7344321982023136,-0.06617914830955077,0.7772806301490949,0.7660368887404337,-0.056542807483087876,0.0,0.0,0.0,0.0,0.0,0.0,0.0,0.0,0.0,0.0,0.0,0.0,0.0,0.0,0.0,0.0,0.0,0.0,0.0,0.0,0.0,0.0,0.0,0.0,0.0,0.0,0.0,0.0,0.0,0.0,0.0,0.0,0.0,0.0,0.0,0.0,0.0,0.0,0.0,0.0,0.0,0.0,0.0,0.0,0.0,0.0,0.0,0.0,0.0,0.0,0.0,0.0,0.0,0.0,0.0,0.0,0.0,0.0,0.0,0.0,0.0,0.0,0.0,0.3385115010676606,0.4387705823350988,0.03352193623010595,0.3876085021670381,0.4333887156144839,0.012355745971269266,0.46687311693112404,0.42158863142416625,-0.004164193548820269,0.5207885567578339,0.40277490413510725,-0.0030859849530306812,0.42143614270102026,0.5287507609605813,-0.06931289504897825,0.42817546442169435,0.5448590316442518,-0.03460063736945891,0.4189812805646491,0.5125362357845396,-0.07470415021694007,0.4180147694018936,0.4904106945292262,-0.07092603703990648,0.40691357191737026,0.5152291853175467,-0.07125956029972148,0.43249143763195763,0.510320555540793,-0.07501845253278228,0.3912154987379517,0.6112869801979144,0.0226330264845004,0.4968845824538576,0.6005910348198988,4.9421926771256106e-05,0.4316701931303929,0.5851034463267317,-0.03338719019095719,0.438455235060647,0.639965928158615,-0.014628006847820712,0.3800284441741273,0.6180198648012681,0.026288688103981606,0.5141371313727493,0.5957324509409108,0.00036180078347675636,no,2025-11-18T07:29:20.308292
0.8376356622001285,0.8680797680161961,-5.578072195805467e-07,0.7669091853449052,0.8189065285152741,-0.0030645803517415898,0.7221980187067425,0.7366235043949113,-0.01027297699107551,0.6858948626047691,0.6849156166385535,-0.023243134957977585,0.639934273105452,0.6450258592020326,-0.03592188219461222,0.7765766251560824,0.6134090303742566,0.01610943311758973,0.7181272595691447,0.5769166859327308,-0.01600877047423312,0.6716470257933187,0.5842280392138995,-0.04257807917502023,0.6352322247565041,0.5990135542137903,-0.05767185952778018,0.8071011458739998,0.6071758014523809,-0.0011303917153996442,0.7287132129398904,0.5600959287349188,-0.03334211610204684,0.6738743669745797,0.5811324252807418,-0.05224420839710464,0.637769723899804,0.5977870216619638,-0.05968147586167608,0.83412694233844,0.6232195985190447,-0.022803201428679285,0.7410751881360221,0.6338903467647705,-0.05795849983750048,0.7393071614078413,0.7094808421822898,-0.05714932667345313,0.7572731100162476,0.7496978386653379,-0.04796222356691689,0.8501314183547701,0.6583586106820951,-0.04589607586295592,0.7674595544177204,0.675148266364328,-0.07101059196158643,0.7606248038921002,0.7350678034602114,-0.06618007617847228,0.7759815759845816,0.7672743006457754,-0.05666340200275724,0.0,0.0,0.0,0.0,0.0,0.0,0.0,0.0,0.0,0.0,0.0,0.0,0.0,0.0,0.0,0.0,0.0,0.0,0.0,0.0,0.0,0.0,0.0,0.0,0.0,0.0,0.0,0.0,0.0,0.0,0.0,0.0,0.0,0.0,0.0,0.0,0.0,0.0,0.0,0.0,0.0,0.0,0.0,0.0,0.0,0.0,0.0,0.0,0.0,0.0,0.0,0.0,0.0,0.0,0.0,0.0,0.0,0.0,0.0,0.0,0.0,0.0,0.0,0.33624562835384525,0.4384359071934741,0.03364619470747451,0.38489911151805123,0.4341469882078996,0.012043095760080644,0.4640186317964412,0.42221427060805633,-0.005193726754095083,0.5189774962381851,0.4035418947355147,-0.004452632093943525,0.4177433608860326,0.5308833636879933,-0.06969099601572867,0.4247314260155881,0.5466508467032447,-0.03463599247887981,0.4152986539599216,0.5147172849054381,-0.07518939045924099,0.41444173686044694,0.4924853638060941,-0.07151470537312363,0.4031902220663206,0.5172923604123745,-0.07167821854989087,0.4289057930499876,0.5125553962453568,-0.0755673954525064,0.3877758808396561,0.6134555847873727,0.023986737774735208,0.49484544893795784,0.602842525209098,0.00043071833313301344,0.42671469065279716,0.5879274577310081,-0.033174372508131565,0.434101080445744,0.6421801629471053,-0.01346827100695274,0.37706827503601537,0.6189660359639428,0.027719557245884235,0.5119691999751625,0.5975554289712031,0.0006691548080066971,no,2025-11-18T07:29:20.432020
0.8385444412837801,0.8688122264515643,-6.12751034162198e-07,0.7670957164441201,0.8181025598261032,-0.0033262017400346585,0.7230286942307669,0.7355971528264993,-0.010922608455786225,0.6878606755498211,0.6830286455785693,-0.024167997820888187,0.6427669085768807,0.6443434108918336,-0.037122741019891596,0.7784535819528886,0.6106919586342414,0.013926684902648815,0.7172379538202169,0.5740101591914173,-0.01945731155993436,0.6699874170867228,0.5874532463296671,-0.0464268440361147,0.6349726988345509,0.6083394821277996,-0.06131413934884149,0.809068538492191,0.6054895392340335,-0.003017258533429216,0.727291613088445,0.5601280145974856,-0.03607830990079397,0.6727208438991246,0.5885315008026024,-0.05455925297818298,0.6394442145862393,0.6112926001673772,-0.06143802439362185,0.8356986905047761,0.6226265078719644,-0.02433003629328194,0.7418985516905392,0.6321908613439636,-0.05958199004261823,0.739190040149874,0.7088526289807018,-0.05818493955895557,0.7573836308042512,0.7499261073476531,-0.04867105996973679,0.8513592312969072,0.6588146274350112,-0.04706744114474052,0.7687939320722177,0.6736674695259293,-0.07216478629789946,0.7610034832315268,0.7340731118112062,-0.06701703542300116,0.7759554538820308,0.7668308518285487,-0.05721538170263442,0.0,0.0,0.0,0.0,0.0,0.0,0.0,0.0,0.0,0.0,0.0,0.0,0.0,0.0,0.0,0.0,0.0,0.0,0.0,0.0,0.0,0.0,0.0,0.0,0.0,0.0,0.0,0.0,0.0,0.0,0.0,0.0,0.0,0.0,0.0,0.0,0.0,0.0,0.0,0.0,0.0,0.0,0.0,0.0,0.0,0.0,0.0,0.0,0.0,0.0,0.0,0.0,0.0,0.0,0.0,0.0,0.0,0.0,0.0,0.0,0.0,0.0,0.0,0.3438947956546601,0.4364023779970666,0.027333837224106688,0.3943977663560639,0.4334642528567727,0.008817099317924891,0.47487247925023324,0.4209181969247404,-0.0035696602488400667,0.5290133522012002,0.4024023274489341,9.604587148940441e-06,0.43475300366136194,0.5303521115601069,-0.0696898853305286,0.4397964291647536,0.5460221270240314,-0.03425539365984624,0.4324362344144243,0.5139490386185668,-0.07536374836096243,0.4309238653994465,0.49135060088078447,-0.07190238786403107,0.41989938749952993,0.5165748794611769,-0.07240225985964316,0.44590381186160266,0.5116345761648995,-0.07520256984424942,0.39807399250379716,0.6130342141504308,0.021797304772796986,0.5069716865852204,0.6011139827793384,0.004967315256897585,0.4422120909528482,0.5875010475720165,-0.032324717960756574,0.44856837667440247,0.6417093665802116,-0.01258514769241761,0.387129720956881,0.6192465091356885,0.02500262575115457,0.5231980935731678,0.5960128457493344,0.005664522528689113,no,2025-11-18T07:29:20.574644
0.8388059203927903,0.8693344112223031,-6.416598578166967e-07,0.7681124069529103,0.819101701866253,-0.003656773093779007,0.724189745703564,0.7371385193453786,-0.01137223631430125,0.689955894100823,0.6839396393614741,-0.024599455326156927,0.6458238143577153,0.6453654939743592,-0.037481894555770806,0.7789223459481392,0.6090906530460636,0.012775751785209124,0.7168920360398234,0.5725890823289392,-0.02083000596822249,0.669822472743572,0.5901357234589467,-0.04763460727310801,0.6366713381543818,0.6148293880518149,-0.06218365757792035,0.809837419661516,0.6046806211909608,-0.00368843911269859,0.7274206724099299,0.5611069407627931,-0.03623076448203799,0.67343696671122,0.5930443141391705,-0.05420322148542461,0.6418639334459212,0.6178086993756808,-0.06083631905511209,0.8366510105584793,0.6224503937331929,-0.024498458741016103,0.7435389832198424,0.6315904150603333,-0.05911631075009272,0.7400034656716319,0.7080077728205053,-0.05757736001692838,0.7579317322035782,0.7489632751646865,-0.04823425258878551,0.8526138578969887,0.6589925977121802,-0.04674376552261707,0.7705227094252385,0.6728467240455727,-0.0714458065424472,0.7621023599781902,0.7327692853405701,-0.06628040683184093,0.7765311675118467,0.7656559597430097,-0.056517282645331186,0.0,0.0,0.0,0.0,0.0,0.0,0.0,0.0,0.0,0.0,0.0,0.0,0.0,0.0,0.0,0.0,0.0,0.0,0.0,0.0,0.0,0.0,0.0,0.0,0.0,0.0,0.0,0.0,0.0,0.0,0.0,0.0,0.0,0.0,0.0,0.0,0.0,0.0,0.0,0.0,0.0,0.0,0.0,0.0,0.0,0.0,0.0,0.0,0.0,0.0,0.0,0.0,0.0,0.0,0.0,0.0,0.0,0.0,0.0,0.0,0.0,0.0,0.0,0.34093899333399813,0.43376828606636625,0.030296001694133233,0.39031381952980804,0.4325930594938008,0.010001663260170178,0.4701646017085517,0.4213670345585616,-0.005206684352201329,0.5254848979939106,0.4035377283845394,-0.0033489566543493093,0.4254813208900529,0.5314542332798246,-0.06973118362443179,0.4313677903451255,0.5469929923373942,-0.03421012538958403,0.4233514997660348,0.5150186429588806,-0.07543592556779125,0.42252882627729893,0.49225436635931463,-0.07200871086450303,0.41095349855265956,0.5173303286103644,-0.07215250961641559,0.4369615783341369,0.5129884719069889,-0.07559300237989601,0.39095408785994606,0.6126586921868334,0.024080461722345528,0.4991838929571076,0.603630039981283,0.003051512185169496,0.4321442773260945,0.5873432450098395,-0.03204118722279944,0.4387885792921725,0.6420282319885311,-0.012114362995403761,0.3806848063621914,0.6175313425366705,0.027607695655354335,0.5167625673611536,0.5979931727621337,0.0034993665185960665,no,2025-11-18T07:29:20.752048
0.8388373586090996,0.8709948418530644,-6.570731612767089e-07,0.7678763199963832,0.8202008658104458,-0.0037896119578128655,0.7240425583318998,0.7373677540116785,-0.011457887367846847,0.689597698026974,0.6842095869937406,-0.02460035869447247,0.6456613430804995,0.6455947545574463,-0.03738194230352017,0.77963359490629,0.6093268230478426,0.012696342554326029,0.7163516443169088,0.5736018631897687,-0.02104192534566396,0.6691591533086604,0.5936363190945093,-0.047991749876621484,0.6366756725676389,0.6206150187996959,-0.06257046475573798,0.8104236219687433,0.6054308829526581,-0.003749121139096993,0.7272229118313382,0.5626110537134583,-0.03606597294093011,0.6737312809496805,0.5957568155492758,-0.05402270234396486,0.6429298476586296,0.6218501030237932,-0.06069385455347691,0.8371370053517189,0.623853764085377,-0.02456094500318513,0.743467424091687,0.6320373361407776,-0.05877209609977685,0.7396298642254339,0.7079987625565691,-0.057228781080656384,0.7576164717803475,0.7486252976508552,-0.04805987251641195,0.8529362934390035,0.6611302540963397,-0.046860262776204926,0.7708251157084841,0.674326027161031,-0.07146903436353355,0.7620142074663595,0.7337287836767548,-0.0664147087033293,0.7761263885521422,0.7665581827847892,-0.05676320295553722,0.0,0.0,0.0,0.0,0.0,0.0,0.0,0.0,0.0,0.0,0.0,0.0,0.0,0.0,0.0,0.0,0.0,0.0,0.0,0.0,0.0,0.0,0.0,0.0,0.0,0.0,0.0,0.0,0.0,0.0,0.0,0.0,0.0,0.0,0.0,0.0,0.0,0.0,0.0,0.0,0.0,0.0,0.0,0.0,0.0,0.0,0.0,0.0,0.0,0.0,0.0,0.0,0.0,0.0,0.0,0.0,0.0,0.0,0.0,0.0,0.0,0.0,0.0,0.33385125201901933,0.43635664073482805,0.03854173613664029,0.3815919237743797,0.4315318673619135,0.014608401875947096,0.4594195210462314,0.42159501475299754,-0.006940794062486344,0.5154855739588083,0.4064129183666929,-0.009248626337637178,0.4083057798307458,0.5328133543089033,-0.06781191020020112,0.4163034586329128,0.5489171917119863,-0.03380101287508415,0.4059606211036061,0.5166673367306,-0.07312648571761717,0.4058106954300618,0.49459492657641635,-0.06947301539943558,0.3943162444583671,0.5189624925389011,-0.06914195757438783,0.4194006706301193,0.5149530589191165,-0.07403120037961095,0.38123623067466295,0.6127964023678307,0.025706783352658837,0.4860629438120804,0.606575118447978,-0.0036809629482859184,0.41623936247419685,0.5888656225106418,-0.03271508720318515,0.4238186560010286,0.6439805128028898,-0.013620379482993362,0.3718182809429365,0.6201592600496921,0.02999024721301023,0.5033624384800381,0.6033123918162475,-0.0038205519372029833,no,2025-11-18T07:29:20.900264
0.8371104763226009,0.8724056660132021,-6.621532491514137e-07,0.7664810085852277,0.8206844654407759,-0.003257196795118133,0.7233679710127974,0.7370727980282544,-0.01035326527503246,0.6892995397121107,0.682805241056227,-0.023007265299398977,0.645127678385724,0.6445610715650696,-0.03526362167375372,0.7788680560171404,0.6095355667134355,0.014313558122334466,0.7160677393871531,0.5732970046024679,-0.019152271235885587,0.6683867768477354,0.5939842388300153,-0.04601065677100575,0.6357488417807982,0.6215562290920782,-0.06053954593620906,0.8092337893626675,0.6056244878878434,-0.0023015703984028487,0.7265199086649214,0.5624410859387604,-0.034313829415444724,0.6733736165299855,0.5963641040904033,-0.0521484701671721,0.6432851233189083,0.6224917619840036,-0.0586455772136529,0.8357093739622516,0.6239305541656438,-0.023347743734197547,0.7426333893224548,0.6321336599736939,-0.05723422098275166,0.7390816507387392,0.7077568223221383,-0.05565247302075879,0.7572945711677311,0.7474317050502506,-0.04647751486719569,0.8513984212060435,0.6611616932484262,-0.04588171468416302,0.7698919613500306,0.6738067690164591,-0.07023944860185459,0.7612097547570444,0.7335519876826462,-0.0650133390275489,0.7753193099510436,0.7661695542677608,-0.055252556259539315,0.0,0.0,0.0,0.0,0.0,0.0,0.0,0.0,0.0,0.0,0.0,0.0,0.0,0.0,0.0,0.0,0.0,0.0,0.0,0.0,0.0,0.0,0.0,0.0,0.0,0.0,0.0,0.0,0.0,0.0,0.0,0.0,0.0,0.0,0.0,0.0,0.0,0.0,0.0,0.0,0.0,0.0,0.0,0.0,0.0,0.0,0.0,0.0,0.0,0.0,0.0,0.0,0.0,0.0,0.0,0.0,0.0,0.0,0.0,0.0,0.0,0.0,0.0,0.3405172695813633,0.4355409775567832,0.030721943853182186,0.39176023390943715,0.42928628175300876,0.010529414553197313,0.4722506862643114,0.41904124996168096,-0.0051974631504446535,0.5294125622269781,0.40620456089461965,-0.0040127874995903035,0.42617487198915677,0.5336700896300376,-0.06829475804571442,0.4321219786116911,0.5489011195738733,-0.03350139838528835,0.424033270113151,0.5171908887766006,-0.07390925574914747,0.4232604411941874,0.49433994041909807,-0.07056690485857894,0.4117305369850048,0.5193296621210436,-0.07059456205035272,0.43754020755607986,0.5152894466920717,-0.07414638070786043,0.39164249864383477,0.6129464389845135,0.02392601056315784,0.5004058777669411,0.6049288744457755,0.002494698916483233,0.4339428005198209,0.5885028464745135,-0.03125941818853239,0.44015574862238627,0.6433737624610916,-0.012620239569638609,0.3815787467994788,0.6187471407727556,0.02744966221261235,0.5162757145364973,0.6006964836412018,0.0027734253528811665,no,2025-11-18T07:29:21.043273
0.8377572380640257,0.8720633774497315,-6.61087572921878e-07,0.7659336459914512,0.8204209072752128,-0.003700629075950523,0.7233246474612784,0.7374136310888648,-0.011299188686892957,0.6892779548898536,0.682556659434211,-0.024356009907940665,0.6443087580161042,0.6445593036067078,-0.03701335632094287,0.7786221984416146,0.6093465048800026,0.013387952468453639,0.715364460180103,0.57251565689947,-0.0203948443059635,0.6673434772109466,0.5936863087250814,-0.047327270044357356,0.6345286262126647,0.6214637193567538,-0.06187589954476659,0.8090700530599348,0.6051479830796639,-0.00301549741888674,0.725758684753527,0.5619789834639175,-0.03562811845213383,0.6721155528195124,0.5967118856004232,-0.05356465907586224,0.6417436439844358,0.6231511160441106,-0.06003831748241582,0.8352048599776468,0.6233566306899996,-0.023840771496036018,0.7419151300631439,0.632520972318924,-0.05820838028250208,0.7389600424790498,0.708194019900922,-0.05674473750005492,0.7577309488090396,0.7475515651964052,-0.047593207838241856,0.8502080206463567,0.6603270333574589,-0.04615984857698008,0.768305621511731,0.674096754373647,-0.0708131946895782,0.7600876533051122,0.7343713088208763,-0.06572061275680119,0.7746015349632385,0.7669849426917417,-0.056037983176661824,0.0,0.0,0.0,0.0,0.0,0.0,0.0,0.0,0.0,0.0,0.0,0.0,0.0,0.0,0.0,0.0,0.0,0.0,0.0,0.0,0.0,0.0,0.0,0.0,0.0,0.0,0.0,0.0,0.0,0.0,0.0,0.0,0.0,0.0,0.0,0.0,0.0,0.0,0.0,0.0,0.0,0.0,0.0,0.0,0.0,0.0,0.0,0.0,0.0,0.0,0.0,0.0,0.0,0.0,0.0,0.0,0.0,0.0,0.0,0.0,0.0,0.0,0.0,0.3510330105869997,0.43480898610714985,0.024085572003266508,0.4043987114581213,0.42793220802566667,0.007244015479461396,0.4863355687142785,0.41703821907988525,-0.0029937493385892495,0.5437922450779513,0.40409999067527613,0.0015342876924506893,0.4458037132362852,0.5328215767879039,-0.06896241850855019,0.4498359344457305,0.547940511874339,-0.033590125203491264,0.443848334666332,0.5164429621171058,-0.07474019894309905,0.44247035223752795,0.49357174211258703,-0.0714963549454161,0.43100834348182127,0.5187253927174738,-0.07202074947786839,0.4573280832425709,0.5143495902321747,-0.07435617878299974,0.40517182035825616,0.6111724914096,0.021120812847804447,0.5141038149286976,0.601949286199023,0.007131892519498025,0.4527738569964751,0.5875703803276345,-0.031112389966348904,0.45793378556607595,0.6418175274593361,-0.011801295007961213,0.393680425168996,0.6196882256903329,0.024120430635453324,0.5299844496945487,0.599017252221373,0.00800344431639205,no,2025-11-18T07:29:21.170240
0.8375126462746734,0.871205528055539,-6.588396835949512e-07,0.766278631105009,0.8194537988982264,-0.004055226321312855,0.7233413114721096,0.7364933422244251,-0.011962864767007813,0.6892750898964801,0.6812056454290806,-0.02520232298593702,0.6449741483905289,0.6415219504064118,-0.03788050856832933,0.7786271812215397,0.6081737855439442,0.012488137699245807,0.7154811044682559,0.5701455127949804,-0.021360600984320632,0.6678447623061874,0.5915161501682811,-0.048019476822749166,0.635882014636789,0.6197127120438707,-0.06231126060655268,0.8092425775324699,0.604332727911826,-0.0036757847754390633,0.7255960171814511,0.5609412727664284,-0.0362427108420442,0.6720935346666684,0.5963788388516185,-0.053724601277175585,0.64226251041156,0.6233631633076998,-0.05987186195489962,0.8353680473594289,0.6227214288150773,-0.02429378287481187,0.742099207363649,0.6325850777961197,-0.058526829079081966,0.7393211498272476,0.7077679348524233,-0.056775166627816,0.7584902285949647,0.7468754375111513,-0.047473511562796736,0.8503926577364321,0.659424551405826,-0.0464329868585851,0.768413435403006,0.6739877418585307,-0.07103969195357282,0.7603401463756854,0.73401707626255,-0.06592515977839258,0.7749958713653625,0.7664425686683348,-0.05620322109637325,0.0,0.0,0.0,0.0,0.0,0.0,0.0,0.0,0.0,0.0,0.0,0.0,0.0,0.0,0.0,0.0,0.0,0.0,0.0,0.0,0.0,0.0,0.0,0.0,0.0,0.0,0.0,0.0,0.0,0.0,0.0,0.0,0.0,0.0,0.0,0.0,0.0,0.0,0.0,0.0,0.0,0.0,0.0,0.0,0.0,0.0,0.0,0.0,0.0,0.0,0.0,0.0,0.0,0.0,0.0,0.0,0.0,0.0,0.0,0.0,0.0,0.0,0.0,0.3560689729973191,0.4325772010880903,0.019257516141455024,0.41098296738429596,0.4254854198516471,0.004486792380456401,0.49388789787299314,0.4150296533631848,-0.002397767675768404,0.5520970509886064,0.40323397008052747,0.004103324080553257,0.4559853729774718,0.5322421992788091,-0.06909564185739589,0.45888303627842253,0.5472095704932913,-0.03321314337867549,0.45428274220041454,0.51574749133344,-0.07508702834103538,0.45276140192404657,0.49253944244739917,-0.07209210962450249,0.44115448225726805,0.5178962933512296,-0.07274349541878955,0.46776563034732915,0.5136676482807603,-0.07431588835647714,0.41129230401705685,0.6100489169847072,0.020397725567018698,0.5207556113446589,0.6012802480342039,0.011090467349839287,0.46133717292496484,0.5862362142192983,-0.030119252554824005,0.4656823436659496,0.6409718480936054,-0.0105200470552828,0.3990095117101694,0.6184770528991063,0.022987021685660414,0.5370499667276912,0.5980737158132927,0.012254788027408176,no,2025-11-18T07:29:21.305929
0.838338451662117,0.8708212770397019,-6.446525528430855e-07,0.766554597325118,0.8196573372523817,-0.004043160987542605,0.7229495771017926,0.7358289624768823,-0.011667281033095115,0.6883705576244791,0.6805661396319598,-0.02470497519334645,0.6438388705838906,0.6394514242026108,-0.03714648185493684,0.7777845085509096,0.6096440543415674,0.01364065415763825,0.7155406783098726,0.5718884891150042,-0.019886168959848877,0.6681608209514488,0.5924048488992956,-0.04632664501256515,0.636713680925267,0.6194277414055414,-0.06060569482828454,0.8083258724111019,0.6052444789423327,-0.002667119540000041,0.7264985772667204,0.5602000324880267,-0.035120667166188876,0.6727194608243163,0.5943395375383733,-0.052626156885655244,0.6426043172442016,0.6210717093126938,-0.05876178586004774,0.8349165967120936,0.6232664262968056,-0.023499529220098844,0.7417978255560616,0.6327146139312477,-0.057581735871876455,0.7381356544500618,0.7077321565417359,-0.05585736919793072,0.757068228692624,0.7464491587942567,-0.04663244769774492,0.8504760951893984,0.6601252595972611,-0.04588139243577849,0.7683810050206863,0.6754616775069479,-0.07039116714830855,0.7604908606176523,0.7347056578441046,-0.06542053879608525,0.7758538166584046,0.7660390891475524,-0.05586485245018037,0.0,0.0,0.0,0.0,0.0,0.0,0.0,0.0,0.0,0.0,0.0,0.0,0.0,0.0,0.0,0.0,0.0,0.0,0.0,0.0,0.0,0.0,0.0,0.0,0.0,0.0,0.0,0.0,0.0,0.0,0.0,0.0,0.0,0.0,0.0,0.0,0.0,0.0,0.0,0.0,0.0,0.0,0.0,0.0,0.0,0.0,0.0,0.0,0.0,0.0,0.0,0.0,0.0,0.0,0.0,0.0,0.0,0.0,0.0,0.0,0.0,0.0,0.0,0.34928316089135975,0.43264629362017887,0.025128605080505535,0.4019156401195314,0.42478373031919514,0.0070437004950365785,0.4835142029047354,0.41746345582244626,-0.005162279325401321,0.5416958474337716,0.40609702213342624,-0.0018996821331249657,0.43865600512276914,0.5345825356726535,-0.06800723845065153,0.44343375618395003,0.5497444320152156,-0.03265732021638776,0.4368633833816251,0.5182195622789636,-0.0739163173221252,0.4360746692580743,0.4953544322985287,-0.07094704047042004,0.42436021680230956,0.5200987153992933,-0.07098282382595666,0.45031166129449895,0.5165476229017479,-0.0737583402153403,0.40005155872201414,0.6101778581982404,0.023484806090491868,0.5080838315111813,0.604357141190869,0.006723939739739933,0.4449542432722893,0.5876167295270991,-0.02983308358850581,0.4498734851798376,0.643077109616566,-0.010234619730014905,0.3892134655718816,0.6179703506091754,0.026690540180117156,0.5250440029675749,0.6021270726359554,0.007448362279349294,no,2025-11-18T07:29:21.450126
0.8375195647669105,0.8714952666250145,-5.885207384501222e-07,0.766192497465507,0.8177472708543555,-0.003145799065702426,0.7231681410117575,0.7356016171732709,-0.011139766600726244,0.6882595876844624,0.6828753986028299,-0.024973592313927866,0.6431913912588947,0.6429189939902672,-0.038396112239967466,0.7779429763976472,0.6108203525186842,0.015097783354937881,0.7165011619565262,0.5742492887316965,-0.018808107511755226,0.668209803576463,0.5862980517575396,-0.046669235599968675,0.6323460625123467,0.6056385342464718,-0.06210594126475491,0.8081810104796141,0.6062696384198358,-0.002274066465769748,0.7261248396186966,0.5597653373556924,-0.03407523838017162,0.671638897110614,0.5845191120690524,-0.05266439434351103,0.6381519267838744,0.6035114591904961,-0.06014735769986411,0.8348219420022871,0.6241475480654712,-0.024179245050964054,0.7404929503108372,0.6338397486293659,-0.05838972241811215,0.7371700201037541,0.7092203277482545,-0.05708510497884245,0.7550522148464188,0.7495145431193573,-0.047950452868156704,0.8503420100161164,0.6614277978932656,-0.04763592127787536,0.7681024101832252,0.675203068949473,-0.07166995304045906,0.7596131990733219,0.7335181688687991,-0.06616695255691714,0.7738304456026093,0.766108610125534,-0.05632933814420716,0.0,0.0,0.0,0.0,0.0,0.0,0.0,0.0,0.0,0.0,0.0,0.0,0.0,0.0,0.0,0.0,0.0,0.0,0.0,0.0,0.0,0.0,0.0,0.0,0.0,0.0,0.0,0.0,0.0,0.0,0.0,0.0,0.0,0.0,0.0,0.0,0.0,0.0,0.0,0.0,0.0,0.0,0.0,0.0,0.0,0.0,0.0,0.0,0.0,0.0,0.0,0.0,0.0,0.0,0.0,0.0,0.0,0.0,0.0,0.0,0.0,0.0,0.0,0.34553679929486203,0.4313434010644306,0.027175242199431023,0.3972048016805543,0.42528520217093485,0.007937494580284822,0.4785054839015178,0.41946041793941374,-0.006047350456404455,0.5358229052632878,0.4068461792853258,-0.0037795261752986403,0.4314239486349167,0.5324225029590074,-0.06781139981895942,0.4368128749486645,0.5481023216461118,-0.03270705909286452,0.4295844091619353,0.5160429338151105,-0.07364703779333341,0.4289867257556699,0.49337161502926924,-0.07062591828504142,0.41726666745839047,0.5178108659260413,-0.0705217880790836,0.4429704102533057,0.5146270109328381,-0.07369206787926706,0.39475731288838134,0.6103221990290061,0.02433132311696701,0.5016791876366942,0.605672308769873,0.00510563879302444,0.4363058939425869,0.5870567499545133,-0.030148478032959017,0.44170761506363554,0.6441714934317113,-0.009998130266020349,0.3844809646012789,0.6166096345712503,0.027764440186575187,0.5194986655501022,0.603037534864578,0.0057378074152587485,no,2025-11-18T07:29:21.576134
0.8379186285233631,0.8697937825663524,-4.7621055392174977e-07,0.7665315874683339,0.8177424847046741,-0.0028278946535404857,0.7225969763419842,0.7364074057717703,-0.010829404605924187,0.6871603359774698,0.6849718112780385,-0.024928157479962933,0.6408361762908396,0.6460968206130688,-0.03866536151201064,0.7756216928573318,0.6108267006695899,0.014949495642393753,0.7164882945536263,0.5697748766809116,-0.017883208424625992,0.6686581435179678,0.5687845961664743,-0.045198435968624474,0.6287249469017727,0.5759376140527861,-0.06083431591040213,0.8063559645388946,0.6058759295347775,-0.0030441169044248956,0.7277783834114143,0.5558846585193074,-0.0347137360887417,0.6718223944552704,0.5655011951717943,-0.0541984154108245,0.6327377175232544,0.5706505211983364,-0.06272724902510296,0.8336759818348838,0.6239530214597223,-0.02539423978140816,0.7381492308927233,0.6341076604169779,-0.06026513271596163,0.7348269717694826,0.7108291575379151,-0.05923108418621764,0.7514861851858132,0.7526293213681808,-0.04980160050293459,0.8491837255929275,0.6621217737692493,-0.04926676908546421,0.7660127295781544,0.6752861956247151,-0.07325289496390934,0.7579011534841097,0.7332121956061219,-0.0674471595915899,0.7724280814305313,0.766632814155098,-0.05735436747021683,0.0,0.0,0.0,0.0,0.0,0.0,0.0,0.0,0.0,0.0,0.0,0.0,0.0,0.0,0.0,0.0,0.0,0.0,0.0,0.0,0.0,0.0,0.0,0.0,0.0,0.0,0.0,0.0,0.0,0.0,0.0,0.0,0.0,0.0,0.0,0.0,0.0,0.0,0.0,0.0,0.0,0.0,0.0,0.0,0.0,0.0,0.0,0.0,0.0,0.0,0.0,0.0,0.0,0.0,0.0,0.0,0.0,0.0,0.0,0.0,0.0,0.0,0.0,0.3441330944811865,0.4295597347567255,0.028313977702920715,0.3942470775256104,0.4273338227994872,0.008497592019208307,0.47628195168376825,0.42040155932962353,-0.006148109961965565,0.5325779801413333,0.4057587304307412,-0.004098271173108791,0.42953027110758135,0.5305034618200035,-0.06809114298299083,0.43495721979721585,0.5465365660297362,-0.03296223901586986,0.4277325547558715,0.5139864613380972,-0.07386985080894584,0.42723475274847855,0.4912508324865966,-0.07072610516150264,0.41544412104933226,0.5157189889189076,-0.07067396555271777,0.44109325869167815,0.5126735723571356,-0.07398410485080259,0.39239739495241516,0.6096640635342785,0.02427391580489721,0.49974060337797843,0.6053109213546173,0.0040476443992495635,0.43353269173943615,0.5860694914533155,-0.030691756770915048,0.4390769322743257,0.6436425830825091,-0.010402829678927685,0.38283441039931804,0.615216941442577,0.027818161364771492,0.5176004863871879,0.6024286144533919,0.0046536509412437,no,2025-11-18T07:29:21.703029
0.8373093551743097,0.867632215189121,-2.8374773921501115e-07,0.7686082128816585,0.8191963225086634,-0.0041967382483987185,0.7227386997054922,0.7370758983681391,-0.011793574623018055,0.6851071233548696,0.6861172625935938,-0.025491776541571434,0.6380561873389927,0.6512722944122168,-0.038964990431221994,0.7712044619129036,0.6132954804808215,0.013555165715023838,0.715244528031284,0.5649772935345476,-0.014122423638044893,0.6731165082442745,0.5460805007027898,-0.03715938659333533,0.6366853189098707,0.5327787921872207,-0.05173672983768741,0.8034318742143325,0.6063415509166045,-0.004390258871683116,0.7325369458980595,0.5490738447625834,-0.035292600423926554,0.6793100960675857,0.5404422789709374,-0.05496812305465732,0.638407479472,0.5303748862343153,-0.06383510622322386,0.8329187041895366,0.6226638440752743,-0.02612834486271374,0.7410314705050317,0.6310957129618611,-0.061974209512601935,0.7374427267313752,0.7080978249046692,-0.06116837094147079,0.7522893264853474,0.7509027925886924,-0.05112880345533616,0.8504264291512154,0.6595146065005609,-0.04938053828683363,0.7686441845560754,0.6732418348137766,-0.07369874839290438,0.7608172404364366,0.7321618908500123,-0.06766977727575825,0.7752955188341621,0.766436079614399,-0.05731381622228626,0.0,0.0,0.0,0.0,0.0,0.0,0.0,0.0,0.0,0.0,0.0,0.0,0.0,0.0,0.0,0.0,0.0,0.0,0.0,0.0,0.0,0.0,0.0,0.0,0.0,0.0,0.0,0.0,0.0,0.0,0.0,0.0,0.0,0.0,0.0,0.0,0.0,0.0,0.0,0.0,0.0,0.0,0.0,0.0,0.0,0.0,0.0,0.0,0.0,0.0,0.0,0.0,0.0,0.0,0.0,0.0,0.0,0.0,0.0,0.0,0.0,0.0,0.0,0.3423759716409228,0.42837311193097505,0.029969480849536795,0.39241169026541445,0.4277212276820159,0.009719177593622622,0.4749208295434756,0.42077090643673865,-0.005414040435437801,0.5304777565501588,0.4044780392742848,-0.0035957325783839695,0.42773574998707925,0.5297145595461712,-0.0683803279254592,0.43332225761703747,0.5459697848611815,-0.03347116086819399,0.42590887729439386,0.5130357111377986,-0.07400945031373081,0.4254572161903327,0.49018951734326627,-0.07062731364766492,0.413695179068291,0.5147985181925928,-0.07075212555094079,0.43924776843828445,0.5117343443908481,-0.07417716630245932,0.3904518739269369,0.6102585399553869,0.023546623360352945,0.49889776250251155,0.6055989883758255,0.0026821289002679338,0.4319750998131614,0.5860307052469977,-0.03158406489387465,0.43729768792938395,0.6426325632087351,-0.011950825021701469,0.3813585220426918,0.6148157868814905,0.027083531638670746,0.5162267733163509,0.601966499962368,0.0031766415456823665,no,2025-11-18T07:29:21.845991
0.8359192881161008,0.866125079476427,-1.8135596186973856e-07,0.7690447868969907,0.8199041977266522,-0.0052722226277395175,0.7218483172809536,0.736827807286868,-0.012937885861471071,0.6833377239603785,0.685524359818144,-0.02674446564202538,0.6355361186004503,0.6533013569763111,-0.04042231473036243,0.7683753024839328,0.6150765045836725,0.011891956142835301,0.714897004950014,0.5619557824350747,-0.01385727381166771,0.6760324553245298,0.5342673812412875,-0.03490822182011279,0.6416627204233344,0.5108125769121681,-0.04895466503860135,0.8020041017227973,0.6064187636823317,-0.006013954788778541,0.7353054752740877,0.5436159519413808,-0.037241809606966596,0.6834627155276131,0.5259167805262708,-0.05706903371520536,0.6416087203954849,0.5086890765228431,-0.06594806136161002,0.8329887393304098,0.6211732270551085,-0.027463701866097413,0.7423389864999219,0.6295718280385477,-0.0647084623403006,0.7391024504304307,0.7073299633728211,-0.06398109262148079,0.7533499754947184,0.7510770066459087,-0.053294570502392086,0.8517865507000278,0.6568081083421384,-0.05042367300493949,0.7706520411801678,0.6714651788147405,-0.0753734505390349,0.7639459425010094,0.730734324150058,-0.06923258215270303,0.7790419871602299,0.7650152938927403,-0.058616730184721966,0.0,0.0,0.0,0.0,0.0,0.0,0.0,0.0,0.0,0.0,0.0,0.0,0.0,0.0,0.0,0.0,0.0,0.0,0.0,0.0,0.0,0.0,0.0,0.0,0.0,0.0,0.0,0.0,0.0,0.0,0.0,0.0,0.0,0.0,0.0,0.0,0.0,0.0,0.0,0.0,0.0,0.0,0.0,0.0,0.0,0.0,0.0,0.0,0.0,0.0,0.0,0.0,0.0,0.0,0.0,0.0,0.0,0.0,0.0,0.0,0.0,0.0,0.0,0.3417984732815515,0.4279775687294646,0.03125406849743552,0.3915489074143158,0.42850072457213284,0.010647943465577571,0.47429680347889874,0.4218062276782082,-0.004880545498969377,0.5295114488851258,0.404031975035702,-0.0031602455802868246,0.42686099018023094,0.5303689117387228,-0.06870279183257404,0.43256226520683416,0.5467413964894287,-0.03386002468038911,0.42497912736790006,0.5135857743463651,-0.07424361359938172,0.4245059226388904,0.4906559262694038,-0.07068686028023428,0.4127531164105951,0.5154064278661328,-0.07093759455762066,0.4383536186399186,0.5122305640716447,-0.0744453956581438,0.39037187178364363,0.6104402941666889,0.02305011559090874,0.49912703107062983,0.6053851257968758,0.0016344207874856914,0.43107797372898365,0.5867654003072147,-0.03216889474935985,0.4366109450665673,0.6421638823028386,-0.01332680632225544,0.38090876632186776,0.6156240182137708,0.02657748417093793,0.5161901736531096,0.6022229491064739,0.002055829134748859,no,2025-11-18T07:29:21.979848
0.8356100456503051,0.865163580816781,-1.39884561078715e-07,0.7696866245104308,0.8195782549550161,-0.0059781397883049685,0.7220357399660078,0.7370585583942579,-0.013926008792407699,0.6827121852586164,0.6861314552405692,-0.027974759843374445,0.6344279866683893,0.6552260511840784,-0.04200802089128709,0.767383856142708,0.6163284592010159,0.010213613826658568,0.7152124783336953,0.5606595440018849,-0.014797455844566001,0.6777375199195739,0.5279102700006791,-0.03531327181017237,0.6447025257256596,0.49884523267662695,-0.049502987103470064,0.8015548600998326,0.6068959708437751,-0.00749649656208074,0.7361924584107408,0.5428971721758296,-0.03903822627684336,0.6849217893586552,0.5195883341107916,-0.05925617197308787,0.643099936531742,0.49733541946602666,-0.06864249692097263,0.8332174123917216,0.6205192030584991,-0.028564261894438246,0.7427798665085517,0.6274125440870992,-0.06659037171933319,0.7386377291977593,0.7059580856197449,-0.06579541745265094,0.7517253536721944,0.7516748062709524,-0.05491422365444483,0.8530147357877886,0.655220314985736,-0.051168836012996405,0.7714545057928732,0.6710403961376407,-0.07670666382785751,0.7641165879268352,0.7309342203998428,-0.07056202694814336,0.7787567881243349,0.76620983567661,-0.05986110995777846,0.0,0.0,0.0,0.0,0.0,0.0,0.0,0.0,0.0,0.0,0.0,0.0,0.0,0.0,0.0,0.0,0.0,0.0,0.0,0.0,0.0,0.0,0.0,0.0,0.0,0.0,0.0,0.0,0.0,0.0,0.0,0.0,0.0,0.0,0.0,0.0,0.0,0.0,0.0,0.0,0.0,0.0,0.0,0.0,0.0,0.0,0.0,0.0,0.0,0.0,0.0,0.0,0.0,0.0,0.0,0.0,0.0,0.0,0.0,0.0,0.0,0.0,0.0,0.34237664385780153,0.4278353635588012,0.030981285737760995,0.3917633770183914,0.4285571340412849,0.01043371587925504,0.4741064286254357,0.42176583981223337,-0.005024253076956779,0.5291048572188233,0.403820431711691,-0.0032384543929552256,0.42733110589467327,0.530354195592567,-0.06880304823452624,0.43291415443492953,0.5466487558199402,-0.033871483365542264,0.42544129834600597,0.5135531863789626,-0.07436971044472947,0.4249100702223764,0.4905592786282856,-0.07083754534373615,0.4131622817723065,0.515396147015647,-0.07107302833836157,0.4388198359103066,0.5121595208415932,-0.0745643223274392,0.3909238044392614,0.6097387871246958,0.02334332706313263,0.4993838373336395,0.6048762803876804,0.0020116366015460354,0.43083871239702354,0.5866259891474428,-0.032039452215769176,0.43657009700971644,0.6423045444724947,-0.013088132873435174,0.3809128150008768,0.6153297164547553,0.026839991254282193,0.5164638471739211,0.60160531095613,0.0024109318503074263,no,2025-11-18T07:29:22.116102
0.835326499570758,0.8656839212982831,-1.2376633686239495e-07,0.7694600448525665,0.8198038760508113,-0.005721376612978778,0.7216100266316398,0.7363310646661841,-0.013357142024580333,0.6814325689648337,0.6861258932639767,-0.027260258635593032,0.6327427437538113,0.6566304859382611,-0.04121973410921204,0.7674474927609902,0.616772433726866,0.011628775084329765,0.715016461458794,0.5623270652348139,-0.012475555403672046,0.678266816228479,0.52850659574329,-0.03265652567374625,0.6455364087177797,0.4972394025083193,-0.047054577463273156,0.8019105203075609,0.6073131797425663,-0.006448359876954138,0.7363664475777154,0.5439338422829831,-0.037632912531598714,0.6855832577698427,0.5193539176123416,-0.05811165560858373,0.6437632007831134,0.49547199180221957,-0.06791550286479273,0.8338754624920186,0.620922735388884,-0.027872076569007625,0.7431431192417484,0.6270049742835399,-0.06588741540478302,0.7392416217476223,0.7064882305082367,-0.06498281822840257,0.7521454581986308,0.7526028033067561,-0.05408072595962674,0.8539394877402383,0.6557656452686706,-0.05083670435126482,0.7725127004939403,0.6721646389581788,-0.07617158122895218,0.7656415416250082,0.7319028168153694,-0.06989713735898798,0.7805745257684052,0.7665418957016168,-0.0592701404321611,0.0,0.0,0.0,0.0,0.0,0.0,0.0,0.0,0.0,0.0,0.0,0.0,0.0,0.0,0.0,0.0,0.0,0.0,0.0,0.0,0.0,0.0,0.0,0.0,0.0,0.0,0.0,0.0,0.0,0.0,0.0,0.0,0.0,0.0,0.0,0.0,0.0,0.0,0.0,0.0,0.0,0.0,0.0,0.0,0.0,0.0,0.0,0.0,0.0,0.0,0.0,0.0,0.0,0.0,0.0,0.0,0.0,0.0,0.0,0.0,0.0,0.0,0.0,0.3445132496165457,0.4267075749297302,0.02962671697974609,0.39421714237710803,0.427814024870145,0.009692833814438931,0.4759064900886273,0.4210180072769892,-0.0048825441222121865,0.5312998138728546,0.4031625571262923,-0.0025659698535839826,0.4302967866395058,0.5288486449707372,-0.06876155292061166,0.4355329954150966,0.5452116803086517,-0.03368240051460593,0.428449334432822,0.5120390276720558,-0.07437530744042045,0.42780888166117603,0.4890646630034128,-0.07089114708130526,0.41608525348743347,0.5138619388356586,-0.07118623474856654,0.44179231441473277,0.510671493638036,-0.07446660076323361,0.39305186589417596,0.6091990868797612,0.02289154314389294,0.5008584113673965,0.6040934625071489,0.0027478343591881924,0.43336233911057537,0.5851113775712342,-0.03197040961222762,0.4391550069055845,0.6415759945033983,-0.012512312580028849,0.3829743586313054,0.614122020130759,0.02636073863390694,0.5180193936892707,0.600392110605781,0.003288111818250637,no,2025-11-18T07:29:22.246973
0.8340852294511352,0.8655958812042563,-1.7392594526538443e-07,0.7688019387680649,0.8209935339135435,-0.005279962839656871,0.7212033654619685,0.7374131178681416,-0.012330591232003616,0.6826594292806957,0.6859290991569365,-0.02562511797533064,0.6346767450687392,0.6556258647075643,-0.03901462838389927,0.7670948015066853,0.6166942818010246,0.012305485163784585,0.7145556395485957,0.5637433122423459,-0.011825485906820688,0.6767462456672637,0.5312089119616108,-0.03228850171083171,0.642852329162433,0.5022267061350648,-0.04674212999314266,0.8014115098676782,0.6075299798306184,-0.005738378128078371,0.7348833962131741,0.5479950178173644,-0.036753237314574076,0.6829470217701294,0.52562260199274,-0.05741547191926302,0.6401524922963877,0.504437346113207,-0.06742132637832303,0.8331974372663645,0.6208860829749748,-0.02710736279090583,0.7434345969686678,0.6300003792831121,-0.06462208255910194,0.7397782315090345,0.7089897288291,-0.06366051816066048,0.752341831195873,0.7556920586014677,-0.0529013822484453,0.8538689683898488,0.6551064811960419,-0.05005155115214913,0.7733953725972814,0.6721169154454285,-0.07522780288278091,0.766771868539326,0.7318944826340641,-0.06893410895029935,0.7810437507305772,0.7675609873901456,-0.05823663095774353,0.0,0.0,0.0,0.0,0.0,0.0,0.0,0.0,0.0,0.0,0.0,0.0,0.0,0.0,0.0,0.0,0.0,0.0,0.0,0.0,0.0,0.0,0.0,0.0,0.0,0.0,0.0,0.0,0.0,0.0,0.0,0.0,0.0,0.0,0.0,0.0,0.0,0.0,0.0,0.0,0.0,0.0,0.0,0.0,0.0,0.0,0.0,0.0,0.0,0.0,0.0,0.0,0.0,0.0,0.0,0.0,0.0,0.0,0.0,0.0,0.0,0.0,0.0,0.3463084311389537,0.42602825622058715,0.028633512150945298,0.3960756703783123,0.4270161331616579,0.00928546630760866,0.47733288943823454,0.42083980286048706,-0.0044157604368145545,0.5329497676522934,0.403040641666059,-0.0016022010652424201,0.43245400886407204,0.5287894889110736,-0.06860887783302463,0.4374492060901548,0.5450430848080277,-0.03352272238826915,0.4306310125838426,0.5119533946419972,-0.07423525968177143,0.42991702301347223,0.4888541546218236,-0.07076772189351403,0.41819514847318606,0.5137520653612802,-0.07114376013289114,0.44398455578314916,0.5105583952012049,-0.07422703119488165,0.39470741311638424,0.6080705722446597,0.022142394114983407,0.5030284450330635,0.6029552669724922,0.003148718935849425,0.436254011676412,0.5850917090645478,-0.03186740629890022,0.441635144005313,0.6410476875364282,-0.012688010154356399,0.3843867491846942,0.6140524978068498,0.02556205800862913,0.5193336981568912,0.6001441813805425,0.003810380669890156,no,2025-11-18T07:29:22.385007
0.8335166292462127,0.8662093301914379,-2.308344047338425e-07,0.7694448586681664,0.8222649649700774,-0.003047263857491961,0.7218043697560544,0.7378428625973246,-0.009025226822332465,0.6840223878466771,0.6864524381530684,-0.02160200891785636,0.63616469032154,0.6552021726186747,-0.03442315954883125,0.768733387510621,0.6165065220517116,0.015306638593304436,0.7165064903713743,0.5677406882657194,-0.009014211505314307,0.6776383799537643,0.5396233992905893,-0.0301546131825147,0.6418326611060272,0.5162103453217897,-0.04482148770079115,0.8021492363791516,0.6072328894762375,-0.0035067043374500126,0.7338321647966506,0.5516952508940032,-0.0340950917788109,0.6804111510751892,0.5325656809840866,-0.05486980338786275,0.6358978639899144,0.5145677421751033,-0.06511819081472228,0.8332577459712103,0.6205612100799405,-0.025647584892314373,0.7430910115008439,0.6315252615009158,-0.06259850449752469,0.7402159625925147,0.710861379574157,-0.06157022942165505,0.7528247954788416,0.7578204541397536,-0.05104076241495408,0.8536920582763453,0.6546702962525467,-0.049212451944191896,0.7732973760207018,0.6715724667215851,-0.07433850238233322,0.767452575600382,0.7313766129124147,-0.06812191562732176,0.7816261861162499,0.7672565722053573,-0.05754581761927456,0.0,0.0,0.0,0.0,0.0,0.0,0.0,0.0,0.0,0.0,0.0,0.0,0.0,0.0,0.0,0.0,0.0,0.0,0.0,0.0,0.0,0.0,0.0,0.0,0.0,0.0,0.0,0.0,0.0,0.0,0.0,0.0,0.0,0.0,0.0,0.0,0.0,0.0,0.0,0.0,0.0,0.0,0.0,0.0,0.0,0.0,0.0,0.0,0.0,0.0,0.0,0.0,0.0,0.0,0.0,0.0,0.0,0.0,0.0,0.0,0.0,0.0,0.0,0.3481092259836004,0.42537293066728515,0.028275948746354397,0.3975953928912207,0.4262354791622727,0.009262398597701577,0.478765740692895,0.4195852063294592,-0.0038485725716558734,0.5344219913796288,0.40183199650079227,-0.0006563370030876897,0.4344698583119646,0.5284832857248392,-0.06895907112724382,0.4392626082778884,0.5444295276144325,-0.033733247352124074,0.4326394800668313,0.5116213465881952,-0.0745847705452791,0.43183472028893216,0.48837236298882164,-0.07106944489584607,0.4200847845103357,0.5134371927682255,-0.0715500818431885,0.44607908406966756,0.5101083361179822,-0.07450743199572765,0.3963121481732968,0.607959548645981,0.021579684989875718,0.5048979185957859,0.6018533334831944,0.003400316444897233,0.43844323708896893,0.584776043378862,-0.032070302854073335,0.4438633234551025,0.6404853916197766,-0.013219183853859623,0.38546948190359587,0.6135603604032113,0.024940934400716448,0.520901341141968,0.5988180208851259,0.004122104770793672,no,2025-11-18T07:29:22.517504
0.83494503880905,0.8674622188161931,-3.9039951484283446e-07,0.7687277970899731,0.8208515324156112,-0.0021506972972083344,0.722576136027014,0.7373556518511067,-0.008221202767558854,0.6860934898179614,0.6860039183086357,-0.020794039805197787,0.6394921368687625,0.6508669368533132,-0.033628971372640266,0.773585232754868,0.6147915746530989,0.01764523333054199,0.7182421134222289,0.5738545107550216,-0.01010147617367933,0.6750620445720665,0.5599223771259922,-0.03453743893681456,0.6365942415961807,0.5514666278629975,-0.05013749094598044,0.8056993187358404,0.6064129873826195,-0.0010387821176658795,0.7322756271523536,0.5557957407958175,-0.03178078217246934,0.6771205023049438,0.5513654191511009,-0.0524197792504938,0.633840823712868,0.5454879747958188,-0.06231718369805252,0.8355681952188052,0.6204421360114973,-0.02356511474748537,0.7440113546731515,0.6304907715814516,-0.05971634965336153,0.7422494915444415,0.7093310329667812,-0.059029835482736284,0.7569096447200879,0.7547202839946967,-0.04932524698496957,0.8548473137374768,0.6545249214474251,-0.047494679649392586,0.7739871475020806,0.6709564725709214,-0.07278924767926094,0.7676695773185473,0.7311707559877625,-0.0672337365988896,0.7819402025857128,0.7662615847381614,-0.05723617746219561,0.0,0.0,0.0,0.0,0.0,0.0,0.0,0.0,0.0,0.0,0.0,0.0,0.0,0.0,0.0,0.0,0.0,0.0,0.0,0.0,0.0,0.0,0.0,0.0,0.0,0.0,0.0,0.0,0.0,0.0,0.0,0.0,0.0,0.0,0.0,0.0,0.0,0.0,0.0,0.0,0.0,0.0,0.0,0.0,0.0,0.0,0.0,0.0,0.0,0.0,0.0,0.0,0.0,0.0,0.0,0.0,0.0,0.0,0.0,0.0,0.0,0.0,0.0,0.35364877211808193,0.42443995292061765,0.024615138202086596,0.40466564259352905,0.42473029198554,0.007750457974575057,0.48669066265239386,0.41796330025773953,-0.0019604580469947067,0.5412021930374553,0.3991486341060709,0.0031657689293594707,0.4462730335709222,0.5257763635216756,-0.06952046920243302,0.4499704438388801,0.5418842667807728,-0.034087506374955584,0.4444890769484318,0.5087838125801389,-0.07518313618745164,0.44328207905849804,0.4854730255095323,-0.07167035499267897,0.43166611099372376,0.5107844676228213,-0.0725234278410927,0.45793945033904826,0.5071058493391272,-0.07472733498208624,0.4045917395748915,0.6064948340325395,0.020059476756665192,0.5134133529136156,0.5992848091175432,0.006665176237803488,0.45132989860715994,0.5820953247366112,-0.03203292632604256,0.45603875375044706,0.6377723443522925,-0.013817218869474988,0.3921533304245686,0.6123413650847234,0.02284912317790539,0.5305803512045288,0.5951977455938539,0.007514149553753016,no,2025-11-18T07:29:22.642539
0.8364107985564415,0.8676776294981997,-5.002273694789463e-07,0.768695929556568,0.8196981687327537,-0.002638756478566838,0.7235108289292632,0.7371227455117351,-0.009347675486985823,0.687356074895553,0.6852928374502163,-0.022131418915820156,0.6417970571085451,0.646455740536642,-0.03524900835980779,0.7764233512979357,0.6136064244191397,0.016757884538379383,0.7186424755210052,0.5784967267367638,-0.01249138938813423,0.6731722275968548,0.5737541217886278,-0.038301231656365044,0.6339433519725594,0.5739862243070939,-0.0541920144945013,0.808221086903931,0.6054677866257274,-0.0011166325098653995,0.7311195244869739,0.5596100448134971,-0.0323383188890358,0.674499986326651,0.567157290340321,-0.05295316753261842,0.6319648745372506,0.5723391943738463,-0.06242772121470886,0.8376486329411287,0.6200477102806052,-0.022910986697177515,0.7452818514050267,0.6313886899002992,-0.058750384580074894,0.7431597425201913,0.7092808173771742,-0.058729389319966165,0.7581930637941412,0.7540761597204318,-0.04978230812907765,0.8566875168559973,0.6541917021425511,-0.0460685081579883,0.7755451069732389,0.6707153817093499,-0.07205083387471614,0.7673295830280176,0.7316919775632019,-0.06732374568005431,0.7800702058632452,0.768191460360719,-0.05774840041391813,0.0,0.0,0.0,0.0,0.0,0.0,0.0,0.0,0.0,0.0,0.0,0.0,0.0,0.0,0.0,0.0,0.0,0.0,0.0,0.0,0.0,0.0,0.0,0.0,0.0,0.0,0.0,0.0,0.0,0.0,0.0,0.0,0.0,0.0,0.0,0.0,0.0,0.0,0.0,0.0,0.0,0.0,0.0,0.0,0.0,0.0,0.0,0.0,0.0,0.0,0.0,0.0,0.0,0.0,0.0,0.0,0.0,0.0,0.0,0.0,0.0,0.0,0.0,0.3591914128649186,0.4242571374529312,0.020396284475513053,0.41130625884444827,0.4246578171963833,0.005666177432264931,0.4933423510939582,0.4160080125479982,-0.0006466553251983477,0.5464989570457662,0.3970489606411015,0.006419717103509682,0.45631905136092343,0.5241452937870523,-0.06899937028379936,0.4590852209896076,0.5403855559463099,-0.03372474446457645,0.4546097145558733,0.5070989704418334,-0.07467738435787835,0.45305115548650915,0.4837033990367333,-0.0712609857770459,0.4417318875796103,0.5092302364931428,-0.07241003852934914,0.4678727261203374,0.505284230984032,-0.07385162681635668,0.41144034286331244,0.6065195749237557,0.018079075571702463,0.5210765218471276,0.5967531409288582,0.009339704872509732,0.4621717094239718,0.5797374247222027,-0.03152389113855667,0.4664451234353203,0.6354218238599536,-0.013183676540626814,0.3990953156248438,0.6119411393332858,0.020508899911234533,0.5370393144343567,0.5926757496756654,0.01050947450457865,no,2025-11-18T07:29:22.765257
0.8351941297088238,0.8678474130767366,-5.756011190778294e-07,0.7683237686303652,0.819179750431593,-0.003062920269737101,0.7248829142834334,0.7352577304829183,-0.009880756087394546,0.6898400884102246,0.6816676544295301,-0.022487518430864828,0.6450085894845246,0.6412149248547315,-0.035145546556660565,0.7791233441880151,0.612722114368307,0.016441770601375437,0.7203784000453537,0.5776586097406048,-0.014025770698631878,0.6740825732825277,0.5824719021361504,-0.039845512406971276,0.6369586154165165,0.5928422172732521,-0.05490280524341402,0.8109325692278749,0.6050750564712805,-0.0005071692778754849,0.7326556499044672,0.5596577107192791,-0.032540370481557654,0.6771334696590683,0.5792963613872015,-0.05180614194509167,0.6391298533834324,0.5951613274000884,-0.059456476590244556,0.8397684111284622,0.6200153340602855,-0.021596242974450404,0.7482329190344226,0.6297218927864533,-0.05735287121483641,0.7453728474010717,0.7076734744844855,-0.05670395941046373,0.7612520098977115,0.7519943896555956,-0.04721889194727217,0.8581483815549823,0.6537186948136462,-0.04404395631445443,0.7775462501476149,0.6695810208755795,-0.07014486649323194,0.7674937295213635,0.7315012023760377,-0.06560006434331352,0.7789332073608676,0.7681368309207922,-0.055935686823689754,0.0,0.0,0.0,0.0,0.0,0.0,0.0,0.0,0.0,0.0,0.0,0.0,0.0,0.0,0.0,0.0,0.0,0.0,0.0,0.0,0.0,0.0,0.0,0.0,0.0,0.0,0.0,0.0,0.0,0.0,0.0,0.0,0.0,0.0,0.0,0.0,0.0,0.0,0.0,0.0,0.0,0.0,0.0,0.0,0.0,0.0,0.0,0.0,0.0,0.0,0.0,0.0,0.0,0.0,0.0,0.0,0.0,0.0,0.0,0.0,0.0,0.0,0.0,0.36677464601337667,0.4240633587416862,0.015430039118770635,0.4201917781467801,0.4246996916887831,0.003856897559588674,0.5017636175826541,0.41337373209740147,0.0028842592759161317,0.5538227869907482,0.39385271594677146,0.013280192740394959,0.47063029675475676,0.5216257813349019,-0.06909863543854008,0.4720379386827463,0.5382440744457044,-0.034056362060517174,0.46899725129610986,0.5045559692525939,-0.0746870594527467,0.4668269036604985,0.4813029588929852,-0.07110116856558403,0.45593179142507434,0.5069535276703996,-0.07300927808806934,0.4819872315713687,0.5025877411548196,-0.07325083971170808,0.42175571630394015,0.605192032954813,0.013547418443762532,0.531785200821101,0.5931511325848667,0.012107678570519335,0.47640686029479534,0.576554655964617,-0.03206228668368015,0.4801660951382229,0.6316363570097803,-0.015033674843496943,0.40837113007385073,0.6114871404731461,0.015377875230704623,0.5466387146340943,0.5886683484992554,0.013760049046868353,no,2025-11-18T07:29:22.898046
0.8361984287517354,0.8673549742767106,-6.32529263787979e-07,0.7684078462197084,0.8181476180498877,-0.00356883024666183,0.7249710627687767,0.7346448230737956,-0.010630161531166232,0.691027020475788,0.6804510199599738,-0.0233263359671414,0.6472172864567398,0.6397834806654334,-0.036059470505093054,0.7802324782635175,0.6109681505183515,0.014982501862249541,0.7202744489698204,0.574993529018099,-0.01709281681708747,0.673471687251234,0.5871932779571133,-0.043499211394263416,0.6375613294215151,0.6056486348245228,-0.058291572260102315,0.8119974993279877,0.6047786449978014,-0.0014417663288781354,0.7329597798606046,0.5613578647018331,-0.03385362436738958,0.678330376186956,0.5873927528562289,-0.052731732533558104,0.6428509534079485,0.6080987496566177,-0.05995236226479639,0.8406750566804115,0.6209580654752722,-0.02217461602898946,0.7495977074191278,0.6293724541427841,-0.05772540371392646,0.746894903820241,0.7068538289933414,-0.05718870684756585,0.7638323724415315,0.749841997207406,-0.04808394385814803,0.8590234147726998,0.6552418692745752,-0.04425367991871136,0.7781613286947181,0.6698754852035673,-0.07027698536062582,0.7685372554905859,0.7313946091092377,-0.06591845897143092,0.7809904119213242,0.7667710044954303,-0.05645364075748315,0.0,0.0,0.0,0.0,0.0,0.0,0.0,0.0,0.0,0.0,0.0,0.0,0.0,0.0,0.0,0.0,0.0,0.0,0.0,0.0,0.0,0.0,0.0,0.0,0.0,0.0,0.0,0.0,0.0,0.0,0.0,0.0,0.0,0.0,0.0,0.0,0.0,0.0,0.0,0.0,0.0,0.0,0.0,0.0,0.0,0.0,0.0,0.0,0.0,0.0,0.0,0.0,0.0,0.0,0.0,0.0,0.0,0.0,0.0,0.0,0.0,0.0,0.0,0.37166388212114454,0.42483358285709494,0.00921915743862285,0.42703174720384507,0.4238667923985755,0.0011773129089800137,0.5077905831672426,0.41095991111171953,0.006137168414802806,0.5577341175993017,0.3918037589676866,0.020184299152411166,0.48382884695525924,0.5183805943913584,-0.06896324774794703,0.4835867571078297,0.5355251460580726,-0.03406064413379138,0.48231721485856516,0.5014217639040985,-0.0745099575472943,0.47944761208663506,0.4785698265667776,-0.07084506117931644,0.46903756696001947,0.504150087704905,-0.07348729456924219,0.49498870650872207,0.49930791831929977,-0.0723911608762951,0.4307179675002672,0.6053320008028155,0.008985506505843635,0.5395817512207922,0.5903032622343585,0.015574407238846247,0.48866673705123675,0.5740619003452083,-0.03229383108455019,0.49209240955145706,0.6298994301261365,-0.015480642881188226,0.41647364668289094,0.611613566784272,0.01024115704906229,0.5538563069515992,0.5851634155254151,0.017853309475776687,no,2025-11-18T07:29:23.043318
0.8351012366422557,0.8678778634105568,-6.643600581553417e-07,0.7679224733150849,0.8184488209458728,-0.0035095304709845425,0.7246140573567547,0.7333332860467092,-0.010241987198539573,0.6913002307521915,0.6780059259917972,-0.02252741182623208,0.6484553877657234,0.6373427405463398,-0.034851905718731147,0.7814450209749442,0.6091080793847709,0.014590522217403734,0.7206695678725139,0.5722522924822245,-0.01797949909534183,0.6735956957011937,0.5868652301440993,-0.04447111794028337,0.6379933398053621,0.6078443815277856,-0.05901497375331356,0.8133436869885178,0.6038694071565698,-0.0016969199328456972,0.7330590053210799,0.561180864256663,-0.03474699909670825,0.6779086363509244,0.5920714763254991,-0.05336753589718734,0.6434358448127236,0.6170496664142311,-0.05988894161363656,0.8417754176777454,0.6212686774558063,-0.022299516322774243,0.7506965294622037,0.6296033146263237,-0.05809170579301555,0.7472316065636697,0.7071627786591157,-0.057458902896710976,0.764384171373964,0.7499605164831891,-0.04797444380045005,0.8597717099994175,0.6565693430025372,-0.044188761615487425,0.779109230469414,0.6701165350784377,-0.07037532070946864,0.768810258490227,0.7313895624357833,-0.06600059120508535,0.7811805556634972,0.766523533015156,-0.05624491125269826,0.0,0.0,0.0,0.0,0.0,0.0,0.0,0.0,0.0,0.0,0.0,0.0,0.0,0.0,0.0,0.0,0.0,0.0,0.0,0.0,0.0,0.0,0.0,0.0,0.0,0.0,0.0,0.0,0.0,0.0,0.0,0.0,0.0,0.0,0.0,0.0,0.0,0.0,0.0,0.0,0.0,0.0,0.0,0.0,0.0,0.0,0.0,0.0,0.0,0.0,0.0,0.0,0.0,0.0,0.0,0.0,0.0,0.0,0.0,0.0,0.0,0.0,0.0,0.3607552418036753,0.42619904230974254,0.009741525595956514,0.4166659075527282,0.42478191051775394,0.001521703256437064,0.4986011474300263,0.4115878253001606,0.006064358124465473,0.5494725335101154,0.3913679508511071,0.019681832840699527,0.4746542594551839,0.5215791524145665,-0.06980737830784384,0.4747211628776072,0.5380042805924365,-0.03446010228192064,0.4729724852502512,0.5043909025228043,-0.07542269384627898,0.46993264998977446,0.48090071533302564,-0.07175162863548418,0.45947815695413086,0.5071705853296559,-0.07434501764904866,0.48587632020287025,0.5019429265306368,-0.0733530377600298,0.42000808941820156,0.6085096814984383,0.009809529476402519,0.5329190072384327,0.5914625327590249,0.015846369059922906,0.4799048125601948,0.5761785060006986,-0.03211000798860231,0.4838646247090476,0.6322826384753912,-0.015826166478888903,0.4078327366324229,0.6138876652261662,0.0110523307927561,0.5463966993894959,0.5851483648290527,0.01798489460766173,no,2025-11-18T07:29:23.172505
0.8332832702700567,0.8720040433423939,-6.967756503271347e-07,0.7663826109785263,0.8209195927963922,-0.0026095121979240895,0.7234595583948691,0.7340831440685817,-0.008795470472399394,0.6910627273374605,0.6779123207820772,-0.020736275363852086,0.649017307368198,0.6372914857917398,-0.03284727540626489,0.7818621667927852,0.6088072006459071,0.015420470358257932,0.7199113966472097,0.5722799991807179,-0.017325851206313206,0.6723835016324877,0.5891536989515205,-0.04416249286966351,0.6368613561533677,0.6129922712826154,-0.058844852056910764,0.8136856472147331,0.6046402299302136,-0.0013727499888631033,0.7325242541139396,0.5627186767667745,-0.0342350053548002,0.6768332010604414,0.5947526408955986,-0.05303799888893562,0.6420257434417469,0.6214882593202442,-0.05973023800442723,0.841929763730459,0.6230232058677194,-0.022441254617056525,0.7498958654772566,0.629479491823965,-0.05794702756100515,0.7458764334126027,0.7080750371433548,-0.05737017430428105,0.7627032801545266,0.7524868421706564,-0.04802337977647815,0.8595912363931414,0.6595531906644003,-0.044748407554493594,0.7781445338481409,0.6709535972530403,-0.07115767766869154,0.7674748232873193,0.7324942251780815,-0.0669175997309511,0.7796227311303173,0.7685835028433323,-0.05717889852784125,0.0,0.0,0.0,0.0,0.0,0.0,0.0,0.0,0.0,0.0,0.0,0.0,0.0,0.0,0.0,0.0,0.0,0.0,0.0,0.0,0.0,0.0,0.0,0.0,0.0,0.0,0.0,0.0,0.0,0.0,0.0,0.0,0.0,0.0,0.0,0.0,0.0,0.0,0.0,0.0,0.0,0.0,0.0,0.0,0.0,0.0,0.0,0.0,0.0,0.0,0.0,0.0,0.0,0.0,0.0,0.0,0.0,0.0,0.0,0.0,0.0,0.0,0.0,0.34544112130619553,0.43032960271309884,0.01465340864935193,0.40019285472774957,0.4285984595313379,0.0037599994941397907,0.48257180000190125,0.4152785941371637,0.0037234957348335424,0.5354168230523599,0.39390849014837764,0.014453591357001947,0.4549357901871104,0.5295515388594897,-0.07035284382892878,0.4562750157525777,0.5449141867287134,-0.034589704628761875,0.4529565139740789,0.5123240387457619,-0.07605247798445502,0.4501243404844655,0.488247265687486,-0.07242473801878999,0.43945778270069824,0.515054150191607,-0.07444796844190066,0.4662606708207344,0.5096255212449021,-0.0744994248079114,0.4035575818394566,0.6139320243773014,0.013131924938677906,0.5181780545397028,0.5960278114081989,0.013045405604959832,0.4631107658076853,0.5825615003624862,-0.03191040202339013,0.467691297039468,0.6375802874193057,-0.015398093434967952,0.39269375545839286,0.6193155634175265,0.014911118813261995,0.531898482064743,0.5908061715598053,0.01478741017192531,no,2025-11-18T07:29:23.298837
0.8239891652616,0.8823303636321039,-7.151622262362566e-07,0.7563319683978172,0.8242354490452145,-0.0015585249986728937,0.7146292411820689,0.7362464210390363,-0.0077976787034293015,0.681266207876494,0.6807798276788651,-0.019966709489072115,0.6395097539858415,0.6426914904144093,-0.03240970960266572,0.7779169218096311,0.6110922666666425,0.014599843402120194,0.7144953609231685,0.5751434909920313,-0.018476587290232695,0.6657129896201074,0.5930944938811252,-0.0460165942303182,0.6292630295228356,0.6183204573881338,-0.06138673554202426,0.8095566886490994,0.6088555377670782,-0.003058838926692423,0.7254452597054378,0.5698153015181529,-0.03556697680350064,0.6684417668033378,0.6017320311926571,-0.05483137148819664,0.6328980200076929,0.6270349254631922,-0.06251058667098536,0.8365751952807569,0.6301714151458501,-0.02478901374403699,0.7417857024854086,0.6364103377431898,-0.05880265639570166,0.7380976984701411,0.7139267874467995,-0.05790556948663511,0.7553176783043446,0.7571531024055187,-0.04921955959677713,0.8523102952443002,0.6701142592211314,-0.04779027437263044,0.7688609934922925,0.6796274908510227,-0.0725766898186807,0.7581700052277203,0.738679046468893,-0.06761429905556764,0.7704120266045111,0.7728377712142229,-0.05792746823262199,0.0,0.0,0.0,0.0,0.0,0.0,0.0,0.0,0.0,0.0,0.0,0.0,0.0,0.0,0.0,0.0,0.0,0.0,0.0,0.0,0.0,0.0,0.0,0.0,0.0,0.0,0.0,0.0,0.0,0.0,0.0,0.0,0.0,0.0,0.0,0.0,0.0,0.0,0.0,0.0,0.0,0.0,0.0,0.0,0.0,0.0,0.0,0.0,0.0,0.0,0.0,0.0,0.0,0.0,0.0,0.0,0.0,0.0,0.0,0.0,0.0,0.0,0.0,0.30888491295088066,0.4372405468199207,0.029499457092477248,0.36025878683996426,0.43696811595036134,0.009826831852587283,0.4418327606958359,0.4244745574598172,-0.004143134643334715,0.49778748125979966,0.4031033314303518,-0.0016990212970329887,0.40131820792257283,0.5398602649741784,-0.06971396825111524,0.4069734661187052,0.5553765896621929,-0.03417614686289244,0.39889336447567164,0.5226763206729298,-0.0754265405380859,0.3973794665087885,0.49850984924579683,-0.07195120970859085,0.38628530929239624,0.5251826861340115,-0.07225976950856897,0.4125369187195408,0.5203462674927208,-0.07543999155992531,0.36501902994389057,0.6235876137702242,0.02257747623896557,0.4753544374547116,0.6100724141002482,0.003843341073528581,0.41165197938325854,0.5967904068489525,-0.031835942190684474,0.4187274846956526,0.6527318119816713,-0.013354503517497757,0.3545188891046237,0.627825885403679,0.025969481054894928,0.4910778916976547,0.6048922763583633,0.004344107010513188,no,2025-11-18T07:29:23.447622
0.8112369837538469,0.8844175664786802,-7.135887169592635e-07,0.7450819552396344,0.8253581870641875,-0.0019004368106017963,0.7034501772888799,0.7366185854375021,-0.008672548343421023,0.6690381265594018,0.680968112272355,-0.021139068094116822,0.6265115224339761,0.6403046833290003,-0.03400650653246632,0.768844611264923,0.6110253320275504,0.013094441259609024,0.7053842544915068,0.5737852924873639,-0.02014778579506542,0.6559070831794231,0.5912463197783921,-0.04795319671888358,0.6191884507870373,0.6163451335078334,-0.06350822811494523,0.7997374662670698,0.6100437006328829,-0.00413886797077438,0.7149214094356962,0.5714428542159551,-0.03627588718531489,0.657519963535107,0.6030470806788786,-0.05515142382781853,0.6222513552797253,0.6285717601788007,-0.06282960965829618,0.8258626088937353,0.6323314889945864,-0.025437808983346143,0.731039373764677,0.6378091484591498,-0.05855665334238017,0.7272429322104581,0.7146902954930379,-0.0573715641164865,0.7444110166290552,0.7584159715213629,-0.049039406561255536,0.8411429501276433,0.6720089218507086,-0.04807880165722625,0.7581686366139289,0.6819466416104326,-0.07247610544124267,0.7466199082859335,0.7415555094862776,-0.067622138558145,0.7582139068645725,0.7764629191344857,-0.05824173307036869,0.0,0.0,0.0,0.0,0.0,0.0,0.0,0.0,0.0,0.0,0.0,0.0,0.0,0.0,0.0,0.0,0.0,0.0,0.0,0.0,0.0,0.0,0.0,0.0,0.0,0.0,0.0,0.0,0.0,0.0,0.0,0.0,0.0,0.0,0.0,0.0,0.0,0.0,0.0,0.0,0.0,0.0,0.0,0.0,0.0,0.0,0.0,0.0,0.0,0.0,0.0,0.0,0.0,0.0,0.0,0.0,0.0,0.0,0.0,0.0,0.0,0.0,0.0,0.29711633633727197,0.4358578651534296,0.028174863599932872,0.3497062022302162,0.435032590222724,0.009027958082751543,0.43342093116254654,0.42385434618615403,-0.003938791900413021,0.4914377956149462,0.40250449364562635,-0.0006874374702996794,0.3928212749674891,0.5413347266700573,-0.07154504741925308,0.3979154451889455,0.5565279426010245,-0.034927257462336686,0.39042357017919627,0.5240654805307092,-0.07747819610655973,0.38874409030624363,0.49965210017335926,-0.07401285281009454,0.37722853039578613,0.526552121780232,-0.07439279216991292,0.4044508335987383,0.5216593362247692,-0.07734821836468708,0.3531257989847398,0.6245562163337357,0.022525649759053974,0.4676976970951613,0.6117118497789296,0.005349354145370748,0.4037289373558901,0.5985673833618389,-0.03232368204583605,0.4102565185986655,0.6540702462103334,-0.013006071544015993,0.34242910082901473,0.6297084835114708,0.02592345883893609,0.48311349337804793,0.6061683707593666,0.006033154616653741,no,2025-11-18T07:29:23.578245
0.8007849783786172,0.8807782991828673,-7.13222205716405e-07,0.7356283635126852,0.8244089657588088,-0.0026428587676083273,0.6936727633957217,0.7358914052694865,-0.009498053173065683,0.6603915143466716,0.6796759399385914,-0.02176780604433138,0.6186282079924245,0.6370542638904523,-0.034348743200319956,0.7587035034187927,0.6092072718411068,0.01219041470547833,0.697559714335292,0.5683114167953635,-0.02110930265353752,0.6480945888290152,0.5860517685451256,-0.04854927440712455,0.6109214539396612,0.6118668149533796,-0.06373539971893158,0.7901559536115927,0.6081170718359117,-0.004372801698853477,0.7077261182405684,0.5664097427379367,-0.03716653458475053,0.6494635478419248,0.5988024810170821,-0.05593377091785843,0.6128190873211828,0.6263226029878837,-0.06304484776952628,0.8168943934361255,0.6301563374538361,-0.02503039567560967,0.7243272208617544,0.6357894197247989,-0.05861233536488515,0.7206799911906783,0.7122544485506571,-0.05788020412445495,0.7377680366863385,0.7554488650579378,-0.049679952603280585,0.8330127585282534,0.6689564536755221,-0.04697400340212711,0.7508601242571292,0.6813734801641946,-0.07192948165018867,0.739826782679954,0.741756139953176,-0.06762835681354783,0.7517972436449174,0.7760392460319341,-0.05848764847028013,0.0,0.0,0.0,0.0,0.0,0.0,0.0,0.0,0.0,0.0,0.0,0.0,0.0,0.0,0.0,0.0,0.0,0.0,0.0,0.0,0.0,0.0,0.0,0.0,0.0,0.0,0.0,0.0,0.0,0.0,0.0,0.0,0.0,0.0,0.0,0.0,0.0,0.0,0.0,0.0,0.0,0.0,0.0,0.0,0.0,0.0,0.0,0.0,0.0,0.0,0.0,0.0,0.0,0.0,0.0,0.0,0.0,0.0,0.0,0.0,0.0,0.0,0.0,0.2989650056320149,0.42960459139877444,0.02141646735032235,0.35393568847644385,0.42758538523930695,0.0058544672461083086,0.43901027980551643,0.41733023281407006,-0.0011891161438570838,0.4962229742883386,0.3970660367865354,0.005723033396878501,0.4030082487918424,0.5349962007297431,-0.07252745596417938,0.4061687849065989,0.5505172760204371,-0.035500024042523934,0.400920393120871,0.5174449612202496,-0.07855316792041396,0.39885488366458877,0.4928608003098394,-0.07508971149835476,0.38724300372042264,0.5199231410731452,-0.07611378112667017,0.4149353354175713,0.51500583774625,-0.07774903675077921,0.35556807532130363,0.6198594434730355,0.01997918554538478,0.47271690627539437,0.6065275023430781,0.010690001434307707,0.4124981489023637,0.5926737869148366,-0.032279436159083644,0.41755586051755633,0.648722165818332,-0.013038107651633317,0.34381800858062983,0.6243047191174145,0.022521895346282125,0.4886634627258205,0.5994906928717487,0.011736206916421563,no,2025-11-18T07:29:23.703317
0.792917685264748,0.8658647767753478,-6.837039658754445e-07,0.7286226734631908,0.8093833115956826,-0.0017265941685559961,0.6874999935867463,0.7207120078429494,-0.007783290435791264,0.6560010934102896,0.6633969263539545,-0.01971578959679166,0.6148156842345545,0.6213189360204672,-0.03185755395145116,0.748857723379547,0.5960040983095457,0.01516924804131348,0.6896694004625525,0.5543853162181926,-0.017384558047436837,0.6415190966491573,0.5716570349950665,-0.04443161303912403,0.6055898425513431,0.5974196707518362,-0.059224974525894356,0.781032684666743,0.5943844755732598,-0.001349178991335086,0.7019485817719566,0.550491708469951,-0.033384236803645786,0.6453810997685882,0.5811586250471916,-0.05193916578243461,0.6100823341879351,0.6101381062272182,-0.05864182572711887,0.8090152945478815,0.6145974691877335,-0.02205862137869505,0.7190745246135402,0.6192810066115144,-0.05524623761120787,0.714488562318209,0.6960578182427664,-0.05503043902576183,0.7301709565336294,0.7429722185740434,-0.04669097202107313,0.8275462681229219,0.6507257794710466,-0.0440707505185074,0.7484254685178011,0.6625772730525258,-0.06820080654064571,0.7355731944920614,0.7215481692350109,-0.06424119286197316,0.7447476609002175,0.7572661058650881,-0.05522634570950148,0.0,0.0,0.0,0.0,0.0,0.0,0.0,0.0,0.0,0.0,0.0,0.0,0.0,0.0,0.0,0.0,0.0,0.0,0.0,0.0,0.0,0.0,0.0,0.0,0.0,0.0,0.0,0.0,0.0,0.0,0.0,0.0,0.0,0.0,0.0,0.0,0.0,0.0,0.0,0.0,0.0,0.0,0.0,0.0,0.0,0.0,0.0,0.0,0.0,0.0,0.0,0.0,0.0,0.0,0.0,0.0,0.0,0.0,0.0,0.0,0.0,0.0,0.0,0.303646817086027,0.4127098925259406,0.01190007569565045,0.3612854181432131,0.41271046896586017,0.002295675729114838,0.4464905944620844,0.4025173771158439,0.004837684921336849,0.500310958141026,0.38406551377271564,0.017658835425217283,0.41695441126115557,0.5170442407972293,-0.07255746929769294,0.41710808684931844,0.533407099590495,-0.036010181795555866,0.4156007329879334,0.4993799889833853,-0.07836635308519171,0.4132214646308326,0.47502845837864405,-0.07461534616904203,0.4016116266818742,0.5016788345927783,-0.077027562157478,0.42914500082531704,0.49734207037478056,-0.07645158122061971,0.3620242894402081,0.6036358407970341,0.012318622846871562,0.4775008154938831,0.5907651161179044,0.01599911956053049,0.42328842114612814,0.5740746897640284,-0.033135893130277295,0.4258100796928678,0.6312748759961716,-0.014728938923856762,0.34648714943668485,0.6081716454759893,0.013781729149191678,0.4923398037391615,0.5848676217883524,0.01795645999781783,no,2025-11-18T07:29:23.914214
0.7801881216736644,0.8487917002067504,-6.571087387495103e-07,0.7178676419016545,0.7914157106112263,-0.002722305884516369,0.6775722471595841,0.7036012419871943,-0.009167525670141105,0.6469176423663081,0.6469699003450986,-0.021201119703827098,0.6072436730441724,0.6042695937903392,-0.03308259699866621,0.7393996649505767,0.5834706274933958,0.013848416535457765,0.6858724206730945,0.5387657045549429,-0.019057878790092055,0.6389078036727842,0.5535353587279257,-0.04571603109496237,0.6036931155887209,0.5772772091285121,-0.06008189179645262,0.7710626141343664,0.5813790182393581,-0.0016647611796197553,0.6963874988937908,0.5367139070990502,-0.03414115650504574,0.6405064795355544,0.565705054482214,-0.052041282227388456,0.6063370733992807,0.592989557922035,-0.05806389121288748,0.7993544442633816,0.5998795477633461,-0.0214949587146218,0.7121646588903272,0.6037491623347642,-0.054830597686486196,0.7077910882098095,0.6784874607666621,-0.05412537230879175,0.7238461629954371,0.7247440634076576,-0.04524182782612742,0.8196340051380449,0.6343693720982705,-0.04275453465375634,0.7427676244146928,0.6465389438478113,-0.06684328355510907,0.7294587900579966,0.7049716856974462,-0.06291037220486945,0.7382586709385426,0.7410665162675814,-0.05376335288163959,0.0,0.0,0.0,0.0,0.0,0.0,0.0,0.0,0.0,0.0,0.0,0.0,0.0,0.0,0.0,0.0,0.0,0.0,0.0,0.0,0.0,0.0,0.0,0.0,0.0,0.0,0.0,0.0,0.0,0.0,0.0,0.0,0.0,0.0,0.0,0.0,0.0,0.0,0.0,0.0,0.0,0.0,0.0,0.0,0.0,0.0,0.0,0.0,0.0,0.0,0.0,0.0,0.0,0.0,0.0,0.0,0.0,0.0,0.0,0.0,0.0,0.0,0.0,0.2738228511203755,0.41432046926750216,0.021285306188830073,0.3297365456175507,0.41403055737321176,0.007000447271714125,0.4154200448172925,0.40369628309088856,0.002146252812293137,0.4716498259275839,0.3840279901837058,0.010578500413889354,0.37908536851052166,0.5168484124365785,-0.07333360492648967,0.38119025434308573,0.5337095298100485,-0.03660450982103672,0.3773880680530335,0.4992074352875911,-0.07903729700572872,0.37542290294014924,0.4749643371214128,-0.07502541034200164,0.3636878731534829,0.5015646270093713,-0.07681798706261618,0.391229804580406,0.49726999820962237,-0.07795987476944567,0.33035462204172883,0.605839487504764,0.01551515449060497,0.4443605191027231,0.5939205276481856,0.009222495052645954,0.3862981579264271,0.5772837123365431,-0.034699500691878146,0.3902524465913909,0.6340922400343711,-0.01571227970797874,0.3165122791327101,0.6103366929658084,0.017953241707071216,0.46047794022350075,0.5888253278180806,0.01068620796345172,no,2025-11-18T07:29:24.186557
0.7685810219631597,0.8404031304531067,-6.725426596714481e-07,0.7048722948907229,0.782989213547648,-0.003008657338063484,0.6635737999141731,0.6957416836824246,-0.009404793723776998,0.6309731012639493,0.6398158897038756,-0.021197668715207674,0.5911895712404089,0.5963367967978948,-0.03300908396207019,0.7235799100757675,0.5734416469070983,0.014096784419517117,0.6683123633287957,0.5333220541092891,-0.017524651034569533,0.6226555772514312,0.5479205929343669,-0.04364724020191729,0.5885648369176667,0.5703167745300001,-0.05797488432698589,0.7551854558842456,0.5701736917158857,-0.0011966255926663559,0.679133250970867,0.529763136792323,-0.03359331360980741,0.6247198449542396,0.559348162750598,-0.05193120115536026,0.5914551332362767,0.5870660811365394,-0.05820514283117995,0.7833268991698836,0.5880440100076191,-0.02065584723699964,0.6959824654391211,0.5941138895246209,-0.054015929797151065,0.6923993220857092,0.6699380183986967,-0.054200317704827125,0.7082402535481946,0.718020132079958,-0.0460186110488698,0.8036426825864937,0.6223878854357319,-0.041574170823858836,0.726383622664576,0.6368225965901196,-0.06681250650743582,0.7117006088465947,0.6968044711598803,-0.06409905189637813,0.7183118220033899,0.7351596657570817,-0.0556728134804812,0.0,0.0,0.0,0.0,0.0,0.0,0.0,0.0,0.0,0.0,0.0,0.0,0.0,0.0,0.0,0.0,0.0,0.0,0.0,0.0,0.0,0.0,0.0,0.0,0.0,0.0,0.0,0.0,0.0,0.0,0.0,0.0,0.0,0.0,0.0,0.0,0.0,0.0,0.0,0.0,0.0,0.0,0.0,0.0,0.0,0.0,0.0,0.0,0.0,0.0,0.0,0.0,0.0,0.0,0.0,0.0,0.0,0.0,0.0,0.0,0.0,0.0,0.0,0.27075790223426766,0.4166280629075243,0.011369622832440255,0.32903345671056217,0.4145846096173157,0.001942516431373613,0.41408067413060057,0.4008137804214056,0.005206766263319534,0.46741311269847974,0.38159103814834094,0.018538409997520183,0.3873584899288601,0.5167426006408204,-0.07314194678993169,0.3873672704162862,0.5337328631544597,-0.036262319023658465,0.38574286203230745,0.4989616415091138,-0.07901888128880452,0.3829183469406938,0.4747341804558861,-0.07524683370579467,0.3718237580202992,0.5016671444563763,-0.0777146246026372,0.3991913776720542,0.4966161301816239,-0.07704180578410447,0.3329615697441234,0.6055822951554277,0.0121018152136281,0.4464778128522191,0.5894989663120384,0.016652871230458395,0.3935666273812586,0.5752768676028266,-0.033426961472624216,0.39715209874487606,0.6317657671862987,-0.015144656353091486,0.31661374490445165,0.6105508366409853,0.01338540040760465,0.4625579078902233,0.5835609051905497,0.018622684492878606,no,2025-11-18T07:29:24.432408
0.7644391303949557,0.8358379854764924,-6.91857610256263e-07,0.7017277402817415,0.7813087153839773,-0.0025949193946846155,0.6596134595006962,0.6946025343937788,-0.008816973942942948,0.6271973255305037,0.6397471541700988,-0.0206118959331954,0.5879446009888568,0.5967913046069857,-0.03246872407477461,0.7179313136518517,0.5703988782631195,0.014870119753827848,0.6611940227460171,0.5308136433170805,-0.01734234055821885,0.6153743300781234,0.5471263867171987,-0.0439279057583645,0.5815334140948196,0.5720094059322212,-0.0583315370806711,0.7508088503309625,0.5669231171439536,-0.0009767371853881767,0.6750275863504542,0.5252365045190558,-0.0341493123348796,0.6203376286710438,0.557165352871118,-0.05296845112511303,0.5863239027444659,0.5882751479596271,-0.05918685730068557,0.7799528415794181,0.5847263745487925,-0.02099159131223399,0.6919370041753253,0.5904221848593563,-0.055778979782689794,0.687922000434563,0.6681469631578597,-0.0560752991557869,0.7032761786482581,0.7181108846740122,-0.04739098780116067,0.8004503510169102,0.6190320250314035,-0.04232691880860262,0.7211655955405858,0.6341893153391271,-0.06889714980651904,0.7070828331098208,0.6961240804915154,-0.06624044892372923,0.7143017528386243,0.7358698697952737,-0.057459002497486616,0.0,0.0,0.0,0.0,0.0,0.0,0.0,0.0,0.0,0.0,0.0,0.0,0.0,0.0,0.0,0.0,0.0,0.0,0.0,0.0,0.0,0.0,0.0,0.0,0.0,0.0,0.0,0.0,0.0,0.0,0.0,0.0,0.0,0.0,0.0,0.0,0.0,0.0,0.0,0.0,0.0,0.0,0.0,0.0,0.0,0.0,0.0,0.0,0.0,0.0,0.0,0.0,0.0,0.0,0.0,0.0,0.0,0.0,0.0,0.0,0.0,0.0,0.0,0.269476586863136,0.41656018802705774,0.006112934874043076,0.3289332501429245,0.4135609729834015,-0.0007642084331377064,0.41403217349394256,0.3972450306983737,0.006792234119362375,0.46558784702344946,0.377159335335462,0.02275249369665848,0.3926502035549375,0.5148442455337281,-0.07307153910264941,0.39157771668149366,0.5318324128222707,-0.03603812519970021,0.3910250162116951,0.4969979594741156,-0.07906022934498286,0.3876171653564858,0.47270272338662683,-0.0754289666532933,0.3769187480878321,0.4999910158708044,-0.07823788876287217,0.40429942216103165,0.4943276073080666,-0.07660035838693291,0.3353131763725347,0.6044704607605447,0.01004697714987769,0.44896485523668694,0.5852222290514049,0.020393542167651244,0.3966002857079175,0.5722993394010074,-0.032748251493272026,0.40051973001647334,0.6289250474420263,-0.014721942104595546,0.3179023172506954,0.609678604164914,0.010819272719617821,0.46437710324473325,0.5784608827691488,0.0227188026603125,no,2025-11-18T07:29:24.661265
0.7689308646168809,0.8383640773100846,-7.217738242352775e-07,0.7050734422176682,0.7840242409908625,-0.00047875887666905064,0.6622314896151552,0.6990183518431143,-0.005851318213928506,0.6293238700940482,0.6456504521041229,-0.01747106515588584,0.5900845994598825,0.6034263856504319,-0.029214605228510312,0.7200799501627941,0.5714736040466446,0.01849280833619346,0.6617371421312941,0.5339782282613997,-0.013271376669132657,0.6157820241622917,0.5520566275493495,-0.04038678745435849,0.5817149787988136,0.5787831949399875,-0.055335135674906624,0.7528275327895352,0.5678086159145062,0.001186268489338771,0.6765130049634046,0.528736838322913,-0.03126622033994613,0.6218514260393946,0.5603229246388366,-0.05080271015201403,0.5863961208554178,0.5915607280954904,-0.05786033911391433,0.7820369092521572,0.585775842866361,-0.020244385834904705,0.6931313448382119,0.5930918314032957,-0.05420719063502013,0.69044470764526,0.6711770272446709,-0.05471493396762772,0.705908726359499,0.7217623717822728,-0.04659372273962013,0.8020856510486163,0.6209164558312077,-0.04294458730418649,0.7215640237377001,0.6367449202637866,-0.0688467581298449,0.7086784965090578,0.698385717308746,-0.06608338488728918,0.7166538773939672,0.7381158993675465,-0.05751611764862753,0.0,0.0,0.0,0.0,0.0,0.0,0.0,0.0,0.0,0.0,0.0,0.0,0.0,0.0,0.0,0.0,0.0,0.0,0.0,0.0,0.0,0.0,0.0,0.0,0.0,0.0,0.0,0.0,0.0,0.0,0.0,0.0,0.0,0.0,0.0,0.0,0.0,0.0,0.0,0.0,0.0,0.0,0.0,0.0,0.0,0.0,0.0,0.0,0.0,0.0,0.0,0.0,0.0,0.0,0.0,0.0,0.0,0.0,0.0,0.0,0.0,0.0,0.0,0.26017878665761934,0.4199566916087437,0.011213187054567142,0.3182680960664116,0.41738528826572574,0.0015992938741513235,0.40414557473830426,0.4001830126331224,0.0046086843834999905,0.4574092142727187,0.37864880667148465,0.01782645987458461,0.3790340208257781,0.5175347660087464,-0.07314293071560846,0.37953346769667334,0.5343469460523249,-0.03611384066076319,0.37702082569560735,0.49974215381313813,-0.07909285037905919,0.37367690826933025,0.4754037616862562,-0.07538742769357856,0.36303319785353977,0.5029071352280352,-0.07776602980967401,0.3905498455247526,0.49682626255067025,-0.07712922642633274,0.3272079702510867,0.6075129653751606,0.012503904556201768,0.4410851851914712,0.5870198233365087,0.016617700534367355,0.38628215071509614,0.575300593191028,-0.03334915604963742,0.39181420274818113,0.6318519225342608,-0.014565535340556325,0.3106676442448927,0.6136673579410691,0.01392392144739436,0.4566732188043353,0.5810283475449289,0.018652868274403732,no,2025-11-18T07:29:24.832672
0.7705696286184838,0.8343379858634468,-6.514863002262421e-07,0.7072846721395654,0.7831385743719266,-0.0015461840338496574,0.663098208405829,0.7000527345191219,-0.007570484230214738,0.6278832108534511,0.6487305788829483,-0.01958068989576013,0.585432642203925,0.6097023431109367,-0.03162856749515077,0.7180022853955755,0.574388327997596,0.017249773141828725,0.6650179317223853,0.5329363368403557,-0.015253675259512637,0.6186886438217158,0.5459480966516431,-0.04224223216378279,0.5819204404873585,0.5681379639708483,-0.05695488746783776,0.7502218821155164,0.5692096589761587,0.0002839409415593075,0.6764264348471198,0.5236599786192354,-0.03169734052261322,0.6211429743340894,0.5505276839857544,-0.05030532305257714,0.5849289113626912,0.5771958861462865,-0.056711052571159284,0.7799125655441237,0.5858267797038257,-0.021027831254587667,0.6917049076772084,0.5964430500056945,-0.054806517318991124,0.6879219709700757,0.6745998847580471,-0.05484046647252522,0.7029546850448313,0.7228251460809557,-0.04619571046968456,0.8008087640447397,0.6205184905956576,-0.04367798543671353,0.7215007985853112,0.6392416079094507,-0.06847148931158079,0.7102711263444337,0.7010234305442503,-0.06472809157565791,0.7204877107821734,0.7386886738754389,-0.055604810395015365,0.0,0.0,0.0,0.0,0.0,0.0,0.0,0.0,0.0,0.0,0.0,0.0,0.0,0.0,0.0,0.0,0.0,0.0,0.0,0.0,0.0,0.0,0.0,0.0,0.0,0.0,0.0,0.0,0.0,0.0,0.0,0.0,0.0,0.0,0.0,0.0,0.0,0.0,0.0,0.0,0.0,0.0,0.0,0.0,0.0,0.0,0.0,0.0,0.0,0.0,0.0,0.0,0.0,0.0,0.0,0.0,0.0,0.0,0.0,0.0,0.0,0.0,0.0,0.2668182463160991,0.41784395652309897,0.009967854675289295,0.32537578325316124,0.415132079614888,0.001099847738651218,0.41105370529975516,0.39742844827403495,0.005392186658540552,0.46323425138722907,0.3758724873563569,0.019367223391867843,0.38742539700098566,0.5129663216125427,-0.07255365692045682,0.38757148286033005,0.5302428940790952,-0.03577296675310155,0.3854523846266733,0.49511568423593766,-0.07844433441356295,0.3820391656233889,0.47106439164348973,-0.07472411641775219,0.3716686628925673,0.4983405958313333,-0.0772811727100414,0.39875901094482563,0.4922385073091181,-0.0763375555475799,0.3346552042312639,0.6036948336034891,0.011132635309034026,0.4480388291584645,0.5841366461634173,0.017208904997658626,0.39259462295447956,0.5717906152276399,-0.03317053785808306,0.3980614546350845,0.6293040866962838,-0.014883079791490644,0.3186427107962287,0.6096264665224145,0.012337934138326878,0.4632126460461496,0.5767785635258061,0.019335028158403,no,2025-11-18T07:29:25.048538
0.775433304976585,0.8363412203143833,-3.5363953042998185e-07,0.7096723532073101,0.791183502083119,-0.006499201741416664,0.6611098608862641,0.7114315014606107,-0.014367531773594212,0.619697488882002,0.6650085761464912,-0.02786107998520688,0.5737092462690463,0.634959247889468,-0.04116172331979047,0.7046644517950778,0.5839861943332707,0.01047349831876037,0.6517902160996112,0.5388509046262325,-0.019698763776502,0.6109480266017911,0.5280427379105537,-0.044559748570142124,0.5760888732931482,0.5220219594043236,-0.06001277489374897,0.7394067217164801,0.574190092025082,-0.005777004051721576,0.6686617554885166,0.5246389380648819,-0.039658786835474816,0.616262252547904,0.5246808489623291,-0.06050562175520856,0.5775579717927195,0.524349363332619,-0.0690384493343143,0.7723567060604072,0.5883288211129755,-0.025947620107822665,0.6839122964251215,0.6064280534280639,-0.06223175761903688,0.6812920420798865,0.6879200035381574,-0.06161367078275423,0.694551992094788,0.7375283123860283,-0.05138127059708117,0.795696664126862,0.6226465627168809,-0.04812854703118197,0.7171684724699933,0.6526741544033338,-0.07297420772975928,0.7082578869236664,0.7138121579677428,-0.06856441270210126,0.7190088614564554,0.750766528796011,-0.058857298706061184,0.0,0.0,0.0,0.0,0.0,0.0,0.0,0.0,0.0,0.0,0.0,0.0,0.0,0.0,0.0,0.0,0.0,0.0,0.0,0.0,0.0,0.0,0.0,0.0,0.0,0.0,0.0,0.0,0.0,0.0,0.0,0.0,0.0,0.0,0.0,0.0,0.0,0.0,0.0,0.0,0.0,0.0,0.0,0.0,0.0,0.0,0.0,0.0,0.0,0.0,0.0,0.0,0.0,0.0,0.0,0.0,0.0,0.0,0.0,0.0,0.0,0.0,0.0,0.27111358497102256,0.4170822594428849,0.012385503137676071,0.3282953887226423,0.41503153944695514,0.0023728672028619953,0.41386702064914516,0.39876951042527886,0.00458698991597155,0.46719074529772525,0.37611293521031347,0.01723439841093479,0.38748884407792356,0.5135875576263398,-0.07142358642054793,0.38821530292594597,0.5306544472703367,-0.03521318853430758,0.3855218563853734,0.49584399996441963,-0.07720168061353502,0.38239434665809185,0.47185944165323446,-0.07347922076433225,0.37195372396051246,0.4989717250415974,-0.0758260131564638,0.39879863138698646,0.4930775392247037,-0.07534833351772267,0.33722734889125905,0.6029073781207143,0.011652384485420305,0.4497442607038813,0.5845924224316843,0.014752159845656105,0.3938740876241285,0.5714306431545915,-0.03298963691238275,0.39903101341983715,0.6294651804025853,-0.015123482906284139,0.32196879642766296,0.6093074950028454,0.013172892344220994,0.4642932002737462,0.5782373709810427,0.016759633273768705,no,2025-11-18T07:29:25.289920
0.7776072636600149,0.8351817817365526,-1.5971701222338635e-07,0.7126899468596976,0.7927670928861182,-0.008888599338183508,0.6622480432933213,0.712683676755696,-0.0179554586172835,0.6191087551603003,0.6679262973029056,-0.03224923966542162,0.570801077659517,0.6449231342386945,-0.046429296897898965,0.7007934664275529,0.5860495723291415,0.004836316570149126,0.6481153441128091,0.5374446516844542,-0.022763633424381903,0.6103143396100996,0.5129909685598835,-0.045457898502557444,0.5780282456408673,0.4909111013910046,-0.06075102387821089,0.7372554028656864,0.5738710224319898,-0.010916017399984839,0.6685544163814195,0.5218287642575844,-0.04346191422750704,0.618624267686687,0.5073330531747452,-0.06409683109526138,0.5799618913319219,0.4918522843150445,-0.07367697288950822,0.7722881223745335,0.5867507073532865,-0.030013174257722024,0.684027621811041,0.6060576272255829,-0.06706532134515725,0.6798175498561664,0.6878246215009818,-0.06565709377155175,0.6919435797513888,0.7370676637594662,-0.05481421910708188,0.7965500296513979,0.6214718483197289,-0.051165529468902904,0.7174415996974448,0.6534442086828376,-0.0764923370036793,0.7084714338964798,0.714547001053421,-0.07113697638560225,0.7203592948487111,0.7507127886766463,-0.060930221932176024,0.0,0.0,0.0,0.0,0.0,0.0,0.0,0.0,0.0,0.0,0.0,0.0,0.0,0.0,0.0,0.0,0.0,0.0,0.0,0.0,0.0,0.0,0.0,0.0,0.0,0.0,0.0,0.0,0.0,0.0,0.0,0.0,0.0,0.0,0.0,0.0,0.0,0.0,0.0,0.0,0.0,0.0,0.0,0.0,0.0,0.0,0.0,0.0,0.0,0.0,0.0,0.0,0.0,0.0,0.0,0.0,0.0,0.0,0.0,0.0,0.0,0.0,0.0,0.2768894635317683,0.4148056702745354,0.014126673680826103,0.3343230232120673,0.4133025790486958,0.0033402018055835817,0.4192624658556929,0.3990839335506903,0.004228476280833082,0.472782568545965,0.3774321214681099,0.016050751034775667,0.39077980919735567,0.5131352659824356,-0.07137733509755728,0.39163957511466824,0.530049809313269,-0.035279136749768306,0.3889266984849688,0.4953728434356171,-0.07709793064642816,0.38612978312557,0.4713244370894346,-0.07333578194006941,0.37540636863976395,0.49826484647141367,-0.07558691579535112,0.4022666895176128,0.49278692544464253,-0.07540031572183589,0.3411206028895382,0.6006874236680537,0.012357100644765653,0.45351972003547336,0.5845319432943944,0.013700142978045319,0.3977064682505408,0.5703072348005623,-0.03309996468545849,0.40211692460905035,0.6280497102765185,-0.015655621942610644,0.32570499309679657,0.606750889244129,0.013922617050371825,0.4681671949721545,0.578380175597104,0.0154989846986474,no,2025-11-18T07:29:25.570746
0.7753698535440272,0.8272512600260674,-7.566101886502216e-08,0.7101011627761622,0.7859441266966603,-0.00894462590393906,0.6592202326032341,0.7076156730832008,-0.017898586060143308,0.6153456065897784,0.6654416251758059,-0.03221263802655179,0.5653972915687111,0.6451868333375327,-0.046443552681332254,0.6958511876357736,0.5803694206974992,0.0060180422735742044,0.6431127822725453,0.5307841899798766,-0.01979657228754982,0.6054264457087516,0.5014112676852457,-0.040961294832333406,0.5724751571183768,0.47350184872254086,-0.05562871843057578,0.7308423859192323,0.5686117142284614,-0.010092891023436308,0.6645021096284691,0.5123558012533955,-0.04148950942660447,0.6147349763459375,0.492328471453553,-0.06137006745340576,0.5751222349001224,0.47129932087799653,-0.07046311686615418,0.765960474112987,0.5809278594082259,-0.029590777341051165,0.6779874909248992,0.5969091272476639,-0.06722431651702862,0.6741883121290109,0.6789212895941799,-0.0659987030666345,0.6868466704279863,0.7277625620814543,-0.054728347624267336,0.7910577029665681,0.6158022414797344,-0.051025579188887754,0.712835749551939,0.6443483124083591,-0.07661455751226903,0.7050965212676217,0.7052542382128677,-0.07072944323444808,0.7188324179436121,0.7410404863831535,-0.059970710256220534,0.0,0.0,0.0,0.0,0.0,0.0,0.0,0.0,0.0,0.0,0.0,0.0,0.0,0.0,0.0,0.0,0.0,0.0,0.0,0.0,0.0,0.0,0.0,0.0,0.0,0.0,0.0,0.0,0.0,0.0,0.0,0.0,0.0,0.0,0.0,0.0,0.0,0.0,0.0,0.0,0.0,0.0,0.0,0.0,0.0,0.0,0.0,0.0,0.0,0.0,0.0,0.0,0.0,0.0,0.0,0.0,0.0,0.0,0.0,0.0,0.0,0.0,0.0,0.2790344458161771,0.4132342585391003,0.013410271781079012,0.3365078292549213,0.4125057948248697,0.002630383942395173,0.4223737403855796,0.39964879618017607,0.00333875049116204,0.4747951112249631,0.3781302489998554,0.014983486706693616,0.3924009879631645,0.5137533007444375,-0.07113037909376918,0.3930723144366447,0.5303560537578917,-0.0348798225833297,0.39072767581490264,0.49610646649758605,-0.07697828145647481,0.3881509833196057,0.47201905808233785,-0.0734035373967124,0.37715690536632973,0.4987333850400968,-0.07545333394624047,0.40407316802865045,0.49370094210388255,-0.07530994738142004,0.3411321501948835,0.5994358258057371,0.013572555866866488,0.45452258894725633,0.5842817625865282,0.014701940356896804,0.39863790042509034,0.5686753292266056,-0.0322580395525786,0.40238560740416507,0.6264809265150597,-0.014716146541998338,0.3257257944781621,0.6049473800373324,0.015138055303376047,0.4691385374713525,0.5788787345919175,0.016443855175969073,no,2025-11-18T07:29:25.819591
0.7672125849961194,0.8243015729108303,-1.8008592576801272e-07,0.7032141563220868,0.7824380510306727,-0.00631417354247215,0.653010345517239,0.7034552989096119,-0.014424979427475133,0.6108659850480478,0.660211797981427,-0.028504565689005647,0.5615795995731129,0.6384042162674601,-0.04254113927907021,0.6921128534919591,0.5739732125650887,0.010528575017925666,0.6390587109490473,0.527778744836969,-0.017578712495500963,0.5991026834180355,0.5038786275025959,-0.04145187485342447,0.5626337041142269,0.48502784348778105,-0.057193592933206285,0.7258809080875611,0.5630271300596348,-0.007056095505569935,0.6582399435547741,0.5092631562495615,-0.04019209068668423,0.6055365646156873,0.4961326750673679,-0.061687607395659635,0.5627360928452638,0.48434104046295456,-0.07140501757552362,0.7595284677045342,0.5758518629583549,-0.028217947685978444,0.6713280254764877,0.593047748810218,-0.06618567194517126,0.6686388235468815,0.6749007142341169,-0.06488651401009528,0.6815132483437997,0.7237737685666671,-0.053491523397428395,0.7840960011224136,0.6108784144696493,-0.05117760154834612,0.7068094713316793,0.6387011056098497,-0.07626117334150553,0.7013075541900242,0.6992287245217781,-0.06969954138112289,0.7161242885482983,0.7336435706852443,-0.058453939769924496,0.0,0.0,0.0,0.0,0.0,0.0,0.0,0.0,0.0,0.0,0.0,0.0,0.0,0.0,0.0,0.0,0.0,0.0,0.0,0.0,0.0,0.0,0.0,0.0,0.0,0.0,0.0,0.0,0.0,0.0,0.0,0.0,0.0,0.0,0.0,0.0,0.0,0.0,0.0,0.0,0.0,0.0,0.0,0.0,0.0,0.0,0.0,0.0,0.0,0.0,0.0,0.0,0.0,0.0,0.0,0.0,0.0,0.0,0.0,0.0,0.0,0.0,0.0,0.274491508868286,0.4149914954337576,0.01409018490582309,0.3315545927614252,0.41387976172651414,0.002647293266899746,0.4161267571203945,0.40095067553683483,0.0023069355717213937,0.46981650998488755,0.37899244915259955,0.01329386902336262,0.3855211625597301,0.5147210984618183,-0.07167197344356924,0.38663712510238607,0.5311326405645538,-0.035064205676978835,0.3836965296961247,0.4972110941239227,-0.07758525029731013,0.38103544377581544,0.4732345549334266,-0.07405470317806964,0.3701581766373656,0.49991511485662676,-0.07592961584139493,0.3970466351455737,0.4946777625405887,-0.07604042453070636,0.3357282658923865,0.6014889278316863,0.015042419029786775,0.44869918083093563,0.5856523017816216,0.014587781510853015,0.3929401535158823,0.5708455393405519,-0.03238453260988458,0.39716406913730135,0.628181422472694,-0.013421150404148078,0.3205824646571795,0.6067494113302354,0.016784485016604823,0.46371190479639096,0.5792069902436516,0.01628067765861604,no,2025-11-18T07:29:26.051862
0.7645481603264288,0.8295716803629621,-4.3813739438552853e-07,0.6999148367307608,0.7880703267085736,-0.0056070886629384885,0.6514496093087598,0.707859799151156,-0.012839132324615319,0.6142092519463261,0.6599248033905853,-0.025553525590915577,0.5681175960073359,0.6344079801925985,-0.03796390466603772,0.6920929205242083,0.5755898822968724,0.010701118662892067,0.6369605073414365,0.5308545530539368,-0.02040798534568902,0.5957603194082975,0.5329513124047098,-0.045314721629645546,0.5653731877447508,0.5423482029500215,-0.05965208113063798,0.7262436087507356,0.5669510893485125,-0.0053954729151301384,0.6565740022911505,0.5143648080003453,-0.03845319559997587,0.6052449268238349,0.5285425798375323,-0.0573775433391386,0.570765941758783,0.5451417640898146,-0.06404744918192494,0.7587091672667263,0.5810847904936886,-0.025523877990375775,0.6731398490152519,0.5978702658445469,-0.061016820425667716,0.6706304242799257,0.6761461812633291,-0.06013085875017627,0.6860944323040714,0.72347270996502,-0.04991152598582834,0.7826167635788612,0.6156311067728648,-0.047351581619338314,0.705674623590034,0.6425626995639581,-0.07080387853276372,0.698782155486278,0.7029900355549564,-0.0654212351397287,0.7124823591655829,0.7369932130693677,-0.05537392194780748,0.0,0.0,0.0,0.0,0.0,0.0,0.0,0.0,0.0,0.0,0.0,0.0,0.0,0.0,0.0,0.0,0.0,0.0,0.0,0.0,0.0,0.0,0.0,0.0,0.0,0.0,0.0,0.0,0.0,0.0,0.0,0.0,0.0,0.0,0.0,0.0,0.0,0.0,0.0,0.0,0.0,0.0,0.0,0.0,0.0,0.0,0.0,0.0,0.0,0.0,0.0,0.0,0.0,0.0,0.0,0.0,0.0,0.0,0.0,0.0,0.0,0.0,0.0,0.2658072809710845,0.42192934325501813,0.016940849293617416,0.32155633028001984,0.42124827684504573,0.0035955898934341276,0.4056664850589155,0.40868768360696417,0.00026956920448253496,0.4619623144979064,0.3861821497023755,0.009531063108314983,0.37127105345832423,0.5220041885570048,-0.07197800813940242,0.37343578223770124,0.5387184034407699,-0.035031637251707916,0.36938966981060206,0.504730788579982,-0.07798759274637806,0.3670999391043994,0.4810128762359012,-0.07451033967835786,0.3559332097652923,0.5074631829146873,-0.07597826989794089,0.3829866546365762,0.5023459396523287,-0.07675848162422655,0.32541636032408483,0.6085061032724564,0.017140212676681373,0.43840995656918486,0.5935443987812832,0.012441897358548264,0.3816486844601964,0.5808251475141328,-0.03267975296542279,0.3860279284523558,0.6363075498345984,-0.012130385970290886,0.3101474420835336,0.6152599433589043,0.019452803561757288,0.45335083569706935,0.5889185006626736,0.014109302556663024,no,2025-11-18T07:29:26.255324
0.7659053989708163,0.8357480546513907,-5.653634944748627e-07,0.7014659463595363,0.7918413309568259,-0.004128789812453694,0.6547339203503333,0.7107683047078717,-0.010853920765598216,0.6199251797527652,0.6623614123535568,-0.02331158107967133,0.5764132327322904,0.6354041610901042,-0.03544240083651312,0.6975141590745889,0.5790710980507494,0.012083730041950088,0.6407576505880614,0.5364134759059357,-0.02076450521556912,0.5990176666659712,0.5508233989982991,-0.04673004702509747,0.5716405836165618,0.5740244075090989,-0.06068870909447186,0.7320351270625168,0.571964647991517,-0.00403405687736088,0.6615141587383486,0.5213579382485247,-0.03743291850301757,0.610226090855231,0.5477748521307565,-0.055667717029156974,0.5791762319305696,0.5773738064395149,-0.06122236741108233,0.764100360286653,0.5870815826781797,-0.024367990581756243,0.6788101090531429,0.602980959118944,-0.058763196719129066,0.6753294314240205,0.6805354216882594,-0.05801958122900716,0.6914463784445162,0.7280537463780788,-0.04825591526490018,0.7876544740135517,0.6214005963399236,-0.0463096655985495,0.7104451830890386,0.6466839374341855,-0.06879253950065195,0.7014642703395746,0.7069190940962191,-0.06369177827018555,0.7136158775064517,0.7411320902764441,-0.05400926431374272,0.0,0.0,0.0,0.0,0.0,0.0,0.0,0.0,0.0,0.0,0.0,0.0,0.0,0.0,0.0,0.0,0.0,0.0,0.0,0.0,0.0,0.0,0.0,0.0,0.0,0.0,0.0,0.0,0.0,0.0,0.0,0.0,0.0,0.0,0.0,0.0,0.0,0.0,0.0,0.0,0.0,0.0,0.0,0.0,0.0,0.0,0.0,0.0,0.0,0.0,0.0,0.0,0.0,0.0,0.0,0.0,0.0,0.0,0.0,0.0,0.0,0.0,0.0,0.26050463817192837,0.42528896714829156,0.022824676903261745,0.31413890449032883,0.42742731661370786,0.0060142084260154174,0.3987095130620658,0.41663266850750735,-0.0033558566452398402,0.4565745751318725,0.39559407058063417,0.0019642988157371243,0.35788076098018445,0.5295459635354757,-0.07017345994128324,0.3615061724403762,0.5464576190024895,-0.033831630870865284,0.35612464781347364,0.5122967798071114,-0.07614800524193102,0.35477407193009125,0.4885150320348436,-0.07286667639068306,0.34304640715735013,0.5145948657932049,-0.07350304261994517,0.3697636821852696,0.5104579131683732,-0.07562293115382432,0.315718980642885,0.6131809750771614,0.020899064477164195,0.42861141377424694,0.6031685943586744,0.008238708862936308,0.36601981268240685,0.5884942399882218,-0.031638969460950454,0.3709350060724532,0.6452655555607623,-0.010847072004137629,0.3027451523447911,0.6203699101769955,0.023953013484512904,0.44292090518087873,0.6007975009683912,0.00937748153813147,no,2025-11-18T07:29:26.481186
0.7685112748771776,0.8400156389017757,-6.382686529355778e-07,0.7026483922814832,0.7949065282103465,-0.0032032244159545037,0.6565587641073566,0.7146215848337942,-0.010026483182052572,0.6222554041311433,0.6654850091076103,-0.02283796555772898,0.5781479272487136,0.6365576642128072,-0.03539253404416923,0.7021709594086629,0.5817742911384881,0.013040772795661858,0.6421012135615478,0.5426526591356002,-0.02077265628828793,0.5996299916944205,0.5655379337921336,-0.0474013490268653,0.5733165307551955,0.5967196069375329,-0.061473403684470615,0.735615773389199,0.5749698711549535,-0.003463235259809166,0.6603711226049531,0.5278081519398141,-0.03725654733882911,0.6098858396742891,0.5614340607394506,-0.05558980629816785,0.5811900122512955,0.596439274054108,-0.061060900079819236,0.7663598296107947,0.590364918774774,-0.024230203896048373,0.6786671227982084,0.6079658208795098,-0.0582710402222669,0.6758676988529557,0.6859701801930371,-0.05805049602712985,0.6927304340476212,0.7321260262308791,-0.04895296435585402,0.7885003460613413,0.624772311071268,-0.046535769854028054,0.7115100411428317,0.6504466564078276,-0.06915546713444501,0.7031016224554013,0.7104439239554582,-0.06467007015535263,0.7153188502179171,0.7435819555252612,-0.05543933900871138,0.0,0.0,0.0,0.0,0.0,0.0,0.0,0.0,0.0,0.0,0.0,0.0,0.0,0.0,0.0,0.0,0.0,0.0,0.0,0.0,0.0,0.0,0.0,0.0,0.0,0.0,0.0,0.0,0.0,0.0,0.0,0.0,0.0,0.0,0.0,0.0,0.0,0.0,0.0,0.0,0.0,0.0,0.0,0.0,0.0,0.0,0.0,0.0,0.0,0.0,0.0,0.0,0.0,0.0,0.0,0.0,0.0,0.0,0.0,0.0,0.0,0.0,0.0,0.2668091828707542,0.42564366353344296,0.02418870674926738,0.31891024871580653,0.43144738421227236,0.005942435062148591,0.4044619685976833,0.4246420047344818,-0.005881030408359294,0.4624386360375778,0.4068384072318836,-0.0020581147199074646,0.3582637855174817,0.5381506983090281,-0.0700490301818328,0.36224249423639293,0.554397806788995,-0.03328704509892389,0.3569062840727143,0.5209669688620671,-0.07626152506211427,0.3564584623566472,0.4968331221251336,-0.07331574243332714,0.3437633714348915,0.522448337552059,-0.07336063452637273,0.37083291009001795,0.5197753807346535,-0.0760055557048571,0.31577019493417446,0.6170391638863133,0.02379078958723875,0.43011545446383703,0.6131746110907752,0.00797280053696325,0.3659591662184083,0.5962324136208962,-0.030456791063063423,0.36929412838336406,0.6526766301096353,-0.008942544403850134,0.30375645499949055,0.6228642160576597,0.027190639818626215,0.443592420134995,0.6117743088605079,0.008954167427159664,no,2025-11-18T07:29:26.683062
0.7671829359844262,0.843421006716284,-6.696366451922549e-07,0.7013126268791907,0.7982395745395147,-0.002752386046139674,0.6557538569605996,0.717965980977383,-0.009523901315500238,0.6222513116084183,0.667903058009158,-0.022262435776370153,0.5780163006604896,0.6383493670509379,-0.03485639023621025,0.7031713382877818,0.584336100389877,0.012895216312251772,0.642250351720578,0.5459068380383354,-0.021456754697631742,0.5991699365000576,0.5723242184944249,-0.04839266974673,0.5727195225015449,0.6071496527500775,-0.06249951412885068,0.7365287757860912,0.5778921461659319,-0.003813559675965741,0.659043787840181,0.5318403950826848,-0.0372189288472462,0.6092710336314713,0.5681893976564074,-0.05524435639865763,0.5816599837715217,0.604106084456711,-0.06070323019604518,0.7668823419542163,0.5938764143319977,-0.024823582417906675,0.6781328890110274,0.6115164428208126,-0.05862007896166026,0.6763054839098153,0.68966704257302,-0.05836139502389131,0.6939131951865761,0.7341453874497749,-0.049542045797063824,0.7883816844804845,0.6287991110581712,-0.047289281340459496,0.710698296023076,0.6535323873469803,-0.07011973365233794,0.7029004332388853,0.7140997400310127,-0.06560257034693673,0.7154377358847154,0.746656867311886,-0.05645749391455581,0.0,0.0,0.0,0.0,0.0,0.0,0.0,0.0,0.0,0.0,0.0,0.0,0.0,0.0,0.0,0.0,0.0,0.0,0.0,0.0,0.0,0.0,0.0,0.0,0.0,0.0,0.0,0.0,0.0,0.0,0.0,0.0,0.0,0.0,0.0,0.0,0.0,0.0,0.0,0.0,0.0,0.0,0.0,0.0,0.0,0.0,0.0,0.0,0.0,0.0,0.0,0.0,0.0,0.0,0.0,0.0,0.0,0.0,0.0,0.0,0.0,0.0,0.0,0.2857730177583141,0.427983483139631,0.015305380618739626,0.3407297619378212,0.4336721288431967,0.001390980818603645,0.4269673916980192,0.42803256619284824,-0.0033133293933566535,0.48280956994139634,0.41145161793307283,0.0048752208923200655,0.3869950149835486,0.5427387209558904,-0.07046500101539874,0.3885759881193256,0.5579505489595304,-0.03308063397188149,0.3860024011029389,0.525555055304294,-0.07692305232454849,0.3850739633436602,0.5011287512137814,-0.07423216989649221,0.37234392271791117,0.5267302575097026,-0.07480987791258135,0.39982650674846204,0.5243106732984638,-0.07586342469633878,0.3363771518103108,0.6197749177509569,0.020710939451028566,0.4516494090699541,0.6149725584979633,0.014525612532602204,0.3929622017987412,0.5987828966831898,-0.02920661419129028,0.39515488920865743,0.6551787496060566,-0.007965856669187097,0.32297195961835184,0.6238663045009978,0.023276288618603133,0.464999283807503,0.6125070966185169,0.016133698665369213,no,2025-11-18T07:29:26.885120
0.7708094962991742,0.8449792685692473,-6.932445002229525e-07,0.7041022010052082,0.7999773550569278,-0.002077405347271898,0.6582032770234669,0.7204553289267255,-0.008774998211349,0.6248632866483254,0.6702492198729566,-0.02161995526272922,0.5808535911948078,0.639952487184908,-0.03428187967756958,0.7055720814306493,0.5853651753913954,0.013530461156736954,0.6444587074784073,0.5464518647684505,-0.021190251655017804,0.6014392508675978,0.5749735842857409,-0.048207866718100144,0.5752081613667392,0.612324025288613,-0.062148730410181874,0.7388026822083837,0.5790324318685952,-0.003593973476627983,0.6608357722178964,0.5339834447451692,-0.03728549766716005,0.6110554854207771,0.572936214607699,-0.05498012528065625,0.5836915727344547,0.6115889032436753,-0.05996184102883256,0.7690870969757959,0.5955838227436966,-0.025084017153651196,0.6802631901395927,0.6130285694824583,-0.05914492276837915,0.6798369343739598,0.6912459415593372,-0.05877691448858827,0.6984505820541187,0.7360919934704471,-0.04982798668501472,0.7905236426285784,0.6309031697163262,-0.047959163413454846,0.7124378032449212,0.654887259766935,-0.07120417557203002,0.7046605466289031,0.7157329196943089,-0.0667573248704002,0.7171058186736352,0.7488462788097516,-0.05754855856964554,0.0,0.0,0.0,0.0,0.0,0.0,0.0,0.0,0.0,0.0,0.0,0.0,0.0,0.0,0.0,0.0,0.0,0.0,0.0,0.0,0.0,0.0,0.0,0.0,0.0,0.0,0.0,0.0,0.0,0.0,0.0,0.0,0.0,0.0,0.0,0.0,0.0,0.0,0.0,0.0,0.0,0.0,0.0,0.0,0.0,0.0,0.0,0.0,0.0,0.0,0.0,0.0,0.0,0.0,0.0,0.0,0.0,0.0,0.0,0.0,0.0,0.0,0.0,0.2975380762190542,0.4270269078333958,0.011694602809185039,0.3533973936337055,0.43355405267423813,-0.0005257985175976107,0.44032735095841513,0.4275396263018761,-0.00266680044417064,0.4948612285189007,0.4115342547778081,0.006956112372373535,0.40152388683862184,0.5434982106995792,-0.0704601345203985,0.40230802551184175,0.558230932867903,-0.03293795150706749,0.4007222700066162,0.5263925100187089,-0.07701632124865807,0.39973829862453547,0.501877883163806,-0.07450173492736065,0.38692997150795766,0.5274354310028524,-0.07518650533774515,0.41450171668065805,0.5251648848364878,-0.07568414695948988,0.34678745667297767,0.619916339710058,0.020499025426293244,0.4632986245226556,0.6156756713388254,0.01763151385610623,0.4059678387466988,0.5985694228041041,-0.028458973949132632,0.4075363555464063,0.6548065066561319,-0.007003634455472006,0.33407629515112536,0.6231089754621688,0.022661708573479843,0.4772709138477975,0.612215216800622,0.01936404827647838,no,2025-11-18T07:29:27.063415
0.7730473701436056,0.8502179892155013,-6.995879352356942e-07,0.7075850579839884,0.805542852905356,-0.002747621041148473,0.6620648071327967,0.7246400318072653,-0.009373381540668482,0.6289768615534566,0.6731637697112586,-0.02190700927684143,0.585447763319343,0.6423653694164286,-0.0341113507818161,0.7102457646647571,0.5910114343887367,0.012846171875482372,0.6501304786934272,0.5507069518811429,-0.021709471690970397,0.6070839531029426,0.578966677721026,-0.04832277388360433,0.5813020041052294,0.6162988672928966,-0.061981070390861925,0.7437095695969287,0.5850196236510488,-0.0035989547084095664,0.6661104408212437,0.5387245295320084,-0.03738261492638112,0.6157036085989842,0.5779758282511152,-0.054815456272382455,0.5882045207365053,0.6174185911691856,-0.059525175279330794,0.7738102778427564,0.601477993734977,-0.024418860828414896,0.6848072254008357,0.6187319673412506,-0.058712469997656794,0.6842119125357196,0.6968445620138757,-0.058244837155597654,0.7030008816852472,0.741942714760431,-0.04908112124978352,0.7949433596577188,0.6362863109533627,-0.04663478191992132,0.7162170979859097,0.66089794077748,-0.06986217450123641,0.708676612301802,0.7211679158217332,-0.06555438589849699,0.7214401130302075,0.7535598805662223,-0.056445450637090035,0.0,0.0,0.0,0.0,0.0,0.0,0.0,0.0,0.0,0.0,0.0,0.0,0.0,0.0,0.0,0.0,0.0,0.0,0.0,0.0,0.0,0.0,0.0,0.0,0.0,0.0,0.0,0.0,0.0,0.0,0.0,0.0,0.0,0.0,0.0,0.0,0.0,0.0,0.0,0.0,0.0,0.0,0.0,0.0,0.0,0.0,0.0,0.0,0.0,0.0,0.0,0.0,0.0,0.0,0.0,0.0,0.0,0.0,0.0,0.0,0.0,0.0,0.0,0.2998669616267543,0.4226346811811022,0.014299449581322198,0.35512722750990694,0.4309216883597097,0.0005213195181722964,0.4419645839255195,0.4288966852136211,-0.0042348157955183615,0.4982895171906637,0.41440937172789327,0.00379608986510957,0.39944757457527863,0.5424782895004854,-0.0701008855175311,0.4007357997460866,0.5574946683229896,-0.032638331935751344,0.3988658064577377,0.5253644538332833,-0.07665789372069019,0.39849320887018247,0.5008706644613128,-0.0741604886725865,0.3851784678954736,0.5260311708446727,-0.07453263894726346,0.4126658836937607,0.5246267529880071,-0.0756178619359465,0.3467720319835301,0.6170855263842648,0.021743721771729403,0.4607139854466763,0.6182907439469243,0.015304961170878623,0.40350503086169165,0.5982047765666181,-0.028515486324816083,0.4042091955201285,0.6543021559827138,-0.006175935843422896,0.3340764988729412,0.621522959258184,0.024412606981883144,0.47566502428477675,0.6154795864448208,0.01696529682558493,no,2025-11-18T07:29:27.236959
0.7764440687635905,0.8522020832346122,-6.917732409617424e-07,0.7103799389651387,0.8079078328743394,-0.002758032702088142,0.6648626111526867,0.7275946836435008,-0.00932026039460921,0.6318755050088297,0.6763322343772662,-0.021834082947718277,0.5885443860866277,0.6443289385324483,-0.0341307353263586,0.7124008717198907,0.5938606707218189,0.013072861368301297,0.6525405785209842,0.554044112098561,-0.021471776874521245,0.6093542758030277,0.5821488204278957,-0.048186370809805056,0.5833703066142297,0.6194606488087255,-0.061829268734416215,0.7456213858841272,0.5875425216624842,-0.0033904751497791505,0.6684632523510821,0.5405818759339119,-0.03694041312529803,0.6180275807811205,0.5789943132802207,-0.054660500959167344,0.590418824451352,0.6184790452260113,-0.05955100724396685,0.7756896368976813,0.6035226351063954,-0.02419742577052878,0.6872111481103452,0.6201604861673446,-0.058276922733909116,0.6855891360755227,0.6987214605609234,-0.05818006474805735,0.7036252808637571,0.7446292097914857,-0.04925415881662989,0.7967581585867176,0.6382026635619322,-0.04640052830825492,0.7185934768856398,0.6627975853198466,-0.06978961577525543,0.711001235208976,0.7231329052451562,-0.06574048748512382,0.7239223899654211,0.7559810842631374,-0.05666958220469347,0.0,0.0,0.0,0.0,0.0,0.0,0.0,0.0,0.0,0.0,0.0,0.0,0.0,0.0,0.0,0.0,0.0,0.0,0.0,0.0,0.0,0.0,0.0,0.0,0.0,0.0,0.0,0.0,0.0,0.0,0.0,0.0,0.0,0.0,0.0,0.0,0.0,0.0,0.0,0.0,0.0,0.0,0.0,0.0,0.0,0.0,0.0,0.0,0.0,0.0,0.0,0.0,0.0,0.0,0.0,0.0,0.0,0.0,0.0,0.0,0.0,0.0,0.0,0.308959954573982,0.4219157050629403,0.013009774533866408,0.3644823790614262,0.4310271216838221,8.848784273915119e-05,0.450646379258292,0.42896927385070704,-0.0032323168528191264,0.5057173329723919,0.41517974561164256,0.0056725949774639045,0.4090643745459782,0.5422020089107804,-0.06997354546543631,0.4098741582415354,0.557312115112041,-0.03271897792118187,0.40851446360217514,0.5250870859826512,-0.07646000880173037,0.4080663663073828,0.5006328322211197,-0.073897645983861,0.3948636309633084,0.5256533496378057,-0.07449745186174667,0.42220089335921707,0.5244501636701357,-0.07526481384508468,0.35459987173517327,0.6166012634820495,0.0204148411172094,0.4681496038454695,0.6179491389393282,0.015966588130159484,0.41164292573491534,0.5977913960424033,-0.028754477528228926,0.41251055843911855,0.6545366823729182,-0.006698485751368049,0.34215139097318326,0.6215069573054837,0.0228952072324801,0.4830356197378321,0.6159087707214186,0.017749481256215355,no,2025-11-18T07:29:27.360474
0.7790567831267599,0.8531616755150875,-6.949396593980621e-07,0.7131475710298105,0.8086657887764184,-0.002738358249977124,0.6676504801998328,0.7286700656395757,-0.00936795696442139,0.6354542026711172,0.6776203508350259,-0.021986063592904396,0.5930290308881625,0.6455843382122997,-0.034249541351471804,0.7163540215323239,0.5946026368917474,0.012727786326081944,0.655856050092325,0.5542783064307502,-0.022402117431987757,0.6125938089391878,0.5829311759610182,-0.04945198152459247,0.5864660931245435,0.6213322910238543,-0.06311995153663598,0.7490127696155713,0.588972085568791,-0.0037371371740244973,0.6716339103208963,0.5423067777820958,-0.037319938916932346,0.621452039978573,0.5802310304842571,-0.054967352189426354,0.5940139635886673,0.618693635858016,-0.05997246277480115,0.778469073390781,0.60513927370516,-0.024604545944813722,0.6906404456333892,0.6215575465886162,-0.05846184367007326,0.6893598742244373,0.7001310845513968,-0.057864899208311546,0.7072746849093413,0.7457867590362153,-0.04872900169685197,0.7991641082278376,0.6398596149192413,-0.04692229996447883,0.7220468514532263,0.6632971243020742,-0.06965301434452736,0.7146809786369739,0.723336337447331,-0.06493369813213405,0.7273526878263386,0.7557298523961561,-0.05554700296455319,0.0,0.0,0.0,0.0,0.0,0.0,0.0,0.0,0.0,0.0,0.0,0.0,0.0,0.0,0.0,0.0,0.0,0.0,0.0,0.0,0.0,0.0,0.0,0.0,0.0,0.0,0.0,0.0,0.0,0.0,0.0,0.0,0.0,0.0,0.0,0.0,0.0,0.0,0.0,0.0,0.0,0.0,0.0,0.0,0.0,0.0,0.0,0.0,0.0,0.0,0.0,0.0,0.0,0.0,0.0,0.0,0.0,0.0,0.0,0.0,0.0,0.0,0.0,0.3125166116129722,0.4220081543217076,0.012182238063692332,0.3680036694320269,0.43093023068749214,-0.00035979236235629704,0.45428866578442706,0.42805330946315717,-0.0029186093217190116,0.5088629403776449,0.4146816364214295,0.006505658606959196,0.4136737993259066,0.5424364274480965,-0.07012976069925564,0.41424589710344134,0.5575889567926996,-0.0327252219582468,0.4131434975557873,0.5252470809323047,-0.07664932185496484,0.4126174023709918,0.5007439602275336,-0.07409958224185612,0.39949102482842547,0.5258182820080813,-0.07476838950318473,0.42677057037593574,0.5245877706148988,-0.07536323112484146,0.35846579497078945,0.6161193425450103,0.01977318652805994,0.4722711749085746,0.6171751970350481,0.01642475345262056,0.41598618864794473,0.5975812487108989,-0.028932820609457576,0.4167346579198156,0.6542460113791776,-0.0066482090897448075,0.3460749027448161,0.6224543889825606,0.02222268170428517,0.4862165727625928,0.6164932990875159,0.01834409515331615,no,2025-11-18T07:29:27.501635
0.7780834712619425,0.8549334917377989,-6.967460927220883e-07,0.7128817391110204,0.8097530785236462,-0.002816326931163615,0.6681771075372791,0.7307199264755648,-0.009950602519387066,0.6362852578258845,0.6800853905664388,-0.022996900614735277,0.5940520210707597,0.6481844153524877,-0.03575953515334649,0.717510585538043,0.5962776205927853,0.011751415908918476,0.6571279352100419,0.5566075107783939,-0.023061919227654454,0.613996584797963,0.5857045725653174,-0.0499351773609548,0.5881729221649938,0.6238397972071786,-0.06362790423153858,0.7505119449674689,0.5910978882777121,-0.004675843280635434,0.6725599821322652,0.5459376856420702,-0.03799276393104136,0.6222467156756268,0.5844211974244405,-0.055533873383107155,0.59479983371923,0.6228696634356761,-0.060606569782638495,0.779855811405092,0.6077480705092725,-0.025375327114703174,0.6913804094412216,0.6244735782011532,-0.05873327825996434,0.68913017247904,0.7027071545670345,-0.058025022233607525,0.7062901604192244,0.7482015653339188,-0.049036683125270965,0.800036187862927,0.6428861310832779,-0.04753103849949997,0.722787856726369,0.6666804887829646,-0.0700628769907127,0.7152815207744806,0.7263804666400778,-0.06538421449785262,0.7277930126143412,0.7586819222956427,-0.05607618777122943,0.0,0.0,0.0,0.0,0.0,0.0,0.0,0.0,0.0,0.0,0.0,0.0,0.0,0.0,0.0,0.0,0.0,0.0,0.0,0.0,0.0,0.0,0.0,0.0,0.0,0.0,0.0,0.0,0.0,0.0,0.0,0.0,0.0,0.0,0.0,0.0,0.0,0.0,0.0,0.0,0.0,0.0,0.0,0.0,0.0,0.0,0.0,0.0,0.0,0.0,0.0,0.0,0.0,0.0,0.0,0.0,0.0,0.0,0.0,0.0,0.0,0.0,0.0,0.29843570877966114,0.42132672544767324,0.023010771031915785,0.35130474122922756,0.42909787777584446,0.005508628158169929,0.4367185554569108,0.42787980533773395,-0.005129532141911785,0.49273599580260724,0.4141139651976761,-0.0006223548022295973,0.38829175188634957,0.5396464797724796,-0.07006692195772299,0.39146074333245184,0.5556568612851438,-0.03334048926655798,0.387423401996163,0.5223592439344751,-0.07627516177339154,0.3875650699417902,0.4981439584920627,-0.07334929918591333,0.37434980909847787,0.5230183271765261,-0.07347089188298771,0.4011806113016687,0.5219567220975343,-0.07590247190116012,0.34248593660702253,0.6162073699133286,0.023244360167966834,0.45386678016230275,0.6185264167338479,0.008981178680419501,0.39192699313054435,0.5961283054105184,-0.030188178445521636,0.39397808523794586,0.6547470286502517,-0.009043523182326913,0.33022795306231895,0.6218511680992973,0.026493182772458802,0.46893943738990235,0.6181710136337237,0.010027331330138837,no,2025-11-18T07:29:27.637391
0.7779887456712544,0.8569337980901977,-6.93744109664945e-07,0.7127969539022814,0.8115733356790594,-0.002917028971038732,0.6680447655739832,0.7327293170089921,-0.010047859092739253,0.6363276603269743,0.6818335204117747,-0.022989082155941323,0.5941716156226602,0.6496223194659472,-0.03573450841985008,0.7170989834027953,0.5980829428628447,0.011701614015095282,0.6565153094724678,0.5598599444494081,-0.0229293933214817,0.6134193636899514,0.5889976360236407,-0.049781194152922884,0.5876416015777972,0.6269907363397191,-0.06350991406797876,0.7502747479468387,0.5925805255406811,-0.0047444638297369866,0.6725176600572215,0.5480362318324181,-0.03764631209993631,0.6222784386331015,0.5858413775017406,-0.05522356857553242,0.5947260048112751,0.6238735283406865,-0.06038610301203725,0.7796695052623299,0.6093014077102332,-0.0254547605387578,0.6916147609759513,0.626277151935507,-0.05861482831107157,0.6885670052706632,0.7042476748501219,-0.058297323626817346,0.7051088386782401,0.7499267540319343,-0.049640177554375706,0.7998070398447783,0.6446410859998604,-0.04763465373547157,0.7228251992009683,0.6689503062754087,-0.07051742139025381,0.7143591515672787,0.7293958064020092,-0.06621911643805518,0.7259763352847555,0.762843504120386,-0.0570869800357364,0.0,0.0,0.0,0.0,0.0,0.0,0.0,0.0,0.0,0.0,0.0,0.0,0.0,0.0,0.0,0.0,0.0,0.0,0.0,0.0,0.0,0.0,0.0,0.0,0.0,0.0,0.0,0.0,0.0,0.0,0.0,0.0,0.0,0.0,0.0,0.0,0.0,0.0,0.0,0.0,0.0,0.0,0.0,0.0,0.0,0.0,0.0,0.0,0.0,0.0,0.0,0.0,0.0,0.0,0.0,0.0,0.0,0.0,0.0,0.0,0.0,0.0,0.0,0.29192007626025296,0.42098343310976954,0.026764602986842218,0.34486807958563737,0.42966853918394277,0.007385128385522934,0.42956410456027305,0.42812932777968393,-0.006279746861347457,0.486632845775945,0.4132560623508065,-0.0036384364965004693,0.3783899126176743,0.5388967560166872,-0.06938634095012729,0.38244850773838474,0.5551809723276763,-0.033164393975458284,0.37744021709991865,0.5216172595347577,-0.07545174254498282,0.3778230664869702,0.49753254028309496,-0.07241833689483082,0.36459867974531435,0.5222281052768006,-0.07231840559344088,0.39115084024727753,0.5213609239245148,-0.07542703795491737,0.33517952368910087,0.6163573010512535,0.02430293228685188,0.4465952666404089,0.6195210306420857,0.00586737735568711,0.3831740266079205,0.5966836614485453,-0.030476019618721626,0.3854530285389253,0.6541990138597328,-0.009423477145460428,0.323937719993722,0.6208886315540737,0.027911725637347107,0.4616672018769046,0.6189610547027566,0.0066766590030284696,no,2025-11-18T07:29:27.762961
0.7770060369877726,0.8582815953570495,-6.914011818379165e-07,0.7117259937453454,0.8128443107762362,-0.0033810302885360884,0.6670671203644299,0.7344866103229623,-0.010941614652766302,0.63554455650092,0.6828888132568822,-0.024137403353213467,0.593388424407552,0.6502591959268212,-0.037107441690970765,0.7157243054488036,0.5992195820309402,0.010820974771078849,0.6556706474520695,0.5606852834753907,-0.023865324728293894,0.6125762511256001,0.5901668835597635,-0.05076217009250892,0.5867202603893472,0.6283686165085589,-0.06452560563266034,0.7493507416739962,0.5935388944861151,-0.005372394922396083,0.6716637625275426,0.5495087575101422,-0.03808286032688752,0.6212824218598094,0.587479869487412,-0.05561465176291823,0.5935921860794962,0.6254630667464083,-0.06087967957947253,0.779038956713654,0.6104941763358905,-0.025814122059554336,0.6915138433480831,0.6283189372386581,-0.05882716396086701,0.6883399897187666,0.7063796925085265,-0.05847579362121278,0.7047765639428494,0.7523646097353885,-0.04991432968104222,0.7993022640286819,0.646137170263953,-0.047762271011031074,0.7224889247786306,0.671128057886621,-0.07070071281276072,0.713674062115579,0.7322269974202124,-0.06640823318989283,0.7248591419446696,0.7663661611921968,-0.05731506555817238,0.0,0.0,0.0,0.0,0.0,0.0,0.0,0.0,0.0,0.0,0.0,0.0,0.0,0.0,0.0,0.0,0.0,0.0,0.0,0.0,0.0,0.0,0.0,0.0,0.0,0.0,0.0,0.0,0.0,0.0,0.0,0.0,0.0,0.0,0.0,0.0,0.0,0.0,0.0,0.0,0.0,0.0,0.0,0.0,0.0,0.0,0.0,0.0,0.0,0.0,0.0,0.0,0.0,0.0,0.0,0.0,0.0,0.0,0.0,0.0,0.0,0.0,0.0,0.30023059767945814,0.4219544824869679,0.019742287057325156,0.35466257520656075,0.42988711268584345,0.004032350656644241,0.43990334177178997,0.42704789960666173,-0.0038130306518457334,0.49621112246148935,0.4123822516610905,0.0023328748344161624,0.39597989011430285,0.5405109011349458,-0.07000756649881396,0.39832750628008107,0.5560291436860396,-0.03339458297894485,0.3950909837893316,0.523168874756774,-0.07620878315727611,0.3947925030062872,0.49870517538065273,-0.07329528646008211,0.3817728848279108,0.5238950766175874,-0.07373445887615579,0.40881634162098374,0.5225120733571396,-0.07552908608346721,0.34598555468646175,0.6169827453170391,0.02196328194915914,0.4607140944303195,0.6171436949856547,0.01136326252668713,0.4006022337076315,0.59671621536592,-0.02985666175077946,0.40266174726640325,0.6533560801300922,-0.009191741020692975,0.3343169569636045,0.620866825685713,0.02475234735609621,0.47543300288928847,0.6150216254692067,0.012534867048327722,no,2025-11-18T07:29:27.898583
0.7788965140535786,0.8596698556581085,-6.93746392875645e-07,0.7136839845740888,0.8142618112642778,-0.0030956351566184246,0.6689989913955938,0.7356042716054967,-0.010153021791375436,0.6373803705585044,0.6843728162048571,-0.02299071266460379,0.5955071976240031,0.6519273813381969,-0.035501297621632275,0.717134006886618,0.6001978325594306,0.012166712055055512,0.65771767727027,0.5613774093654114,-0.022742055032453773,0.6145249331475626,0.5906523251989186,-0.04982991754325515,0.5883749288358784,0.6292726697559732,-0.06355775961965202,0.7502931431777726,0.5946808230040896,-0.004015327255810568,0.6731698221950915,0.5503351425719045,-0.036752307745874596,0.6231604632301672,0.5885085065973437,-0.054211254057027695,0.595747897677657,0.6269432893641862,-0.05928557095872163,0.7799898043036348,0.6115595597961343,-0.02456552465687716,0.6929807995808408,0.6291432239694419,-0.05773204114851002,0.6906437185093619,0.707367917276297,-0.05738751464648571,0.707576174885243,0.7535286417092775,-0.04865756416481902,0.8006250182657906,0.6469559929116702,-0.046611815688091716,0.7237729653304469,0.6717281458027465,-0.06939541191499395,0.7152603832993056,0.7324704675898059,-0.06506446815744642,0.7266231594675894,0.766173887890944,-0.05591185904811676,0.0,0.0,0.0,0.0,0.0,0.0,0.0,0.0,0.0,0.0,0.0,0.0,0.0,0.0,0.0,0.0,0.0,0.0,0.0,0.0,0.0,0.0,0.0,0.0,0.0,0.0,0.0,0.0,0.0,0.0,0.0,0.0,0.0,0.0,0.0,0.0,0.0,0.0,0.0,0.0,0.0,0.0,0.0,0.0,0.0,0.0,0.0,0.0,0.0,0.0,0.0,0.0,0.0,0.0,0.0,0.0,0.0,0.0,0.0,0.0,0.0,0.0,0.0,0.3175128426276853,0.42271614059365026,0.009127926402661905,0.3746493646906827,0.4292472435577731,-0.000929050357512764,0.45849717807850665,0.423117990912416,0.0005453664403964082,0.5117307061892408,0.40797232421292284,0.01238974057131899,0.4252562865049816,0.5362020176260361,-0.07016099809959428,0.42454906140572657,0.5520959808205284,-0.03352174555861,0.4247011773194705,0.5189878110966487,-0.07638531449814985,0.4234605609809497,0.49491640769478956,-0.07350561701424935,0.41097178017201963,0.5200861651226822,-0.07496169412757107,0.43792230092600093,0.51802757135989,-0.07466349874451528,0.36735716115994993,0.6160661514537619,0.01654846333950591,0.4803487770706972,0.6126728377882376,0.018554766770450346,0.42608225956545515,0.5944899867742228,-0.02961272208338276,0.42695425775128176,0.6502368772404153,-0.008805429921156958,0.35266968010190414,0.6185333979655372,0.018196951876588315,0.49505881020433357,0.6079995231380457,0.02051976183805098,no,2025-11-18T07:29:28.036641
0.7813710587598063,0.8604100601990494,-6.866399533893986e-07,0.7160768915694998,0.815877982620359,-0.002787910490066741,0.6711018259056216,0.7368465589060809,-0.00982673658867516,0.6395887777513286,0.6847842503189203,-0.02275872498357276,0.5973648394373829,0.651910379321137,-0.0354441497766498,0.7188600937867844,0.6018465065831363,0.012251107298805422,0.658854172783542,0.5620965973867157,-0.022634489299755214,0.6156328779698079,0.591061998628512,-0.049501928758185536,0.5894623777289438,0.6291792542753407,-0.06310647388145267,0.751809869003666,0.5959437673865968,-0.00409918036852542,0.6746983978643609,0.5500756370818507,-0.03777196721884642,0.6242100505314043,0.5886248151368219,-0.05550286863582224,0.5963561582828745,0.6275329287473397,-0.06041736020618081,0.7813027031600419,0.6121139178146321,-0.0247270982957409,0.693348931027069,0.6287567545018108,-0.05854260323850634,0.6912983311556209,0.7077999216203262,-0.05820934039137526,0.7087449229509681,0.7540767128510224,-0.049216073796958575,0.801553453995261,0.646534306871103,-0.04677617549751113,0.7241923026534742,0.6715257822099976,-0.07004566684683641,0.7171219571487678,0.7323286905400507,-0.06581062484391334,0.7301806121167598,0.7653103414388345,-0.05656428146993546,0.0,0.0,0.0,0.0,0.0,0.0,0.0,0.0,0.0,0.0,0.0,0.0,0.0,0.0,0.0,0.0,0.0,0.0,0.0,0.0,0.0,0.0,0.0,0.0,0.0,0.0,0.0,0.0,0.0,0.0,0.0,0.0,0.0,0.0,0.0,0.0,0.0,0.0,0.0,0.0,0.0,0.0,0.0,0.0,0.0,0.0,0.0,0.0,0.0,0.0,0.0,0.0,0.0,0.0,0.0,0.0,0.0,0.0,0.0,0.0,0.0,0.0,0.0,0.31876570116098774,0.42118071011978503,0.008534379929738097,0.3758663033151137,0.42714150913278365,-0.001140744355723079,0.4611789045337907,0.4220011212534797,0.0010908793222436804,0.5143190500607917,0.4068130494756173,0.013449446596174898,0.4273316286221731,0.5357478877707664,-0.07079033836401948,0.42659961598518903,0.5514328933643657,-0.03378763805132629,0.42681423984000255,0.5184684279005429,-0.07708529518733595,0.42559734878118527,0.49416637342690073,-0.07416912135068585,0.4129049726084021,0.5195478180311592,-0.07572859254789924,0.44023762744225614,0.5174168186980572,-0.07525524186350291,0.3689144981481818,0.6149546472200298,0.015835404028444647,0.4833057131842057,0.6110482971938319,0.018993164932354326,0.4286538244038137,0.5916759347304189,-0.029889321990039425,0.42939358366766356,0.647743837256072,-0.009486547850373783,0.3537693142807647,0.6178500181699329,0.017449325089905487,0.49727089975777594,0.6068129637117383,0.021059343826041767,no,2025-11-18T07:29:28.166823
0.7810157546091665,0.8616525360504524,-6.96895932763807e-07,0.7159851098796748,0.8169051153679493,-0.0024577888402868976,0.6712453750137392,0.7376753651387704,-0.009471118947813103,0.6400598012062917,0.6857999944984494,-0.022348574770510096,0.5979780835523096,0.6534773184809879,-0.035051953993416,0.720415087558065,0.6029306006369204,0.01171761299345598,0.6605683794406296,0.5626947291857589,-0.02287381227408892,0.6174585750818583,0.5921138173455671,-0.0495368611422983,0.5915323089072728,0.6302424148230646,-0.06316199357233912,0.7532867361070577,0.5975079330592957,-0.004724524638524966,0.6762121545024014,0.5522271627086347,-0.03811278239713626,0.625381554577836,0.5913629730495968,-0.055544720686161966,0.5972977900636784,0.6306396273585179,-0.06049948118117154,0.7824292842239113,0.6139550034934977,-0.025370588352110295,0.6946647399428558,0.6301003063242392,-0.05884355752869607,0.6928656227063352,0.7084548821987893,-0.05829316718767963,0.7105009156838581,0.754316088320958,-0.04948325494717104,0.8024039397604632,0.6484144841965074,-0.0474053360514537,0.7251275386558387,0.6737850039513733,-0.0705930227802221,0.7184045306869633,0.734605569368231,-0.06641006672684253,0.7316983297018735,0.7672633798525654,-0.05738827900904133,0.0,0.0,0.0,0.0,0.0,0.0,0.0,0.0,0.0,0.0,0.0,0.0,0.0,0.0,0.0,0.0,0.0,0.0,0.0,0.0,0.0,0.0,0.0,0.0,0.0,0.0,0.0,0.0,0.0,0.0,0.0,0.0,0.0,0.0,0.0,0.0,0.0,0.0,0.0,0.0,0.0,0.0,0.0,0.0,0.0,0.0,0.0,0.0,0.0,0.0,0.0,0.0,0.0,0.0,0.0,0.0,0.0,0.0,0.0,0.0,0.0,0.0,0.0,0.30436046486405555,0.4185866489622897,0.0182676132174516,0.35941848629233775,0.42549353424569025,0.003770775196500214,0.4443452684881325,0.42257228384947243,-0.0017765512442077449,0.4999243705208515,0.40854541667315714,0.0060049848724004935,0.4016643773623103,0.5336389253936382,-0.07112571738500123,0.40305298277439383,0.5498853254758993,-0.034276168844608074,0.4010160772106507,0.5162891389151762,-0.07727225937788772,0.4006942406156445,0.49210405310749333,-0.07412224246354902,0.3874641928948535,0.5171369601916508,-0.0750316181645422,0.41477157971043166,0.5156547346511526,-0.07630727284777852,0.3494885182667865,0.6130082889382314,0.0194948164770748,0.46311036777870257,0.6130279084579084,0.012087725129909334,0.40415721539404553,0.591118721931402,-0.031089087534560002,0.405078914827301,0.6473037085030665,-0.010687868200393219,0.33633250593722686,0.6165653231871393,0.022070325980709904,0.47838419067116245,0.6105388749775885,0.013543734677143966,no,2025-11-18T07:29:28.303215
0.7808009390378291,0.8645197663982578,-6.875398782647641e-07,0.7148549211393308,0.8183131686458887,-0.0026253119215259788,0.6707006885292084,0.7394064944628483,-0.00986009814513186,0.6389743249939387,0.6881811809688597,-0.023027246556192586,0.5960265240378125,0.655610535241852,-0.03590528341739186,0.7194328765160015,0.604867664572458,0.01225825825171523,0.6590217168523491,0.5660648946050102,-0.022706449456985026,0.615735497629659,0.596387964790795,-0.04977404681880311,0.5897232388709795,0.6348594762637663,-0.06368939307790235,0.7521324539662333,0.5995221631124421,-0.004411053472618916,0.6745474451158094,0.5539487120458457,-0.03769987844341256,0.6247477359643026,0.5916721026079436,-0.0553254511687579,0.5974779737061556,0.6288028134808947,-0.060555556451214854,0.7811484368488179,0.6160420390335073,-0.02539269338042851,0.6928540286304092,0.6324220580121257,-0.05859466120205403,0.6913167897200194,0.7106419081957234,-0.058004151872748544,0.7091430822201334,0.7558503730903801,-0.04931637292002908,0.8009833162013376,0.6512172776130852,-0.04786933213436084,0.7240787548892902,0.6760154530064179,-0.07070468787183484,0.7174243028972689,0.7361934278039275,-0.06640717116149217,0.7307672180011138,0.7684047357045573,-0.05743348197051741,0.0,0.0,0.0,0.0,0.0,0.0,0.0,0.0,0.0,0.0,0.0,0.0,0.0,0.0,0.0,0.0,0.0,0.0,0.0,0.0,0.0,0.0,0.0,0.0,0.0,0.0,0.0,0.0,0.0,0.0,0.0,0.0,0.0,0.0,0.0,0.0,0.0,0.0,0.0,0.0,0.0,0.0,0.0,0.0,0.0,0.0,0.0,0.0,0.0,0.0,0.0,0.0,0.0,0.0,0.0,0.0,0.0,0.0,0.0,0.0,0.0,0.0,0.0,0.30607222798122974,0.4182853884803209,0.017503463819731488,0.35996283825992315,0.42403369935284085,0.003448193211752967,0.44491751635084725,0.42015422826277943,-0.0014734456191701317,0.5009969814983712,0.40543562773870107,0.0065815504221169805,0.4040652966056165,0.5341521953742788,-0.071455442122314,0.40550489578992976,0.5494761133414348,-0.03444639223392189,0.40314477225648654,0.5166371286521529,-0.07764183391305352,0.40244282259835723,0.4920517949300971,-0.07453216976569099,0.38951562215276425,0.5175675595616915,-0.0754721474580779,0.4169626052219608,0.5156401057441554,-0.07662076425367938,0.3521348345423288,0.6122412822636103,0.020194144827611536,0.4672766677159885,0.6094022284217643,0.013661154093686251,0.41080875398589456,0.5879656815376004,-0.030549213083392996,0.41196553263375857,0.6448077301727826,-0.011250927157775412,0.33787803649694137,0.6139307500487698,0.022401665372216162,0.4826124876104378,0.6047464186518192,0.014868430037055451,no,2025-11-18T07:29:28.444680
0.7809730174315122,0.865997846637163,-6.931284545825309e-07,0.7150777107661224,0.8193147118692548,-0.0022638204792459725,0.6702653265834824,0.7403363725365999,-0.009618603981646198,0.6377973040603848,0.6893328523710265,-0.02303984561885891,0.594888321623551,0.6569835412987519,-0.036191962895834484,0.7191516389492238,0.6063578265889786,0.011782870895350241,0.6584816483355374,0.5659248830916134,-0.02309194880375029,0.6151709688484751,0.5965289385645259,-0.04981330960014977,0.5895259427654154,0.6356655229009414,-0.06340249492457128,0.7519959104300008,0.6008748360671006,-0.005117062992160846,0.6741620954560066,0.5547167120848583,-0.03854721982237328,0.6234804305965922,0.5940734048672804,-0.05605577065216612,0.595931470993474,0.633548218702575,-0.061045535671181234,0.781166704090684,0.6175960407836909,-0.02622053628162203,0.6927237121702003,0.6341806492338766,-0.059298535061886315,0.6902821989524169,0.7122992215291208,-0.05872395254271945,0.7078423400316518,0.757475375325021,-0.05003106231438752,0.8008659812303227,0.652952966971597,-0.048745689913449075,0.7233061394628488,0.6777349792249954,-0.07128445642108779,0.7159468380617173,0.7377122091068893,-0.06685652820841446,0.7291704553998641,0.7698991664152821,-0.05779351279590953,0.0,0.0,0.0,0.0,0.0,0.0,0.0,0.0,0.0,0.0,0.0,0.0,0.0,0.0,0.0,0.0,0.0,0.0,0.0,0.0,0.0,0.0,0.0,0.0,0.0,0.0,0.0,0.0,0.0,0.0,0.0,0.0,0.0,0.0,0.0,0.0,0.0,0.0,0.0,0.0,0.0,0.0,0.0,0.0,0.0,0.0,0.0,0.0,0.0,0.0,0.0,0.0,0.0,0.0,0.0,0.0,0.0,0.0,0.0,0.0,0.0,0.0,0.0,0.31433158756620694,0.4186696801238732,0.009740892177501924,0.37069895236074313,0.42310832337503645,6.32079405207416e-05,0.4547738216519861,0.41586705270045865,0.0024861888090648935,0.5077351502760106,0.4009415984352761,0.015088639201126925,0.4229043054359107,0.530044965704336,-0.07093668764417053,0.4223854311026675,0.5459470582118551,-0.0342857744672665,0.42210252354794386,0.5125738293235588,-0.07704930210695934,0.42054604477829693,0.4883375092366321,-0.0738750751646658,0.4082247533867154,0.5139333826708604,-0.07570274606013369,0.43554583763276233,0.5113047192195814,-0.07520410752204232,0.36672996521714063,0.6111294995741117,0.01463545993963246,0.47905326145980853,0.6046594922874355,0.0179954695117193,0.4270166665408675,0.5837163400573592,-0.030603795208934255,0.4282347925171738,0.6419305374496725,-0.012012479383536105,0.34982767104998436,0.6131254673782057,0.01607603860897991,0.49455147829465984,0.5990401593133211,0.019934963056819657,no,2025-11-18T07:29:28.581974
0.7835294903403593,0.8655956068207787,-6.897323807406346e-07,0.7164176467153061,0.8195707766118124,-0.0031191670478294253,0.6712181616247185,0.7407963047833146,-0.01082025113682563,0.6387567858230696,0.6896184134520538,-0.024373741755016137,0.5958420892881091,0.6574923628811264,-0.03757361148200633,0.7197781319440943,0.6068832346789192,0.010658341593635212,0.6588824345517561,0.5659429431975707,-0.024678131206079132,0.6156790620476049,0.5971030846997434,-0.051500097806351966,0.590081902723879,0.6367120975691688,-0.06506328589583743,0.7528168505549662,0.6013295922774773,-0.005786501593294406,0.6749459235214603,0.5553233354526006,-0.03986453177510017,0.6241680340734731,0.5959865997229163,-0.05738424017363345,0.5964583161489739,0.6361624691363674,-0.06219070070359446,0.7820602812331167,0.6181923203758237,-0.026488291310745767,0.6937464877188587,0.6356113176112468,-0.06006863396515966,0.6922743187183045,0.7137368588514897,-0.059443246533958716,0.7105192492203852,0.7583454545291944,-0.05060020652884064,0.8017568455384096,0.6534167219615981,-0.04864456597706546,0.7239793341128331,0.6795346181754249,-0.0713606058901303,0.7174277528130547,0.7396318637735679,-0.0668647152114708,0.7313462266642418,0.7710459415068964,-0.05772405483054334,0.0,0.0,0.0,0.0,0.0,0.0,0.0,0.0,0.0,0.0,0.0,0.0,0.0,0.0,0.0,0.0,0.0,0.0,0.0,0.0,0.0,0.0,0.0,0.0,0.0,0.0,0.0,0.0,0.0,0.0,0.0,0.0,0.0,0.0,0.0,0.0,0.0,0.0,0.0,0.0,0.0,0.0,0.0,0.0,0.0,0.0,0.0,0.0,0.0,0.0,0.0,0.0,0.0,0.0,0.0,0.0,0.0,0.0,0.0,0.0,0.0,0.0,0.0,0.31514105022612715,0.418777470472131,0.008670761638348106,0.37208364590197496,0.4226615349251281,-0.000297898305884551,0.4565335552990689,0.41441176445600325,0.003184118730320468,0.5093595173052874,0.3988574832777348,0.016305987247031146,0.4257748985179737,0.5279853308002423,-0.07074456679614724,0.42487521805949724,0.5441089189107676,-0.034139388247269836,0.4250193003329319,0.5106595114025021,-0.07684348997764921,0.4233228960988271,0.4866087845970682,-0.07364893236916761,0.41109719467507766,0.5121947041356469,-0.07560969732534921,0.43838160025673456,0.509288660173603,-0.07488095927192356,0.3671489012277262,0.6106913572051161,0.013192892750101111,0.48088337609218607,0.602764097111125,0.018119965799734867,0.42878993899095375,0.5831625795326163,-0.030826154578925822,0.42993881144451523,0.6400453830894604,-0.011860853770766618,0.35201951563306255,0.6139847755821082,0.014675537132984265,0.4951194070121294,0.5986265583477617,0.020308803577908388,no,2025-11-18T07:29:28.708703
0.7823851258102096,0.8660257597054029,-7.020351336804884e-07,0.7160850347624534,0.8208279593737162,-0.002843957098804909,0.6713194871157651,0.7421397154733986,-0.010529494002365147,0.6395728459125571,0.6905639493484024,-0.02408310674584284,0.5968732367121545,0.6584738311292839,-0.03731506416898073,0.7198038456351331,0.6067899499829685,0.0103363688772381,0.6594763077223502,0.5655662417918853,-0.024966471648834053,0.6162367943123004,0.59655548412424,-0.05177893161530176,0.590815053572938,0.6360830185035176,-0.06535788405371362,0.7534894916474935,0.6015802459964504,-0.006283005362079871,0.6755180223953432,0.556996957919858,-0.040404842729262085,0.6241772451384668,0.5983515058951648,-0.05785142756667512,0.5963115991660244,0.6394969569383314,-0.06266023796485531,0.7829501707335933,0.6189614262725829,-0.02713366887841537,0.6948915026694726,0.6366869320752767,-0.06059284349854052,0.6925883822557282,0.7146494224105167,-0.05982111019913783,0.7100652729370664,0.7597070185319923,-0.050964460732906156,0.8027540676914613,0.6548162246454261,-0.04943666467438573,0.724874069331502,0.68115350808521,-0.07207329344480003,0.7174716405075559,0.7410486799184002,-0.06768497883919869,0.7304150347569867,0.7726564796741178,-0.058668242731328875,0.0,0.0,0.0,0.0,0.0,0.0,0.0,0.0,0.0,0.0,0.0,0.0,0.0,0.0,0.0,0.0,0.0,0.0,0.0,0.0,0.0,0.0,0.0,0.0,0.0,0.0,0.0,0.0,0.0,0.0,0.0,0.0,0.0,0.0,0.0,0.0,0.0,0.0,0.0,0.0,0.0,0.0,0.0,0.0,0.0,0.0,0.0,0.0,0.0,0.0,0.0,0.0,0.0,0.0,0.0,0.0,0.0,0.0,0.0,0.0,0.0,0.0,0.0,0.29741685003371787,0.4175983392609526,0.02063478316042066,0.3523337303806826,0.4225026329258209,0.005724236895177984,0.4368973692804701,0.416839456117734,-0.0004886586902072359,0.49153744111915065,0.40124997944137286,0.00679097731539419,0.3947962653581537,0.5266393107076621,-0.07082401224867672,0.396681019855478,0.5436281222132573,-0.03454376804030858,0.39387321787638874,0.5093954481260252,-0.07672750441875625,0.39324953155504405,0.4857246186340596,-0.07325837527295699,0.38051189279728614,0.5108150000971509,-0.0743886559820773,0.4075072794536618,0.5085046547080021,-0.07583958739019228,0.3453881269711324,0.610341185604435,0.017817957664527904,0.45749230001890184,0.6063665585004783,0.009555426777165818,0.3982124455296413,0.5846885609607662,-0.0322339718437203,0.40029972214662746,0.6416864884464331,-0.012992954702125968,0.3319143190977355,0.6147821903423236,0.020507659767451815,0.4727830212484124,0.6045243761759103,0.010960173349362369,no,2025-11-18T07:29:28.836873
0.7820381000907737,0.8668161401790869,-6.958751635415754e-07,0.7159189374022839,0.821045815147521,-0.0028401545400957256,0.6707945776090147,0.742308327814214,-0.010441657200407522,0.6380612785699871,0.6911730629215004,-0.023900808284463358,0.5951511030476971,0.6578528790236569,-0.03706915726115853,0.719668227310517,0.6081720607725817,0.010892258757624063,0.6590077418547969,0.568495869661888,-0.023985624689172657,0.6160992623962472,0.599224573765306,-0.05066159389791329,0.5908313026978002,0.6382685361911509,-0.06429804006433812,0.7530789361923991,0.6027631678705092,-0.00580074365142799,0.6749030880218598,0.5580210767496934,-0.03955235030993401,0.6240954537383618,0.5981036263206141,-0.057105998208953825,0.596403226331288,0.6382866077988472,-0.06207409790002638,0.78251913582189,0.6199681027008056,-0.026717961352934014,0.6940765928283429,0.6379658634604288,-0.06000969293502599,0.6912606921254074,0.7154379702823305,-0.05951518005641515,0.7083501952339446,0.7601677997895252,-0.05088919262705698,0.8024082001608094,0.6557813954705249,-0.04909820784812388,0.7249176452748056,0.6820965270490442,-0.0719268012629388,0.7167384829124693,0.7421111991854269,-0.06778609409751492,0.728935742609664,0.7742687360433425,-0.05890002006721301,0.0,0.0,0.0,0.0,0.0,0.0,0.0,0.0,0.0,0.0,0.0,0.0,0.0,0.0,0.0,0.0,0.0,0.0,0.0,0.0,0.0,0.0,0.0,0.0,0.0,0.0,0.0,0.0,0.0,0.0,0.0,0.0,0.0,0.0,0.0,0.0,0.0,0.0,0.0,0.0,0.0,0.0,0.0,0.0,0.0,0.0,0.0,0.0,0.0,0.0,0.0,0.0,0.0,0.0,0.0,0.0,0.0,0.0,0.0,0.0,0.0,0.0,0.0,0.288346029372671,0.41618774947590476,0.026581051623688342,0.34169072206862194,0.4214698652376297,0.008755243646370483,0.4269862185195151,0.4182704416695161,-0.002279242627945062,0.48286461298892713,0.40291671678672647,0.002057160306430413,0.3797002798291165,0.5257759830306041,-0.0705800317669718,0.3828113273744477,0.5433872768296664,-0.03472811379629832,0.3787776545562516,0.5084052223750091,-0.07631861537022674,0.37872479357712835,0.48483411500874884,-0.072677942686184,0.36560634422388416,0.509588914891181,-0.07345697058323035,0.3925082876970305,0.5078916379523745,-0.07597612631309426,0.3337779852756892,0.6092695565397053,0.020050675777096752,0.4460233043358898,0.6081708886366832,0.005268816429568672,0.3833884958189436,0.5851849400987608,-0.03286063285648864,0.38579721460324384,0.643105829386333,-0.013753494192385168,0.3211227126418243,0.6133746385671579,0.023254134694428708,0.46183007563999906,0.6070789109578282,0.006209221737692384,no,2025-11-18T07:29:28.959317
0.779291752739326,0.8656880443117267,-6.625408940610612e-07,0.7144290998962103,0.8189594443627009,-0.002804452537709971,0.6687710738234283,0.7395294354658686,-0.010653918165689478,0.6339243022145284,0.68906392961787,-0.024461693820745683,0.5894405129095754,0.6552612736106443,-0.037983019152534755,0.7201794474698795,0.6079767652972559,0.011528094199435429,0.6623623737922362,0.5653974712021751,-0.024209248089944797,0.617583465655521,0.5905365081598899,-0.051570175326751864,0.5882062430656665,0.6242821841741429,-0.06560301353144808,0.753309755848351,0.6023649234833656,-0.005443352073822501,0.6760669614913987,0.5531094711179192,-0.04009408725671261,0.6234490940566809,0.5905527391780683,-0.057748812566615085,0.5940726325290473,0.6286804464146061,-0.06248818109851745,0.7823449243848677,0.6194331578052521,-0.026750311514670437,0.692334589911257,0.6365278092593587,-0.060986102162736804,0.688049433949514,0.7150381911405397,-0.06000398005799559,0.7045342990482467,0.760178904930163,-0.05045347591548391,0.80169351977912,0.6554816699203974,-0.04951213824095933,0.7234126900728581,0.6810232033476727,-0.07248173224858633,0.7149966163437012,0.7405069734082499,-0.06780965827317037,0.7278926194871287,0.7722430177523536,-0.05830158432042501,0.0,0.0,0.0,0.0,0.0,0.0,0.0,0.0,0.0,0.0,0.0,0.0,0.0,0.0,0.0,0.0,0.0,0.0,0.0,0.0,0.0,0.0,0.0,0.0,0.0,0.0,0.0,0.0,0.0,0.0,0.0,0.0,0.0,0.0,0.0,0.0,0.0,0.0,0.0,0.0,0.0,0.0,0.0,0.0,0.0,0.0,0.0,0.0,0.0,0.0,0.0,0.0,0.0,0.0,0.0,0.0,0.0,0.0,0.0,0.0,0.0,0.0,0.0,0.2935875242211713,0.416968219563697,0.022693844909899535,0.34819302109900824,0.4230423112685264,0.006951166215547478,0.43389618447795825,0.41868974406435705,-0.0008539405880348219,0.4896718833110224,0.40364570282524037,0.00539159870691923,0.3905043038712004,0.5282451878463262,-0.07027704829696857,0.392683173018927,0.5452765141434404,-0.03441548172930112,0.389585614993084,0.5107918450627792,-0.07605122461578888,0.38913701970573944,0.48688774322481815,-0.07249907531981853,0.3762430878881948,0.5119516043762851,-0.07357098794521397,0.4032642640019424,0.5100896869457001,-0.07535117885464626,0.3411669240896421,0.6103295669642343,0.018017391292998793,0.4543422853313971,0.6086671162715429,0.007688144018597078,0.3949682893237326,0.5863456171746245,-0.03244912245363017,0.39692445700159595,0.643663150384237,-0.013620773768287645,0.32883340455585175,0.615097963814829,0.020862735343322884,0.46935786111082445,0.6071712976152972,0.00892385005683185,no,2025-11-18T07:29:29.082428
0.7806879598714789,0.8617691191445414,-3.9955137283288596e-07,0.7154298223747104,0.8164039699230496,-0.004835167659056435,0.6652399826075912,0.7358609758963864,-0.012494389211746936,0.6252128763765818,0.6902972574534357,-0.025892956061855425,0.578516149647079,0.662616548651483,-0.039287785191959516,0.7114774033118135,0.6118745063058545,0.009422904063456514,0.6589875106628265,0.5641373843018016,-0.021733512264567354,0.6189599097171801,0.5618963704491924,-0.04631952667578419,0.5872353968757745,0.565164597297948,-0.06074555190706334,0.7463796582452967,0.6035636494190662,-0.00745150297154689,0.6767635477603935,0.5476785322603909,-0.040954682222864476,0.6254720722434894,0.5559029538804923,-0.0601421945444827,0.5899391733297245,0.5655660821340761,-0.06714967151692344,0.778778308120626,0.6182024444955826,-0.02810452425774673,0.6915246534112864,0.6303534968480784,-0.06373223689145752,0.6871004692330578,0.7118529731337464,-0.06275150133051528,0.7006683085722039,0.7606243099766019,-0.052550917145158985,0.8016478224734833,0.6526986229507687,-0.05041838140459164,0.7241708921937167,0.6796026046149679,-0.0744536572095364,0.716164668550116,0.7408482564203878,-0.06961244445249934,0.7290749461037328,0.7754821155465564,-0.05995463835555266,0.0,0.0,0.0,0.0,0.0,0.0,0.0,0.0,0.0,0.0,0.0,0.0,0.0,0.0,0.0,0.0,0.0,0.0,0.0,0.0,0.0,0.0,0.0,0.0,0.0,0.0,0.0,0.0,0.0,0.0,0.0,0.0,0.0,0.0,0.0,0.0,0.0,0.0,0.0,0.0,0.0,0.0,0.0,0.0,0.0,0.0,0.0,0.0,0.0,0.0,0.0,0.0,0.0,0.0,0.0,0.0,0.0,0.0,0.0,0.0,0.0,0.0,0.0,0.300314271711225,0.4214057589994541,0.018333977752890737,0.35527789666267096,0.4267004350808651,0.0038874363020104945,0.4402283730674551,0.4216596416578423,-0.001649779488604582,0.49607059226738864,0.40603325199398005,0.006061564912015337,0.399442406147026,0.5325740461784121,-0.06997352746488672,0.4009276155621979,0.5491788046810494,-0.03373267228056605,0.39851008395051385,0.515272352566027,-0.07598733372818253,0.39770137766598007,0.4914074491213355,-0.07280269329073621,0.385096030056692,0.5165428712417924,-0.07376490104467424,0.4120619941425804,0.5143130975145218,-0.07505058880147436,0.34840408496581105,0.613589792732758,0.018731287955616713,0.4614093798082614,0.6108458841378924,0.011310391026410793,0.4043495149354564,0.5897844454643721,-0.031055822004824978,0.4062478795885589,0.6474568755995282,-0.011019866201212876,0.33525751698758927,0.617876511814641,0.02129921480136401,0.4762185578690261,0.6075973215428628,0.012745347356947666,no,2025-11-18T07:29:29.234943
0.7805908480692844,0.8591312364941152,-2.027552092671087e-07,0.7165899474269792,0.8147846086816939,-0.007430259483671313,0.6640540921701134,0.7335820656592986,-0.015946347388432862,0.6208891711518529,0.6908705291898221,-0.029764513424881036,0.5731517494355848,0.6680382776826751,-0.04369193414828498,0.7066706143165056,0.6130813585873449,0.005366430825774003,0.6563556733039779,0.5618820115955572,-0.02236446044448899,0.6202689141233453,0.5426984660816824,-0.04452377048305849,0.5892444877693235,0.5266946561461893,-0.058905739199638776,0.7438181562539197,0.6027535115495904,-0.010873376574465157,0.6778883702070247,0.5430805991380079,-0.0432487461675512,0.6287820654510446,0.5340398231831508,-0.0627012912507894,0.5908818524424502,0.5267321563433747,-0.07089993486906505,0.7791516152457683,0.6160905642220498,-0.030418693618460196,0.6927490079285589,0.6255020431570867,-0.06741575165066574,0.6865131254799475,0.7084612575324494,-0.06603334448177642,0.6975451575896298,0.759372304181111,-0.055058832107258905,0.8041077456941391,0.6505108112140776,-0.051662238693094775,0.7261229598297685,0.6767287162479136,-0.07691747215373365,0.7168546419094116,0.7389539546128581,-0.07151386192046354,0.7289076999119128,0.7753952430683833,-0.06135338672676658,0.0,0.0,0.0,0.0,0.0,0.0,0.0,0.0,0.0,0.0,0.0,0.0,0.0,0.0,0.0,0.0,0.0,0.0,0.0,0.0,0.0,0.0,0.0,0.0,0.0,0.0,0.0,0.0,0.0,0.0,0.0,0.0,0.0,0.0,0.0,0.0,0.0,0.0,0.0,0.0,0.0,0.0,0.0,0.0,0.0,0.0,0.0,0.0,0.0,0.0,0.0,0.0,0.0,0.0,0.0,0.0,0.0,0.0,0.0,0.0,0.0,0.0,0.0,0.301093962919173,0.4241014850848253,0.01667796760497816,0.3563360575537476,0.4292287935807005,0.0026780568624867884,0.44148071123007765,0.4240947629981106,-0.0021741843024697485,0.4975054406439635,0.4078847340311239,0.005911915220749447,0.4021507807817573,0.5361513140418885,-0.06949893711687138,0.4035051079586731,0.5523691603170566,-0.03312080775523988,0.401166804332015,0.5188650357076046,-0.07563328478401314,0.40014318873285426,0.49486180895321535,-0.07264393599988318,0.38777109316002173,0.5202044941211861,-0.07349112415448206,0.4146105820274593,0.5177358963677345,-0.07462854129819621,0.3509610768781234,0.6160654571078036,0.018983990557181238,0.4625969329318178,0.6128365201023935,0.012560219918774235,0.4067114487757497,0.5922921608387229,-0.030196734222248247,0.40870803372261655,0.6505898491328482,-0.009936761686171528,0.3375296675599949,0.6206334143889184,0.021499187569406067,0.4778839084081993,0.6086475701494831,0.01407259447433174,no,2025-11-18T07:29:29.360305
0.780848153402852,0.8565527298155085,-1.16161770525067e-07,0.7173728147569619,0.8121450356640891,-0.008451118306624952,0.6635880750424237,0.7304114034560989,-0.017071577781342686,0.6189050595902087,0.6893571047857985,-0.030849568050030737,0.5708689600544776,0.6698586190030045,-0.044804184262858426,0.7040409307849618,0.6120600217161578,0.003797414118068481,0.6556734414054832,0.5588916502908816,-0.02260328761788153,0.6215884849528317,0.5319250937795954,-0.043728105039259696,0.5906691565547972,0.5072036389175161,-0.058026365867018904,0.7421437761841345,0.6009001987584226,-0.0122934641298396,0.6788537386313445,0.5379845952137641,-0.04434910025245484,0.6303771295845007,0.5205503245039442,-0.06399794241170298,0.5909948786767457,0.5053027320241501,-0.07257481729043233,0.7789349241771444,0.6139038941715718,-0.03150570931359316,0.6940054815948946,0.6203028823878696,-0.06933930895464348,0.6866986749473865,0.7040040059463242,-0.06788001756588134,0.6965274446795957,0.7562870434422553,-0.05637200494024806,0.8051966827149284,0.6483990666292251,-0.05242585130326774,0.727683715213041,0.6731866254178869,-0.07815606279662772,0.7172507395719543,0.7357907924233114,-0.07244211087923622,0.7285606838907404,0.7732563161352506,-0.06190385174591827,0.0,0.0,0.0,0.0,0.0,0.0,0.0,0.0,0.0,0.0,0.0,0.0,0.0,0.0,0.0,0.0,0.0,0.0,0.0,0.0,0.0,0.0,0.0,0.0,0.0,0.0,0.0,0.0,0.0,0.0,0.0,0.0,0.0,0.0,0.0,0.0,0.0,0.0,0.0,0.0,0.0,0.0,0.0,0.0,0.0,0.0,0.0,0.0,0.0,0.0,0.0,0.0,0.0,0.0,0.0,0.0,0.0,0.0,0.0,0.0,0.0,0.0,0.0,0.29923675811859834,0.4268681472894219,0.017314516639701166,0.35361990350984496,0.4316412116087325,0.0028605373391426547,0.43845599151076786,0.42670143971705765,-0.0028076809219299047,0.49444251474317774,0.4099618281704997,0.004752931363163923,0.39784683328104586,0.539094638954538,-0.06985311000884081,0.39946971396583253,0.555145582985219,-0.033145332956437304,0.39680508161508893,0.5218884879027067,-0.07606177644762105,0.3958166750758845,0.49784777936216673,-0.07311075196743655,0.38337435986107016,0.5232203651083073,-0.07381871607966908,0.41033340366364723,0.5207145203445881,-0.0751410471536147,0.34831430895259624,0.6177697254430161,0.019872515763932168,0.4595663000564164,0.615354021502918,0.01224056046708756,0.4031546361977961,0.5949740862100719,-0.030153953695036498,0.40504684933124846,0.65370096046654,-0.009449935340119122,0.3344059776980349,0.6233189061290143,0.02253107115407111,0.47470034820701407,0.6114037857137034,0.013749020294882956,no,2025-11-18T07:29:29.500033
0.7801303009045357,0.856133942708505,-9.916875081687913e-08,0.7165648837597829,0.8113493527967968,-0.007822385609799655,0.6626862129572317,0.7285971011115944,-0.016023868725400778,0.6178219279121697,0.6872605099715583,-0.029596497988166347,0.569140578822176,0.6687056940935585,-0.04346496171002914,0.7033731868451939,0.6106429156451425,0.004695885284626019,0.6548214838481884,0.55657750181933,-0.020784835924962875,0.6210821650971892,0.5263795016455808,-0.04156617227239455,0.5898017890470519,0.49789384025648753,-0.05600360218721638,0.7417491208343768,0.5994871982637938,-0.011850588767813773,0.6798130513854507,0.5365400838426914,-0.04335643900457291,0.6312689561992633,0.5156772206149329,-0.06301869611134236,0.590944729282068,0.49664226414439927,-0.07198906349665278,0.7786690435666911,0.612329370849061,-0.031460332584004526,0.6937240025371781,0.6169174445642198,-0.06926661546894275,0.6862887739093927,0.7009358487316002,-0.06745529820879059,0.6958718713914641,0.7533628966162235,-0.05576575892375734,0.8052544196960872,0.6470345614861519,-0.052716632002556454,0.7276014050785207,0.6686543054266864,-0.07809135384108387,0.7169895942198761,0.7315390126495677,-0.07166270365467357,0.7283402372223935,0.769305653547209,-0.06075763454953575,0.0,0.0,0.0,0.0,0.0,0.0,0.0,0.0,0.0,0.0,0.0,0.0,0.0,0.0,0.0,0.0,0.0,0.0,0.0,0.0,0.0,0.0,0.0,0.0,0.0,0.0,0.0,0.0,0.0,0.0,0.0,0.0,0.0,0.0,0.0,0.0,0.0,0.0,0.0,0.0,0.0,0.0,0.0,0.0,0.0,0.0,0.0,0.0,0.0,0.0,0.0,0.0,0.0,0.0,0.0,0.0,0.0,0.0,0.0,0.0,0.0,0.0,0.0,0.2956859238772237,0.4288614723263516,0.01848317062407317,0.350135460587854,0.4337263656157676,0.003326088809478628,0.4341508113166785,0.4289788520826118,-0.0034559087056308135,0.4901141187378608,0.41134879419122217,0.003462875583782064,0.3925703393480806,0.5405536652261704,-0.07003063231379045,0.39446242680141297,0.5565390991326852,-0.03329107270842991,0.3914455343530767,0.5234387782054275,-0.07622508265988383,0.39046020371168644,0.49958058385489623,-0.07323991887808168,0.3780862672403724,0.5247823322123568,-0.07385916022989993,0.4049566580438674,0.5222769076275096,-0.07542409236915049,0.3441724448558223,0.6198872960215264,0.02068665499046132,0.45570351428888173,0.6171364586121768,0.01166901724539366,0.3991600696114255,0.5979726838692724,-0.03037962375270204,0.4009897405311409,0.6558106903181852,-0.008975343689686416,0.3302138841012452,0.6244131006303488,0.02346989206860126,0.47046608558727165,0.6127720289271031,0.01308034319879517,no,2025-11-18T07:29:29.635189
0.7799754311567662,0.8541480029151503,-8.259415165420219e-08,0.7159433315054408,0.8096802038947363,-0.008241609480556862,0.6621568720044337,0.7272844893432575,-0.016632271945825026,0.6169158796703488,0.6865131564159092,-0.030346193226904638,0.5678020544429025,0.6682077905606495,-0.04440590332570339,0.7023548747393542,0.6098430780961613,0.004206215930548078,0.6536051772821416,0.5557203283537415,-0.020809253508974966,0.6201808344597579,0.5237051724517424,-0.04125833959898872,0.5888013843306549,0.4925137312129911,-0.055767432769328405,0.7406769459858071,0.5984913770707396,-0.012312229629152582,0.6786368907306435,0.5353043341424151,-0.04342374480278923,0.6304034779146188,0.5126271282594318,-0.06290326347048136,0.5899605264433259,0.49120657266019707,-0.07204238900306997,0.7776679914126332,0.6113247608506323,-0.03189309634845501,0.6930662523195381,0.6149919397122247,-0.06962223259542566,0.686610549636276,0.698977504262727,-0.06774232859591522,0.6967863945561295,0.7510523212825075,-0.05620500059031858,0.8042093018947813,0.6459498881554142,-0.053164765518885916,0.7269755582483363,0.6679416510901894,-0.07859148118270319,0.7171357063048843,0.7305575319423834,-0.07228690857763434,0.7291546309402983,0.7678528463716117,-0.06165535251756382,0.0,0.0,0.0,0.0,0.0,0.0,0.0,0.0,0.0,0.0,0.0,0.0,0.0,0.0,0.0,0.0,0.0,0.0,0.0,0.0,0.0,0.0,0.0,0.0,0.0,0.0,0.0,0.0,0.0,0.0,0.0,0.0,0.0,0.0,0.0,0.0,0.0,0.0,0.0,0.0,0.0,0.0,0.0,0.0,0.0,0.0,0.0,0.0,0.0,0.0,0.0,0.0,0.0,0.0,0.0,0.0,0.0,0.0,0.0,0.0,0.0,0.0,0.0,0.2932827804400843,0.42935830519489115,0.01950805789753587,0.3475494012696121,0.4341496056565853,0.004220684135833555,0.4311398547302234,0.42914191963738285,-0.0029486317500292828,0.4874567221020084,0.4122070989455485,0.0036486355101760562,0.38996220762837075,0.5409161925641045,-0.06994736328557259,0.39201534802709503,0.5570871138153812,-0.03354913421574335,0.38875133639803494,0.5237618519284889,-0.07600247640617863,0.3876807891450812,0.4999710728150519,-0.07286530178308648,0.37543783998863256,0.5251983863267442,-0.07360352828370453,0.40222957201719584,0.5225871053659551,-0.07524753106478421,0.34148080493790567,0.6212858873906459,0.020315804826988207,0.453673237299432,0.6179044147614107,0.010765848616769744,0.39673035462039474,0.5991046988777666,-0.030932413703138015,0.39876778395995216,0.6565990032725721,-0.009984156537983,0.3281223225523697,0.6258862752468913,0.02309313170557052,0.4687083404830737,0.6136499252339678,0.012080881076315567,no,2025-11-18T07:29:29.760120
0.7782285893920122,0.854226843740824,-8.516513168164677e-08,0.7156627451308484,0.8108428618808399,-0.007780506413592406,0.6623185535521131,0.7286645463455179,-0.01582503319549104,0.6178822805601194,0.6875731203565447,-0.02934378798441637,0.5689533565232854,0.6691984663939112,-0.043310360812260036,0.701578570668551,0.61027130625618,0.00503194353794891,0.6528852056855197,0.5563134248370423,-0.019625511867369144,0.6190057342884422,0.5230306028884688,-0.039844867222118,0.5874980689887528,0.4909775630094496,-0.05415202909220758,0.7398901912279194,0.5984530182854308,-0.011658479878452204,0.6777768642114521,0.5357653927696786,-0.042300736042418255,0.6294085477627751,0.512076558419114,-0.06149691941884683,0.5890322084311661,0.48992701679884854,-0.07038410667957454,0.7772127350633112,0.6108282076996386,-0.0313985065772188,0.6925703053914127,0.616949874484866,-0.06901410176323941,0.6861286908127822,0.7002404501484838,-0.06719684762348671,0.6962909056940498,0.7521827823358186,-0.055550064822551676,0.8046066512792693,0.645063066445566,-0.052782688429942756,0.7274410714940107,0.6669003175418599,-0.07783860729819975,0.717642356335807,0.7295695994443973,-0.07118568805394244,0.7296327573265334,0.7673172968563838,-0.060223163418272496,0.0,0.0,0.0,0.0,0.0,0.0,0.0,0.0,0.0,0.0,0.0,0.0,0.0,0.0,0.0,0.0,0.0,0.0,0.0,0.0,0.0,0.0,0.0,0.0,0.0,0.0,0.0,0.0,0.0,0.0,0.0,0.0,0.0,0.0,0.0,0.0,0.0,0.0,0.0,0.0,0.0,0.0,0.0,0.0,0.0,0.0,0.0,0.0,0.0,0.0,0.0,0.0,0.0,0.0,0.0,0.0,0.0,0.0,0.0,0.0,0.0,0.0,0.0,0.29043841530453773,0.4323094048395339,0.020244976351781643,0.34442661332401503,0.4366067263607786,0.004560186333273437,0.4282905003135675,0.4306777024391596,-0.003200047991043308,0.4842386459516695,0.4138191502017629,0.003079324517309484,0.3871902283793099,0.5421341598196499,-0.07010117240168218,0.3894552936901375,0.5583591711311708,-0.03364877056630006,0.38589966717477125,0.525000832151302,-0.07615632081631907,0.3847912352841342,0.501284500431116,-0.07300289815425953,0.37255907762237567,0.5264899960236321,-0.07368805013232888,0.39944088194728045,0.5237858517628726,-0.07546724996389731,0.33935124350479573,0.6214410224707289,0.02060819106686782,0.4514534889337965,0.6181446860374742,0.010195821491385914,0.39252610067197563,0.5996692758705392,-0.031130206915703604,0.39527002708129444,0.6572818250444129,-0.010108371010141164,0.32610860705026323,0.6275014052168295,0.023479256480658205,0.46694867519396754,0.6148535413752236,0.011469190140445791,no,2025-11-18T07:29:29.886554
0.779446099448356,0.856343158198537,-2.840040974956741e-07,0.7170594471160529,0.8125321220109766,-0.004997730324126039,0.6666129658744147,0.7312657381767262,-0.01282216422641049,0.625714703903488,0.6874611901049539,-0.026482392304323855,0.5785577105377963,0.6635060673224744,-0.040366914969242274,0.7087470060908063,0.6106483198303605,0.007908419348626527,0.6611613070663926,0.5575497297105438,-0.021691775372905002,0.622292664927119,0.5391834199211021,-0.045349227454566765,0.5869719983043434,0.528107393555735,-0.059696582374520614,0.745187567308906,0.6004260943420715,-0.009031106461657477,0.6819868937336863,0.5390125131553929,-0.04188477316625822,0.6309708701986788,0.5330994137863545,-0.06072508656753861,0.5916991708221047,0.5307435806116435,-0.06796638252527311,0.7803063373001797,0.6133486860832482,-0.029481832740408793,0.694813239834836,0.6207736225547041,-0.06628116197371031,0.6892365589607734,0.7007308388971789,-0.06426348431701431,0.7015036321778507,0.750754207692415,-0.052633447538076375,0.8063364202841812,0.6467440545374039,-0.051428116928036526,0.7285791928686637,0.6680954896768443,-0.07528730490151267,0.7189578957258106,0.7292603479895632,-0.06867818652360475,0.731185536692823,0.7655900427667996,-0.057690829660643816,0.0,0.0,0.0,0.0,0.0,0.0,0.0,0.0,0.0,0.0,0.0,0.0,0.0,0.0,0.0,0.0,0.0,0.0,0.0,0.0,0.0,0.0,0.0,0.0,0.0,0.0,0.0,0.0,0.0,0.0,0.0,0.0,0.0,0.0,0.0,0.0,0.0,0.0,0.0,0.0,0.0,0.0,0.0,0.0,0.0,0.0,0.0,0.0,0.0,0.0,0.0,0.0,0.0,0.0,0.0,0.0,0.0,0.0,0.0,0.0,0.0,0.0,0.0,0.2848848112899642,0.4328815717644783,0.022747742866537947,0.3385172095264637,0.43688267037891376,0.005651516044171943,0.4228941570075986,0.4310591620268079,-0.004390582845914353,0.4785208659970368,0.41435457074258986,0.0005435524619667813,0.37942479832795295,0.5416381925425764,-0.06984845954883875,0.3824461276704929,0.5577824538841432,-0.03350552557186062,0.37806105823872227,0.5246067750806254,-0.07588526737990026,0.3771896263739092,0.5010232431049624,-0.07274278300881426,0.36489314192626965,0.5260674174167996,-0.07316734518673748,0.39162990318715646,0.5234483591547517,-0.0754493505826681,0.3345433805033134,0.6214505513087591,0.02189421312207317,0.44598316245662906,0.6183340226680901,0.008330067137879836,0.3851575904074752,0.5997892907215245,-0.03109182471184293,0.3882248587211587,0.6578733072174885,-0.009717847093053952,0.3217082184535679,0.6266901676543437,0.02507307738052018,0.4612082774830769,0.6149920723443348,0.009453612212652843,no,2025-11-18T07:29:30.037853
0.7804536989570423,0.8581419031387277,-4.366538610304462e-07,0.7177730568977176,0.8135165845726879,-0.0034697611462730935,0.6692878817580844,0.7325034511920924,-0.010753495620607189,0.6305610758592147,0.6857601963880025,-0.024083193492483466,0.5844839715408707,0.6563856485122351,-0.03748057266153726,0.7169566336434714,0.609598003680439,0.011297081884160237,0.668610544785714,0.5598656906513992,-0.021074388387939565,0.6255896823018163,0.5535079747329662,-0.04686726546103945,0.5883056819887043,0.5568847600484363,-0.061445581375334415,0.7510840230362432,0.6007360600475464,-0.005875058576873636,0.6855059988897771,0.5408914792511126,-0.03991124254528636,0.6326641612956285,0.5492472652961924,-0.05868001152462643,0.5949703096122547,0.5619923976819203,-0.06495010086492098,0.7834536423401228,0.6143299159328595,-0.027017441979399627,0.6978591622224106,0.6236805365295035,-0.06362445454787982,0.6933145113224277,0.7018290353429071,-0.06227719544765835,0.7070320833275423,0.7500765176226052,-0.05121571289512442,0.8073067454032448,0.6475372224953713,-0.04955474104508535,0.7297671583850154,0.6689035993496831,-0.0734546669241946,0.7200223777144372,0.729790400816681,-0.06754102616890686,0.7317279781452244,0.7654802952691268,-0.05694560365187609,0.0,0.0,0.0,0.0,0.0,0.0,0.0,0.0,0.0,0.0,0.0,0.0,0.0,0.0,0.0,0.0,0.0,0.0,0.0,0.0,0.0,0.0,0.0,0.0,0.0,0.0,0.0,0.0,0.0,0.0,0.0,0.0,0.0,0.0,0.0,0.0,0.0,0.0,0.0,0.0,0.0,0.0,0.0,0.0,0.0,0.0,0.0,0.0,0.0,0.0,0.0,0.0,0.0,0.0,0.0,0.0,0.0,0.0,0.0,0.0,0.0,0.0,0.0,0.28151769978198316,0.4317411670658634,0.024661095308791587,0.33460188937016544,0.4357319154621314,0.00667122828105206,0.41935132793350205,0.42975348741122343,-0.004869276161023969,0.47569766430077975,0.41297756534623237,-0.0009051554315016128,0.37398194662643985,0.5412524327676413,-0.06991952860707433,0.377515622743709,0.5573329839058014,-0.03360444313921419,0.37255083129583666,0.5242381745753011,-0.07591877198369326,0.37182533248169336,0.5006082108793397,-0.07273284369647523,0.3594389426414872,0.5256865827013197,-0.07303036687804625,0.38622495465964113,0.5231080408807054,-0.07565079038694944,0.3312023894808971,0.622415784973685,0.022502840651543614,0.4420506611137973,0.6185284095541073,0.007001301964125389,0.37972168887572705,0.6002942766225878,-0.031347241521618566,0.3834584597150792,0.6575343780464579,-0.009786031610820837,0.3182641050210802,0.6270673962775808,0.025901495404472986,0.45735174096588843,0.6158710073235194,0.008036089977530083,no,2025-11-18T07:29:30.170699
0.7821275080860041,0.8597337921741459,-5.757784708822606e-07,0.7173361067340761,0.8141112762379126,-0.003994650515748002,0.6703975903522326,0.7319660669981001,-0.01125877816325369,0.6346649340058097,0.6818100195826273,-0.024311461536383316,0.5907771539413643,0.6489884497043445,-0.037196430589148566,0.7194799573799785,0.605019282725916,0.010813785394735435,0.6642545023485302,0.5594790465547951,-0.023529595801304398,0.6200321086451098,0.5702055647914861,-0.05017064842489953,0.5872598439679086,0.5904074879420038,-0.06438825029073841,0.7535943057724246,0.5981557559492188,-0.005714097811113644,0.6822729472121463,0.5456710213409494,-0.04073894320460138,0.6292876389478326,0.5696940722251989,-0.05923084663543543,0.5954474031314753,0.5962644173582636,-0.0646613760719468,0.7845798427917655,0.6136011092325278,-0.02650655500161216,0.6976065606529839,0.6258904956683925,-0.06272341025864965,0.6942894849893694,0.7047190463846799,-0.062026238736497784,0.7101449364696794,0.7521147654259877,-0.05183567711220645,0.8063409818973316,0.647654767329839,-0.04878408742956706,0.7285146488526945,0.671225761457297,-0.07311734000430312,0.719744591586253,0.7318913993009339,-0.06847625255278954,0.7319980365808519,0.7656719761334037,-0.058735050416526616,0.0,0.0,0.0,0.0,0.0,0.0,0.0,0.0,0.0,0.0,0.0,0.0,0.0,0.0,0.0,0.0,0.0,0.0,0.0,0.0,0.0,0.0,0.0,0.0,0.0,0.0,0.0,0.0,0.0,0.0,0.0,0.0,0.0,0.0,0.0,0.0,0.0,0.0,0.0,0.0,0.0,0.0,0.0,0.0,0.0,0.0,0.0,0.0,0.0,0.0,0.0,0.0,0.0,0.0,0.0,0.0,0.0,0.0,0.0,0.0,0.0,0.0,0.0,0.26974446347551,0.43147208738196124,0.03438243524110863,0.3198356530657819,0.435427023881731,0.011854529763952466,0.40312487806758873,0.4301603759840541,-0.007023665340010819,0.4607573737105629,0.41306752911114264,-0.007505810001876228,0.3504063158825711,0.539244889469987,-0.0699357512312849,0.35627153951363916,0.5559436635646866,-0.03410115841347917,0.3487152536997143,0.5223093953816752,-0.07571634683087976,0.34875282398811536,0.49903451160479284,-0.07225620758503686,0.33613606630289083,0.5237805648530097,-0.07198697670317375,0.36256591942653077,0.521432745253814,-0.07626167761959357,0.3158172526370626,0.6224474330637773,0.025270696341232298,0.42416879309561784,0.619989446676544,0.0002913776511954038,0.35939710718848916,0.6010588032740625,-0.03245222023166309,0.3638357491990084,0.6584745433304036,-0.011483795210497652,0.3033646236355706,0.62728634935339,0.029545058924670537,0.43991851646187186,0.6187285160423597,0.0006647603168623848,no,2025-11-18T07:29:30.371836
0.7817696673482846,0.8599750260652529,-6.35245555148745e-07,0.7166361751340822,0.8141445436918475,-0.003976440676963795,0.6711606138711846,0.7325985673277854,-0.011573391501337005,0.6384409572315578,0.6808692803830495,-0.02490185436521753,0.5966266965728855,0.6458336532770075,-0.03799046540031292,0.7209767297695486,0.6029086765783358,0.01034013724610572,0.6628261883519232,0.5593678001023488,-0.02530861977193287,0.6181889955304407,0.5781320013078677,-0.05272414141847489,0.5875131264440984,0.6065639839536069,-0.0669631088671023,0.7548712922428255,0.5969483351470032,-0.0062143571238124605,0.6812684120635621,0.5472246584289586,-0.04205518177912621,0.6282099379526913,0.5790502579105425,-0.06055980236427705,0.5960862248830747,0.6133719957808774,-0.06560231739927182,0.7851138559509365,0.6134828134606395,-0.027156370093760714,0.6977761373249356,0.6273338806085493,-0.06315019211667719,0.6949078338204446,0.7058659392747222,-0.06263971268981071,0.7115165886419441,0.7523619793755152,-0.0528133280997796,0.806085789887417,0.6484027184522883,-0.04960953771080766,0.7285223192860426,0.6723703618268235,-0.0739661092042218,0.7200510048232779,0.7328577963892823,-0.06957970946874326,0.7323340526608484,0.7658548095445918,-0.06001222513940802,0.0,0.0,0.0,0.0,0.0,0.0,0.0,0.0,0.0,0.0,0.0,0.0,0.0,0.0,0.0,0.0,0.0,0.0,0.0,0.0,0.0,0.0,0.0,0.0,0.0,0.0,0.0,0.0,0.0,0.0,0.0,0.0,0.0,0.0,0.0,0.0,0.0,0.0,0.0,0.0,0.0,0.0,0.0,0.0,0.0,0.0,0.0,0.0,0.0,0.0,0.0,0.0,0.0,0.0,0.0,0.0,0.0,0.0,0.0,0.0,0.0,0.0,0.0,0.2644634285131914,0.43143595480853436,0.036796280522528035,0.3141232084031607,0.4366876552075434,0.012639292707391368,0.3971523539517402,0.4303408426799085,-0.008865899515035002,0.45506413228317605,0.4125749814058521,-0.010984475781215367,0.3430945411123671,0.5412267442802816,-0.06888218088536062,0.3500102184138554,0.5576308646039986,-0.03351130338171593,0.34126352172538355,0.524243073020809,-0.07462844641544178,0.3414571868973551,0.5007617709829841,-0.07128973311170941,0.3289049085901356,0.5256738565308139,-0.07063369623828274,0.3550864679949731,0.5233204900204007,-0.07548370623428485,0.31088537764604596,0.6234957585679451,0.02731061241737795,0.4189287561841157,0.6203180213157196,-0.0013842757927871362,0.35268391362060414,0.6017991713056103,-0.03174190323073213,0.357921420122194,0.658907998918162,-0.010665463384130137,0.3004295622555218,0.6277935378835584,0.03183175877666251,0.43539170840622127,0.6191534089744727,-0.0013122201407558122,no,2025-11-18T07:29:30.511061
0.7823716572329497,0.8609019746453279,-6.72438005439774e-07,0.7169012696635224,0.8149282295924295,-0.003834682943071658,0.6721042868378597,0.7337218047782421,-0.011236471822723604,0.6407869709348859,0.6808184082731898,-0.02437699145036332,0.5998558092048693,0.6446154624550778,-0.037269877089905035,0.7215869225954219,0.6025980739363694,0.010745624465422654,0.6613318661581546,0.5606750966835596,-0.025082684846984997,0.6162543388258588,0.584427817537021,-0.05245452177501618,0.5870678313132509,0.6180688433829009,-0.06642875199004682,0.7553279317068162,0.5968254554152985,-0.005768170651565206,0.6801760883083161,0.5481300143894213,-0.04120327885829403,0.6275880283826262,0.5829650834745431,-0.05948238291391095,0.5967981621470427,0.6206170160045287,-0.06432403621399824,0.7853341026866957,0.613516797832157,-0.026724605987637155,0.6977897577150496,0.6269672220673514,-0.06238924454399915,0.6952152498989613,0.7057113447861343,-0.062174386977401234,0.7121445982226444,0.7527376245907117,-0.05266592430200791,0.8060589853367749,0.648775859548486,-0.049177979821990896,0.7283654603804023,0.6717968819250695,-0.07374114962812714,0.7196196388881557,0.7323107882531585,-0.06971987157983633,0.7314203854097852,0.7661100496163511,-0.060341632032527875,0.0,0.0,0.0,0.0,0.0,0.0,0.0,0.0,0.0,0.0,0.0,0.0,0.0,0.0,0.0,0.0,0.0,0.0,0.0,0.0,0.0,0.0,0.0,0.0,0.0,0.0,0.0,0.0,0.0,0.0,0.0,0.0,0.0,0.0,0.0,0.0,0.0,0.0,0.0,0.0,0.0,0.0,0.0,0.0,0.0,0.0,0.0,0.0,0.0,0.0,0.0,0.0,0.0,0.0,0.0,0.0,0.0,0.0,0.0,0.0,0.0,0.0,0.0,0.26398252142269524,0.43191840362516104,0.03486025955745714,0.3145399069187892,0.4374823455795789,0.011667678228441768,0.39908763251175877,0.43029821727463136,-0.008178653249831126,0.4565048885693377,0.4118284010661234,-0.00920870670164284,0.3471082813937385,0.5412938890983775,-0.06917676261856456,0.353507057921184,0.5578481097140324,-0.03362912499238785,0.3452629988463954,0.5242693207434977,-0.0749605280237285,0.34515148339656876,0.5006995617247837,-0.0716224499344081,0.33271320744982247,0.525800908701732,-0.071154852320792,0.359053905970715,0.5232556730001601,-0.0756226947597606,0.3126800695660497,0.6248418991738041,0.02613636888172126,0.4219916531775071,0.6202151010127792,-0.000345931156615869,0.3560557275574868,0.6018281187300452,-0.031988934181722724,0.361474811327958,0.6588690823905996,-0.010419156452585527,0.30269642647344874,0.6291976508044196,0.030566431921898205,0.4382091980141458,0.6190403544754108,-9.031976770927435e-06,no,2025-11-18T07:29:30.641952
0.785616078545903,0.861570816738939,-6.886579767249408e-07,0.7204314008897293,0.8148544410577352,-0.0033852059663065943,0.6754210828186491,0.7328304410777807,-0.010310337762467491,0.644615394513616,0.6797061411254255,-0.02297433524557646,0.6052948379482292,0.6437742665573576,-0.035301026798212176,0.7247519392716489,0.6038472070579064,0.010298517725207817,0.66535018581803,0.5601905644798566,-0.025316840865844317,0.621098969978649,0.5847406307228562,-0.052223551034812625,0.5930460039554231,0.6203921284766525,-0.06552079009257095,0.7587628323161156,0.5988566452205429,-0.005896804657091802,0.6847302362794785,0.5493908717481621,-0.040725538412148723,0.6329322430845932,0.5856992937895786,-0.05820235345785002,0.6030034027917373,0.626496038758261,-0.0622961055354497,0.7892200610918068,0.6158474933164844,-0.026438471478804404,0.7034232463769035,0.6297351869804836,-0.06129915883515761,0.7011546317949549,0.7074603934624031,-0.06080456249378466,0.7177989407662905,0.7560062026704932,-0.051059004674984095,0.8108779998342963,0.6509921470651213,-0.04842954769483754,0.7340131895465092,0.6728766678626354,-0.07196390838621285,0.7238512968858656,0.7328995845810623,-0.0675177714224808,0.7334977326638464,0.7683548862392974,-0.057883978840775466,0.0,0.0,0.0,0.0,0.0,0.0,0.0,0.0,0.0,0.0,0.0,0.0,0.0,0.0,0.0,0.0,0.0,0.0,0.0,0.0,0.0,0.0,0.0,0.0,0.0,0.0,0.0,0.0,0.0,0.0,0.0,0.0,0.0,0.0,0.0,0.0,0.0,0.0,0.0,0.0,0.0,0.0,0.0,0.0,0.0,0.0,0.0,0.0,0.0,0.0,0.0,0.0,0.0,0.0,0.0,0.0,0.0,0.0,0.0,0.0,0.0,0.0,0.0,0.2813926572243328,0.4339957789181027,0.021595504918292846,0.33594781038154425,0.4365023615352881,0.005295483152313229,0.4210654620402574,0.42682490156982605,-0.003096494268782996,0.47528179349254696,0.4073779594785268,0.002918264115926341,0.38086323774848974,0.5392951815391638,-0.07017274167038152,0.38406684304083033,0.5558043787438876,-0.03377057705486683,0.37923171843450443,0.5221310447539969,-0.07621730775022942,0.37790538339807533,0.4984251468825945,-0.07305375301834197,0.3659985318016553,0.5240832393850456,-0.07367893909913387,0.39288505721433087,0.5205277338370399,-0.07558688996692216,0.3368701954485369,0.6241206976261476,0.02032567718801844,0.44771926449406513,0.6146524463937645,0.009098142967055014,0.38790948239770856,0.59889502354883,-0.031222677107946437,0.3924802091183781,0.6566817137893702,-0.010607155996347104,0.3241059282235255,0.6288698284100986,0.023348313926249184,0.4633614530643849,0.6117162328884165,0.010398500593745922,no,2025-11-18T07:29:30.775555
0.7885704232107872,0.863014361015725,-6.983413882015912e-07,0.724527037915873,0.8159531642849711,-0.004239874532854988,0.6795785247505416,0.7339580238263965,-0.011596715019609743,0.6492280575835749,0.6806591971572562,-0.024453731547935287,0.6107905876619351,0.6440112866543044,-0.03685408500180823,0.7292344519966643,0.6051315970363385,0.00891993088031233,0.6701829666825898,0.5611657530498648,-0.02728729084562949,0.6257517509671839,0.5867047865871666,-0.05452271501714215,0.5979786487310227,0.6240312380836174,-0.06785860874872574,0.7636239209931865,0.6003488090604667,-0.006750261545310471,0.6901383124527886,0.5507297910376553,-0.04168051010837901,0.6384371207831718,0.5873530674861437,-0.05910802686723163,0.6090533535889381,0.6295151819405471,-0.0631850799479197,0.7943193744561207,0.6175264542826776,-0.026827018982462314,0.7091844899620571,0.6293651537529219,-0.061706628006569966,0.7059822591252454,0.7076060424019016,-0.06106231633555066,0.7219202480854767,0.7580443429810596,-0.05119436272016817,0.8164248869677768,0.6529363055710586,-0.04844035714741324,0.7395073720178225,0.6746379792121557,-0.07215331599711491,0.728288041345307,0.7343049835213051,-0.06794118091444933,0.7367838590267779,0.7703983453241623,-0.058403093843195426,0.0,0.0,0.0,0.0,0.0,0.0,0.0,0.0,0.0,0.0,0.0,0.0,0.0,0.0,0.0,0.0,0.0,0.0,0.0,0.0,0.0,0.0,0.0,0.0,0.0,0.0,0.0,0.0,0.0,0.0,0.0,0.0,0.0,0.0,0.0,0.0,0.0,0.0,0.0,0.0,0.0,0.0,0.0,0.0,0.0,0.0,0.0,0.0,0.0,0.0,0.0,0.0,0.0,0.0,0.0,0.0,0.0,0.0,0.0,0.0,0.0,0.0,0.0,0.2905264911373434,0.4352059491275923,0.015200006701596422,0.34593325792247687,0.43610772204362214,0.002140376304241864,0.43199165781704185,0.4248549958412561,-0.0010379030854295009,0.485079610654469,0.404145852321699,0.008129750953404465,0.39726119655864733,0.5389968677890826,-0.07004135085094546,0.39908478808802683,0.5553696190098527,-0.03350664908272459,0.39567875725707,0.5218777751369319,-0.0761793437619231,0.39370777442551624,0.4981378867948357,-0.07312511932848022,0.38225632678625704,0.5241456243140286,-0.07421743798008604,0.40913955772093497,0.5199049480132618,-0.07496132566759842,0.34939414361126186,0.6237188802404572,0.017645300690968573,0.45999463819796027,0.6119394260071698,0.013299931131516781,0.4037048421691225,0.5957506648124399,-0.03072846879626133,0.4076982511313021,0.6542301760761273,-0.009950768215102272,0.33573569848199436,0.6296832247709978,0.020085297144248802,0.4755536074678614,0.6081254294477483,0.015083205417913305,no,2025-11-18T07:29:30.904503
0.7921730673735974,0.8642152352888226,-7.008740574223717e-07,0.727331895022237,0.817446723076476,-0.00374452076593361,0.6829839258998984,0.7354153782328546,-0.010801675234718231,0.6534525857967161,0.6816490403739772,-0.02354692309903278,0.6146712189904219,0.6450361747335548,-0.03589835038953117,0.7330904875931045,0.6051038656206015,0.010662526755305234,0.6738914368019883,0.5618615463590694,-0.025636754671393293,0.6293331470595197,0.5886351148130535,-0.05312515770641081,0.6014011190279869,0.6265289745353542,-0.06663084138741676,0.7670229812046774,0.6001383258387508,-0.005443408686732279,0.6931550663082577,0.5502697128615859,-0.040559762599422275,0.6411509656249691,0.5876083159887078,-0.05841708582894052,0.6116054555382129,0.6296288723556953,-0.06262649921368116,0.7972122644852166,0.6173442217473568,-0.026020673240866377,0.7117688170654555,0.6291437187011832,-0.061075668460067324,0.7080762640688483,0.7075906519973834,-0.060920917857344804,0.7239198665888199,0.7567010724476373,-0.05129447225745347,0.8186689816842668,0.6529141495468513,-0.048097016959765426,0.7422808383087922,0.6748215287639453,-0.07201845623850382,0.7317303949554904,0.7346522902969532,-0.06803239487102014,0.7410996838869394,0.7696949972375053,-0.058536602421866646,0.0,0.0,0.0,0.0,0.0,0.0,0.0,0.0,0.0,0.0,0.0,0.0,0.0,0.0,0.0,0.0,0.0,0.0,0.0,0.0,0.0,0.0,0.0,0.0,0.0,0.0,0.0,0.0,0.0,0.0,0.0,0.0,0.0,0.0,0.0,0.0,0.0,0.0,0.0,0.0,0.0,0.0,0.0,0.0,0.0,0.0,0.0,0.0,0.0,0.0,0.0,0.0,0.0,0.0,0.0,0.0,0.0,0.0,0.0,0.0,0.0,0.0,0.0,0.29156391905347395,0.4361461166441032,0.012974666394565425,0.34795536070314365,0.43655325329285294,0.0007767833277876667,0.43424365977628826,0.4239429394575314,-0.0010320730284248945,0.487108019147692,0.40320882975772754,0.008930971202149172,0.4009833157981301,0.5400014184183145,-0.0697657204317479,0.4023683724423365,0.5559130328287484,-0.032993591624411116,0.39939217201213334,0.5229602205476682,-0.07603535592651475,0.3972053489809084,0.4990746654433163,-0.0731521821617987,0.3859123278218395,0.5253192292026075,-0.07422463187451682,0.4128291378625808,0.5207387689437647,-0.07466363094364532,0.35121238280836226,0.6238314621768082,0.017310235346178086,0.4628964335885355,0.6106732764553519,0.014811914559560461,0.40651545933834543,0.5952233250648351,-0.029939892764214764,0.4106859452143937,0.6539020233675009,-0.009210526483825006,0.33823038137982164,0.6295917473304147,0.01962172779778377,0.477716552974806,0.6066010500472079,0.01676151458974784,no,2025-11-18T07:29:31.027913
0.7946489948245703,0.8651454351225912,-7.038943809868404e-07,0.7288059385561168,0.8182095063193506,-0.004355451584430146,0.684519137422758,0.7366365388135403,-0.011964720426491453,0.6557648830911529,0.6820811684890669,-0.025139673686559866,0.6171607020493033,0.6454345950877247,-0.03784303750183727,0.7351065414516578,0.6052759962067547,0.009506402968750449,0.6758915542297752,0.5618136085677183,-0.027147144881217906,0.631476257567922,0.5888569494010031,-0.054882695775464736,0.6036244772843792,0.6268298010837476,-0.06854484284575077,0.7693482408712748,0.6006243623040648,-0.006331399116697424,0.6949197134062041,0.5520502278487922,-0.041448550985432535,0.6429295313030088,0.5897270333987118,-0.05937044708557946,0.6134668539268671,0.631530421714423,-0.06383333145474669,0.7996520209049466,0.6182614074530394,-0.026659228441936828,0.7143115158668647,0.6314185876754818,-0.06151136367317846,0.7103037961350711,0.7093814971488992,-0.06137914092275294,0.7258933177128974,0.7582376402582425,-0.05197718748954846,0.8210134010975656,0.6543475901008793,-0.0485712283846631,0.7447939204265976,0.6768101319528497,-0.07228800494372625,0.733920243082451,0.7361404943229761,-0.06838832970703831,0.7429755173356205,0.771067536555917,-0.05904596031420767,0.0,0.0,0.0,0.0,0.0,0.0,0.0,0.0,0.0,0.0,0.0,0.0,0.0,0.0,0.0,0.0,0.0,0.0,0.0,0.0,0.0,0.0,0.0,0.0,0.0,0.0,0.0,0.0,0.0,0.0,0.0,0.0,0.0,0.0,0.0,0.0,0.0,0.0,0.0,0.0,0.0,0.0,0.0,0.0,0.0,0.0,0.0,0.0,0.0,0.0,0.0,0.0,0.0,0.0,0.0,0.0,0.0,0.0,0.0,0.0,0.0,0.0,0.0,0.2762998297144964,0.4373546125441585,0.022458869014071386,0.3304405881427095,0.4395366229414017,0.005249760927274599,0.41589244236640033,0.42868245443564434,-0.004830197885652142,0.4708866611889888,0.4082207122430987,4.141419599164482e-05,0.3741199583274556,0.5442110728356373,-0.06932604122397446,0.3778107492933728,0.5599572369153203,-0.03286786156292368,0.3724274557398771,0.5272720330815276,-0.07550853386569077,0.37117153216028453,0.5033893722972349,-0.07257228973507415,0.3593652540722433,0.5293530278589027,-0.0727641599321143,0.38605714193029095,0.5254140736503492,-0.07506991889136497,0.332713827736693,0.6265142616193337,0.02194218694906427,0.4422978595478688,0.6164146502172694,0.008353010998626523,0.3809853246408295,0.6005721775546954,-0.030086253335239534,0.386158326596798,0.6589865532181742,-0.009262940151031393,0.3201840271404876,0.6317792158359227,0.025272108519274673,0.4574307589541007,0.613751466347838,0.009593489346373107,no,2025-11-18T07:29:31.180385
0.7934642383561938,0.8653007398982555,-6.874051878736377e-07,0.7283107535016149,0.8180131203166577,-0.004994968897015655,0.6844216711722402,0.7351243890871748,-0.013035259085889435,0.6548792448292678,0.6800594655654868,-0.026550728398827647,0.615646404176736,0.6427065913575678,-0.039668282546532874,0.7357796200796192,0.6061191895000906,0.008950424130701051,0.6764023780193523,0.5622032363021392,-0.028046171581908676,0.6319408587243754,0.5880583296180277,-0.05594454047641931,0.6037680875744558,0.6244476726060828,-0.06970636573759363,0.7696035091971578,0.6016374427448974,-0.006756831210122761,0.6954373161337966,0.5519584988197208,-0.04305074491410299,0.6428824549749297,0.5890673047414243,-0.06150412007484844,0.6130215500942319,0.6302457539938082,-0.06602809845852492,0.7995212578642013,0.6190225236804381,-0.026956295861712623,0.7133717713649814,0.6320412466480283,-0.06285023867486322,0.7083852056675569,0.7113546611091633,-0.0627108955429633,0.7237553293772312,0.7605074247700819,-0.05288720135643042,0.8205584636064915,0.6547363656223391,-0.048750502690518616,0.7449086451078606,0.6764258377182919,-0.07313714841455111,0.7348430885364647,0.7367808246494336,-0.06909182010216113,0.7451239447907045,0.7717029038484846,-0.059410904127922354,0.0,0.0,0.0,0.0,0.0,0.0,0.0,0.0,0.0,0.0,0.0,0.0,0.0,0.0,0.0,0.0,0.0,0.0,0.0,0.0,0.0,0.0,0.0,0.0,0.0,0.0,0.0,0.0,0.0,0.0,0.0,0.0,0.0,0.0,0.0,0.0,0.0,0.0,0.0,0.0,0.0,0.0,0.0,0.0,0.0,0.0,0.0,0.0,0.0,0.0,0.0,0.0,0.0,0.0,0.0,0.0,0.0,0.0,0.0,0.0,0.0,0.0,0.0,0.26825998496661557,0.43828062126784495,0.025602440806173764,0.32152182228676307,0.4419670064150826,0.0066151590429319816,0.4072225641712144,0.4321390877210189,-0.00645352410526065,0.4625842638697172,0.4114751090102289,-0.0034192627508456063,0.36251823159368995,0.5468747829960352,-0.06880514228461754,0.367171274066471,0.5627243672159762,-0.03260077984330857,0.3607366493129241,0.5299424168398361,-0.07494550891244439,0.35977671945405126,0.5059939095716216,-0.07204255776107078,0.3478442129631312,0.5318157401276478,-0.07189044067977747,0.37438251252493704,0.5283367753944342,-0.07484624517985912,0.3236720786728051,0.6289089350184223,0.0236301039518962,0.4335237063757258,0.6203415612059705,0.0060508616806740426,0.3703619415858185,0.6044932051427805,-0.03003515979904038,0.3755014436099835,0.6623422427307607,-0.00894475134712238,0.31226155409472656,0.6339570393678515,0.027355180074373226,0.4484258338217998,0.6182952797780754,0.007067996193328513,no,2025-11-18T07:29:31.320817
0.7932471011631891,0.8659477954576269,-6.905130178714037e-07,0.7281939633673236,0.8181898239370153,-0.004892104544818801,0.6846798423629298,0.7357159156377189,-0.012789776486901331,0.6551234288340064,0.680715338785551,-0.02625916411144929,0.6157800168542982,0.6433650942990079,-0.0392710184941355,0.735712904169372,0.6062925924059138,0.009737970648180955,0.6768172621412374,0.5625353792709121,-0.027439721594832645,0.6321403171433309,0.5884466951072469,-0.05548259659390538,0.6035546844942439,0.6250908519032459,-0.06927757723792219,0.7692142518806071,0.6016678610628479,-0.0060031075347295685,0.6949434598456916,0.5522695767204225,-0.04234490793600104,0.6425630095519027,0.5893575969393462,-0.060851172577907696,0.6128068255956693,0.630207870836168,-0.06532415136420547,0.7990009736949027,0.6189337250188537,-0.026314563251491153,0.7129332511571916,0.6320403372026457,-0.06238943800031346,0.7083842339124986,0.7113781810413371,-0.06242877029114165,0.7238653448853777,0.7604795794180457,-0.052607983374366944,0.8200621481106951,0.6545603403181123,-0.04822087738655245,0.7444992732775784,0.6763967689091185,-0.07270399813577477,0.7342246241117535,0.7365623426378272,-0.06877830668351351,0.7441794684089936,0.7715132923630851,-0.059094347322268634,0.0,0.0,0.0,0.0,0.0,0.0,0.0,0.0,0.0,0.0,0.0,0.0,0.0,0.0,0.0,0.0,0.0,0.0,0.0,0.0,0.0,0.0,0.0,0.0,0.0,0.0,0.0,0.0,0.0,0.0,0.0,0.0,0.0,0.0,0.0,0.0,0.0,0.0,0.0,0.0,0.0,0.0,0.0,0.0,0.0,0.0,0.0,0.0,0.0,0.0,0.0,0.0,0.0,0.0,0.0,0.0,0.0,0.0,0.0,0.0,0.0,0.0,0.0,0.26884854471509645,0.43933821176364507,0.024614845165085535,0.3221359867220711,0.44307453726229745,0.006260473484549616,0.4071454083673455,0.43365504791553267,-0.005979782549669285,0.46404105762074116,0.4129677052047299,-0.0025094743691516197,0.36426428483084916,0.5499906646990064,-0.06947366100608593,0.368724369228136,0.5650282876862809,-0.03290339597164494,0.3623589481305831,0.5330791889096489,-0.07567134846013798,0.361184782804609,0.5088767741789688,-0.07278641843050601,0.34922118470765506,0.5349909527397577,-0.07271139179527203,0.376220324017214,0.5312357902984592,-0.07547851643477246,0.3244803958255841,0.6292536868790994,0.023610076363486533,0.4351933259661832,0.6203065623679693,0.00720437954076503,0.3734949169208008,0.6052356384161931,-0.029950189062744888,0.3785506286548529,0.6629240176742792,-0.00893217447525153,0.3127157402498398,0.6362622733174249,0.027197227323849667,0.45050500553871514,0.6186109918539883,0.008248036785353727,no,2025-11-18T07:29:31.453185
0.7957092212912045,0.8653115394448169,-6.951191118243083e-07,0.7295468870791696,0.8164066793082141,-0.004248238754064044,0.6853172959735638,0.7339833924559291,-0.012019776242597842,0.6558902642789112,0.6799678883945455,-0.025533664398706937,0.6177574500813544,0.6426879511450179,-0.03852838232565242,0.7380812855731503,0.6053711408970945,0.01012898300114846,0.6782209396204997,0.5620371867915992,-0.027097396885644547,0.6332278443283488,0.5885520967334635,-0.05516696184268042,0.6047922465077573,0.6261248958708276,-0.06899391121498656,0.7716297404193685,0.6010074813756164,-0.006086968413558169,0.6975295702701358,0.55217656430206,-0.042525279654336084,0.6448910655040245,0.5894228132096633,-0.06088218141176803,0.6153886759070418,0.6304192118024377,-0.06531264699858337,0.801431176659158,0.6187395988203857,-0.026887554276464266,0.7148123427702919,0.6309814828026779,-0.06264342598467669,0.7105943352980767,0.7095747113531118,-0.06236431826021869,0.7269173039810799,0.7580820967997821,-0.05254345574665556,0.8224016962133981,0.6546867553755784,-0.04927882591258603,0.7461516594773817,0.6753184704092254,-0.07337553592883023,0.736069771982482,0.7347830688923846,-0.06915019846986382,0.7466166223365922,0.7689992532982417,-0.059431685266039445,0.0,0.0,0.0,0.0,0.0,0.0,0.0,0.0,0.0,0.0,0.0,0.0,0.0,0.0,0.0,0.0,0.0,0.0,0.0,0.0,0.0,0.0,0.0,0.0,0.0,0.0,0.0,0.0,0.0,0.0,0.0,0.0,0.0,0.0,0.0,0.0,0.0,0.0,0.0,0.0,0.0,0.0,0.0,0.0,0.0,0.0,0.0,0.0,0.0,0.0,0.0,0.0,0.0,0.0,0.0,0.0,0.0,0.0,0.0,0.0,0.0,0.0,0.0,0.2858605565420041,0.4384962640944843,0.013780906561313441,0.3421773770633137,0.4405662183686976,0.0010581487875450124,0.4267653363820065,0.42823704804090384,-0.0017858744235733845,0.4805127697161323,0.40817387077939743,0.007467942504950748,0.3937680896429026,0.5436963790547491,-0.06983993178635481,0.3954585905970392,0.5593889841026924,-0.03294034507423094,0.3921476108527061,0.5266411512327785,-0.07614894011995203,0.3900637959547642,0.5026624517972405,-0.07335038748010934,0.3786758556251593,0.5288804403591367,-0.07424590664535483,0.40559353350480754,0.5245239317646013,-0.07489055763440512,0.34605460430775054,0.627719611631841,0.01847778282096112,0.4563513824788649,0.6152626032550601,0.014749439260405174,0.4012330590511063,0.6004215489806644,-0.029460925903812305,0.4049593706094699,0.659135503652966,-0.008661465865253853,0.33243943812762067,0.6325355050592862,0.020881950144866938,0.47154762706173126,0.6102432081195295,0.016575164190644774,no,2025-11-18T07:29:31.581457
0.7964797460673552,0.8634058417248194,-6.910990674169409e-07,0.7309917422132146,0.8142974139033746,-0.004579262169346314,0.6871767134393576,0.7321256970061628,-0.012500288182310235,0.65776531803919,0.6785820167261118,-0.026060656357962383,0.6199282758123905,0.6408123545931999,-0.03906762577319303,0.7397921429162748,0.6035668966471252,0.010237185602503893,0.6802187025468374,0.5603583539377155,-0.027203634547835167,0.6350102222416127,0.5864748255655232,-0.05541319690341971,0.6063717649813262,0.6234789973796124,-0.06934315342124259,0.7733362563562296,0.5991058150724975,-0.0059980878452790595,0.699525304639615,0.5497143116424545,-0.04295129298332935,0.6461700410375347,0.5879407183094673,-0.06137377234090618,0.616364203084899,0.629660436122395,-0.06560723144492461,0.8030170488341108,0.6168433099139617,-0.026920188018916984,0.7166847906745442,0.6286481508308891,-0.06313987564220827,0.7124279335639554,0.7069010496291164,-0.06290239879919389,0.7290953285404514,0.754377814642872,-0.0529863042815948,0.8239170579951574,0.6527793737433922,-0.04944799487477103,0.7472711074295784,0.6739680721415634,-0.07399575309138731,0.73767002092662,0.7335091310724741,-0.0699171480885677,0.7491138977447579,0.7668334715492521,-0.06021742436147813,0.0,0.0,0.0,0.0,0.0,0.0,0.0,0.0,0.0,0.0,0.0,0.0,0.0,0.0,0.0,0.0,0.0,0.0,0.0,0.0,0.0,0.0,0.0,0.0,0.0,0.0,0.0,0.0,0.0,0.0,0.0,0.0,0.0,0.0,0.0,0.0,0.0,0.0,0.0,0.0,0.0,0.0,0.0,0.0,0.0,0.0,0.0,0.0,0.0,0.0,0.0,0.0,0.0,0.0,0.0,0.0,0.0,0.0,0.0,0.0,0.0,0.0,0.0,0.2886979670222227,0.4355629097791376,0.012052759876250412,0.3454617787988382,0.43913613581284305,-0.0001680227652182942,0.43147442429642624,0.42765465242220824,-0.0022299174736266185,0.4846679278697315,0.408101504910649,0.00750377318206846,0.3971362052514058,0.544198083574158,-0.06949280190482558,0.3982406018227963,0.5598310772869419,-0.03242625398710097,0.3958182832944332,0.5271698042369184,-0.0759427239466757,0.3939761536870302,0.5030482867029873,-0.07331979407183797,0.3822709209861789,0.5291930850172148,-0.07412171700313548,0.4092737680617986,0.5252104193086617,-0.07459406738856028,0.34656299186544604,0.6256102178032252,0.01842649850512606,0.45758267389972607,0.6148414192060365,0.015768688085696037,0.40240626627329484,0.5991732185573335,-0.028851252196677155,0.4055161426049211,0.6582823609726012,-0.0075752274862823125,0.33344902874188803,0.6311495839371901,0.020842415856768604,0.47249111215776535,0.6114441488729209,0.017777579385397212,no,2025-11-18T07:29:31.701056
0.7963084500848403,0.8628065080129834,-6.910029915480101e-07,0.7311327562727755,0.8138962269216274,-0.004936002341233244,0.6882351384026469,0.732329635555236,-0.012998265788610762,0.6590139513627347,0.6783418079712865,-0.026681414196470625,0.6202378150168673,0.6403880503320308,-0.039829311779261425,0.7395833902600173,0.6035359858125,0.010337592261591493,0.6812887221535456,0.5602686745350809,-0.02696102959049025,0.6365765530096156,0.5861301370583506,-0.05521917488274585,0.6077359043774886,0.6226975265294669,-0.06920900383798259,0.773394507572646,0.5986449619033142,-0.005548311995110552,0.6996368507565446,0.5495342536186211,-0.04192637636842134,0.6472856209044333,0.5869440563402499,-0.06044147455090906,0.6177606692857509,0.6273842794740088,-0.06496301123838104,0.8033754074565299,0.6160653963262284,-0.026121899385868976,0.7178177099544291,0.6284421925094845,-0.06224585568494996,0.7132878996681014,0.7074341058806898,-0.06219075080967595,0.7288385871503984,0.7557178301176855,-0.05238993792158487,0.8247234656831408,0.6519393191825634,-0.048315074392584756,0.7491372162075413,0.6730444110459861,-0.07277108304789283,0.7383630656543501,0.7329386213414433,-0.06871724041062258,0.7479267618377721,0.7674886223140853,-0.059031918212061545,0.0,0.0,0.0,0.0,0.0,0.0,0.0,0.0,0.0,0.0,0.0,0.0,0.0,0.0,0.0,0.0,0.0,0.0,0.0,0.0,0.0,0.0,0.0,0.0,0.0,0.0,0.0,0.0,0.0,0.0,0.0,0.0,0.0,0.0,0.0,0.0,0.0,0.0,0.0,0.0,0.0,0.0,0.0,0.0,0.0,0.0,0.0,0.0,0.0,0.0,0.0,0.0,0.0,0.0,0.0,0.0,0.0,0.0,0.0,0.0,0.0,0.0,0.0,0.2859693214742156,0.43201224562385987,0.014811615633666111,0.34144343086041,0.43685142111591707,0.0012276245651771244,0.42698930546333763,0.427681281479964,-0.003124912108993771,0.48172108871170594,0.4095215230527824,0.005198321004117127,0.38905197074780373,0.5436454652222902,-0.06952279427654953,0.390700268648596,0.5593340369211351,-0.032467568806184954,0.38785288737952406,0.5265416107881217,-0.07593783686404677,0.3864896157162339,0.5022488762273176,-0.07325715637858943,0.37436367010784316,0.5282633511138015,-0.07385284994400967,0.4014283242793887,0.5248931840119359,-0.07484581786085462,0.3399983546773443,0.622655563232057,0.019387872943108588,0.45134101384500463,0.6152987270285554,0.013505860654275087,0.3948633178776676,0.5984516295537827,-0.029140717423681232,0.3973353033056725,0.6570092844673187,-0.0076766435887365165,0.3275563979206343,0.6297699778683296,0.02216424402716255,0.4657752199992852,0.6137369739287242,0.0154003708230244,no,2025-11-18T07:29:31.823290
0.7962851187496955,0.8626088843089209,-6.928036437034453e-07,0.7309202008445177,0.8144436717226851,-0.005055262081857796,0.6870303921631307,0.7316716456088863,-0.013037469059554729,0.6573170545406966,0.6768855164696215,-0.026453070503760997,0.618205034551204,0.6395254923176572,-0.039421361814499296,0.7391964283110084,0.6031286000534668,0.009548280933280258,0.6804047539810545,0.5601789823385701,-0.027380787343443826,0.6355650523417524,0.585534897850083,-0.05533730497508055,0.6066366594641349,0.621268657006341,-0.06929405872627088,0.7729867907392954,0.5984967599261901,-0.00623010501347067,0.6990054418653939,0.5497842393028256,-0.04260343864352406,0.6463605664851604,0.5874868694882555,-0.061014173147055636,0.6163520272049787,0.6280979386490527,-0.06547497500648339,0.8027385991807643,0.616114325055204,-0.026609267989605404,0.7167397072473409,0.6285260441078306,-0.06251193332467178,0.7119216371452232,0.7067167103328467,-0.062490337626222026,0.727361452751072,0.7541563293616687,-0.05287089548221291,0.8237211622010064,0.6519876353984717,-0.04860703093232105,0.7483759787664599,0.6735487717900066,-0.07317081999327052,0.7380329858930472,0.733297394662726,-0.06935839683690499,0.7480750034908312,0.7673096178205558,-0.0598925163667825,0.0,0.0,0.0,0.0,0.0,0.0,0.0,0.0,0.0,0.0,0.0,0.0,0.0,0.0,0.0,0.0,0.0,0.0,0.0,0.0,0.0,0.0,0.0,0.0,0.0,0.0,0.0,0.0,0.0,0.0,0.0,0.0,0.0,0.0,0.0,0.0,0.0,0.0,0.0,0.0,0.0,0.0,0.0,0.0,0.0,0.0,0.0,0.0,0.0,0.0,0.0,0.0,0.0,0.0,0.0,0.0,0.0,0.0,0.0,0.0,0.0,0.0,0.0,0.27612111198146205,0.42761059878696656,0.02343779764458517,0.32898711238283407,0.43263374721910663,0.005884382333513578,0.41398459099079354,0.4276975762410806,-0.004864091439056517,0.47057419291351593,0.4102649256260845,-0.00042235517096787887,0.36926704491560414,0.5411025106148377,-0.06928086464110718,0.372585231017337,0.5574860558980066,-0.03288040987718782,0.36807881795734015,0.523930291449435,-0.0754403543961309,0.3675673831888512,0.49996491915652075,-0.07244719225494184,0.35493933129167643,0.525268922642472,-0.07263017716187949,0.3817447783039018,0.522983381900072,-0.07506276526892829,0.32521348703105496,0.6202353798730933,0.021834091310116308,0.435639491049547,0.6171437993014786,0.0074837525974079805,0.37402418775887164,0.5967258886866509,-0.030325915235640512,0.37679443383171507,0.6560016774986281,-0.0098582041865065,0.31298906922627784,0.6268149897161777,0.025277209379387378,0.45108404676245234,0.6174568467971258,0.008719660811028724,no,2025-11-18T07:29:31.969230
0.7952758203401951,0.8612431757321888,-6.890096412996714e-07,0.7296007301906304,0.813963693390029,-0.004929673778159557,0.6852637019123301,0.7305717241601866,-0.012590886935754613,0.6556305946264579,0.6754550491894006,-0.025652666656816814,0.6164578019664589,0.6384978688394927,-0.03830095983076115,0.7372419877112598,0.6023521065376587,0.009483053621540203,0.6779259897758666,0.5591978068755381,-0.027073726311654545,0.6332375754472281,0.5857782500019305,-0.05467655452861789,0.6050645491286586,0.6223616734929471,-0.0684150536587039,0.7709956572467076,0.598045212524588,-0.0062229085345172986,0.6972048069045292,0.5490220766120909,-0.04231568328932375,0.6442958962262838,0.5865412684252342,-0.060613409413383966,0.6141557721035422,0.6271728511413903,-0.06502302879924694,0.8007215222714277,0.6156246993585042,-0.026473518436059225,0.7145483757336558,0.6282095969802917,-0.06209235885636856,0.7096993351417491,0.7065084844846606,-0.06206726893091363,0.7253219247722187,0.7540122161945062,-0.05249701801295609,0.8215097445850765,0.6513940211656513,-0.04832592515856718,0.7457891537242028,0.6732865938799276,-0.07278819089902097,0.7360121255949916,0.7332452768830597,-0.0689787471338055,0.7468075429727563,0.7670947968081508,-0.05954094220307604,0.0,0.0,0.0,0.0,0.0,0.0,0.0,0.0,0.0,0.0,0.0,0.0,0.0,0.0,0.0,0.0,0.0,0.0,0.0,0.0,0.0,0.0,0.0,0.0,0.0,0.0,0.0,0.0,0.0,0.0,0.0,0.0,0.0,0.0,0.0,0.0,0.0,0.0,0.0,0.0,0.0,0.0,0.0,0.0,0.0,0.0,0.0,0.0,0.0,0.0,0.0,0.0,0.0,0.0,0.0,0.0,0.0,0.0,0.0,0.0,0.0,0.0,0.0,0.27877630406240156,0.425476815692731,0.021803201918229362,0.3315347536105836,0.4319396116132841,0.0050391039903742475,0.41666212391031376,0.42790477333286636,-0.004527620931097926,0.4736408108036436,0.4112490348354803,0.0006337445058622946,0.3731065682837603,0.5417379349090882,-0.07005605938287429,0.3758992373701263,0.5577417605158368,-0.033253732731286095,0.3720044295160465,0.5245495041784681,-0.07630166026414745,0.3714880908225216,0.5004099142882671,-0.07337723502679724,0.3586336472027306,0.5257191113609089,-0.07363325865158793,0.38579564101924524,0.5236189711853265,-0.07579368655306423,0.3267101323018434,0.6183683257988971,0.022106862174676188,0.43827697156275264,0.6164905078393684,0.009380565101423106,0.37804848215744336,0.5956100263383358,-0.030280085066140647,0.3804376007316229,0.6549488854335792,-0.009438688468459959,0.3139874702706401,0.6260861299784807,0.025305021044171094,0.45404252370261444,0.6169403460441317,0.010599453236858966,no,2025-11-18T07:29:32.126136
0.7955252294964983,0.8615058001215723,-6.960913423239433e-07,0.7301151765634396,0.8135320752907482,-0.004717915511823266,0.6857213420850865,0.731358487001892,-0.01238774038114349,0.6559234291987575,0.6773138421339153,-0.025516727513891863,0.6173084884427937,0.6405179697591018,-0.038150866734624006,0.7374949774772273,0.6025402962993774,0.0098785363569308,0.6782241690898987,0.5597527144157048,-0.026587698735460984,0.6334951991616024,0.586536771904957,-0.05432447203881742,0.6054685304961835,0.6240014799330428,-0.06812784471761184,0.7713315986600512,0.5978010507908738,-0.005787421558256154,0.697887260963785,0.5498025705841063,-0.04132670860685632,0.6455071097285137,0.5869657860184948,-0.05953919923975397,0.6158752455183238,0.6276951847355053,-0.06414250728902776,0.8013311009107993,0.6151504384300913,-0.0260062161708399,0.7159927023092718,0.6280331939998657,-0.061051681011402854,0.7117814433792089,0.705929948390478,-0.06093730896365723,0.7276179671716471,0.754065150551019,-0.05155756318745777,0.8226781019869047,0.6507439969243021,-0.04785211338952529,0.7467900431897687,0.6727292125054545,-0.07186543422824469,0.7363039973296613,0.7327697989716202,-0.06794859364847051,0.7461391228104596,0.767428520277931,-0.058590222095981914,0.0,0.0,0.0,0.0,0.0,0.0,0.0,0.0,0.0,0.0,0.0,0.0,0.0,0.0,0.0,0.0,0.0,0.0,0.0,0.0,0.0,0.0,0.0,0.0,0.0,0.0,0.0,0.0,0.0,0.0,0.0,0.0,0.0,0.0,0.0,0.0,0.0,0.0,0.0,0.0,0.0,0.0,0.0,0.0,0.0,0.0,0.0,0.0,0.0,0.0,0.0,0.0,0.0,0.0,0.0,0.0,0.0,0.0,0.0,0.0,0.0,0.0,0.0,0.2959891637842831,0.42685980915633254,0.011679705021306823,0.3516918770322663,0.4308502424655013,0.0007049770606449447,0.43588666474408205,0.42297702460397896,0.0008259525257453019,0.4890341219087798,0.405681144810509,0.011924441895296126,0.40335386953101743,0.5365073188949738,-0.0706121218316349,0.403521856653508,0.552890717637374,-0.0338074023079591,0.4023465712948885,0.5191282431571205,-0.07679744244844373,0.40065932098499124,0.4950298732684774,-0.07375455935380885,0.38858856749498866,0.5207948114463694,-0.0752115163261163,0.4157246590029698,0.5177042061470151,-0.0752050966244058,0.3502328532641114,0.6184142520870706,0.016106623930089835,0.46101897715729945,0.6116878513089055,0.01636598961528055,0.4069364679940812,0.5927542765034421,-0.03043869685837674,0.4089047104715167,0.6513274288141254,-0.010667811414362845,0.334688979686025,0.6239145468846872,0.017993929540890574,0.47680316845607407,0.6075880063979966,0.018270448898872197,no,2025-11-18T07:29:32.336014
0.7969558122370339,0.8611767558423413,-6.950913984289308e-07,0.7317119247342039,0.8142104849243506,-0.004836827845844909,0.687524797677141,0.7327491733391265,-0.012850156497250994,0.6578726783731061,0.6785494574687063,-0.02634774779122194,0.6188937380682902,0.6410767534533119,-0.039352326297581244,0.7383341054931455,0.6022084563886718,0.009423633407028946,0.6789288932455109,0.5601368008952914,-0.02750475990407931,0.6342451510219937,0.5870060954747258,-0.05550734591428042,0.6059153174560385,0.6243757490264275,-0.06941118661885956,0.7720569324000177,0.5973128483934838,-0.006393164666471484,0.6979501939069566,0.5494474912895202,-0.042259176950642095,0.6459533932641439,0.5874038570118567,-0.060446182448041084,0.6166455454562292,0.6287552623888097,-0.06492230890898684,0.8019119491427623,0.6148931615959508,-0.026785423972930725,0.7165457970221744,0.6285544202001587,-0.06225194005642545,0.7126129573692309,0.7064999409024686,-0.062185187487066196,0.7285272419667135,0.7542065056820799,-0.05270082314400755,0.8230056528897384,0.6508316575617299,-0.04878992192126983,0.7476152736319327,0.6725583466206166,-0.07306390368881985,0.7371827425021873,0.7324267684109047,-0.06914238207151346,0.7468646833134176,0.7669930770773657,-0.059677736806638876,0.0,0.0,0.0,0.0,0.0,0.0,0.0,0.0,0.0,0.0,0.0,0.0,0.0,0.0,0.0,0.0,0.0,0.0,0.0,0.0,0.0,0.0,0.0,0.0,0.0,0.0,0.0,0.0,0.0,0.0,0.0,0.0,0.0,0.0,0.0,0.0,0.0,0.0,0.0,0.0,0.0,0.0,0.0,0.0,0.0,0.0,0.0,0.0,0.0,0.0,0.0,0.0,0.0,0.0,0.0,0.0,0.0,0.0,0.0,0.0,0.0,0.0,0.0,0.3020088861724226,0.4271625196914246,0.007464149512052511,0.35864746828126226,0.4310583049504783,-0.001249889212206443,0.44333174007925535,0.42165809586102576,0.0025032855437747983,0.4953682450841049,0.4044714627746698,0.01582805066874124,0.4139897076355725,0.5360952965820389,-0.06989837274514599,0.413083474332003,0.5523710249125133,-0.03334357860444571,0.41312801341634225,0.518725295875893,-0.0760895246328446,0.4110973617606917,0.49459949464434005,-0.07309572542499518,0.39930659031850113,0.5204954458270971,-0.07492146209152876,0.426237595099782,0.5171708849262298,-0.07408160791899344,0.3580176153632493,0.618865891836382,0.01348653191569108,0.4685592639406645,0.6102913977499422,0.0186450712108409,0.4167990094963845,0.591684893721997,-0.029985071106299995,0.41818508955830624,0.6507945942860605,-0.01085423924315068,0.3420463295284526,0.623310241658286,0.014985014091321885,0.48335742195463005,0.6053180164798668,0.02091629389951649,no,2025-11-18T07:29:32.499174
0.7953821958409596,0.8620169295950598,-6.921467331447683e-07,0.7311316433859313,0.8146598093223743,-0.005113758078576766,0.6875013719792871,0.7332494305053939,-0.01322562688777397,0.657747329043273,0.6792623345445186,-0.026760636256839436,0.6186816967910268,0.6419669438977528,-0.03977220441094043,0.7380960514552977,0.6028634712058105,0.009410612901286499,0.6798220184630417,0.5603558152368455,-0.02751950503703588,0.6356890170469466,0.586752535614255,-0.05561618453236222,0.6073916601737895,0.6232961656623531,-0.0696072532451426,0.7717327153436093,0.5983460747323254,-0.006066295919059516,0.6976413178568749,0.5512954366809845,-0.04193734644899201,0.6459303678490367,0.5886512812471698,-0.06035150689799172,0.6166719648706012,0.6287701084683459,-0.06509184762194146,0.8014750177785497,0.6157479998176745,-0.02611692901389113,0.7163271489898317,0.6294449947909363,-0.061925042264035404,0.7123681458885187,0.7077158126982436,-0.06194435089740177,0.7278754979479258,0.7559805945883239,-0.0523848766316418,0.8226719679758598,0.6513340264127009,-0.04777892108846542,0.74794158132738,0.6733556286649989,-0.07243949976535223,0.737926814032542,0.7335378854814686,-0.06867942746783223,0.7476983402586223,0.7684906281421069,-0.05920562053609284,0.0,0.0,0.0,0.0,0.0,0.0,0.0,0.0,0.0,0.0,0.0,0.0,0.0,0.0,0.0,0.0,0.0,0.0,0.0,0.0,0.0,0.0,0.0,0.0,0.0,0.0,0.0,0.0,0.0,0.0,0.0,0.0,0.0,0.0,0.0,0.0,0.0,0.0,0.0,0.0,0.0,0.0,0.0,0.0,0.0,0.0,0.0,0.0,0.0,0.0,0.0,0.0,0.0,0.0,0.0,0.0,0.0,0.0,0.0,0.0,0.0,0.0,0.0,0.29232659391266547,0.426187749504068,0.013247566070258605,0.34701730439686435,0.4315816846712841,0.0011535962938738664,0.4322763044525839,0.42504310466078327,-0.0006031131438139902,0.4873045995031883,0.4077065764905987,0.00939085264476884,0.39583789547618775,0.537610995392231,-0.0700012698052474,0.39659466370637625,0.5542194544404333,-0.033268063752644184,0.3949819480400345,0.5203630427591135,-0.07623269081421359,0.39376511380938484,0.4963212774735372,-0.07324228135144221,0.38143592822542793,0.5218738472955675,-0.07442786328629822,0.40835996569125604,0.5191721810495407,-0.07483596392525027,0.3440624584184334,0.6202431542388087,0.01685726241142878,0.45522272527019797,0.6147727847991197,0.01442405105127869,0.4005946669252781,0.5954064508053954,-0.03031230948048097,0.40214763806757475,0.6540261948099614,-0.0098350106939082,0.3299894229324468,0.6242515313420671,0.01917471194783303,0.470180880228757,0.6108423802606548,0.01639500146870823,no,2025-11-18T07:29:32.666629
0.7959972590857172,0.8625172145209643,-7.000488181892455e-07,0.7312020512080413,0.815589445457467,-0.004519460223049741,0.686731249630238,0.7331734620769614,-0.011966363404887666,0.656700134658279,0.6784052225147977,-0.024819431074810824,0.6177767056915033,0.6414067173788691,-0.03728937139208616,0.7376248503927184,0.6023809812942047,0.01011386032290072,0.678238119045211,0.5608346327866509,-0.02595379926918265,0.6341150387473198,0.5876753338738694,-0.053379904210427404,0.606399776915737,0.6242413939025724,-0.06704921045483525,0.7713320392246916,0.5979887646000495,-0.005605738211914301,0.69696983934073,0.5517972892824172,-0.041164792547868846,0.6449461669433935,0.5898377506184732,-0.05938468552092007,0.6153874026470926,0.6302774823938867,-0.06386149637080427,0.801022067423897,0.6155901311191644,-0.025821628513119175,0.716383376874524,0.629848231009436,-0.06135527595498714,0.7126610355106351,0.7076597826556557,-0.06168159857349108,0.7284283772164556,0.755485049701236,-0.052358113687706195,0.8219035954438473,0.6510288908861752,-0.047564960028175694,0.7468646605405516,0.6741993673720502,-0.0723482559470911,0.7371439800028738,0.7346601351769526,-0.06894149897647364,0.7472570406603933,0.7694535929654779,-0.05970064689660267,0.0,0.0,0.0,0.0,0.0,0.0,0.0,0.0,0.0,0.0,0.0,0.0,0.0,0.0,0.0,0.0,0.0,0.0,0.0,0.0,0.0,0.0,0.0,0.0,0.0,0.0,0.0,0.0,0.0,0.0,0.0,0.0,0.0,0.0,0.0,0.0,0.0,0.0,0.0,0.0,0.0,0.0,0.0,0.0,0.0,0.0,0.0,0.0,0.0,0.0,0.0,0.0,0.0,0.0,0.0,0.0,0.0,0.0,0.0,0.0,0.0,0.0,0.0,0.2814998152439914,0.42734603375147706,0.018556075056940312,0.3366967073560936,0.4333592845610983,0.0034304571285581984,0.42267681454070694,0.4295502595962455,-0.0032066732212515585,0.4782264388697887,0.4130448936940222,0.0038520974911327097,0.37911685923902466,0.5404974160692234,-0.0699546388923202,0.3813519131377111,0.5572273581787738,-0.03313217659234649,0.37820033605004655,0.5232561876412297,-0.0762158206120514,0.37765213452710605,0.4992136441936931,-0.07327214105623717,0.3648979502319843,0.5244363922127709,-0.07386223863877937,0.3918308720038769,0.5224450475770012,-0.07536975685781633,0.33243975586822855,0.6214592269416395,0.02008425150499408,0.44291865795751717,0.6190539241283044,0.010929839166472246,0.3847490625218584,0.5994239638136474,-0.03025047409870854,0.3866921302005507,0.6584433239693881,-0.009543045573652022,0.31853074807682674,0.6252919667856881,0.02299699102600144,0.45806903203332383,0.6165498064633352,0.012518843534166671,no,2025-11-18T07:29:32.819254
0.7967971548762631,0.8637785795848535,-7.00438648941564e-07,0.731421493076097,0.8168135372924847,-0.004874425923169067,0.687229082256449,0.7351384025434551,-0.012728897793689246,0.6576384009835432,0.6804855154055007,-0.025995013859546584,0.6187264094100827,0.6433654737864805,-0.03879723216143996,0.7380813491942382,0.602724428101326,0.009775985884849285,0.6782981879310375,0.5618574254078366,-0.026918556432715637,0.6340099267337368,0.5891956393204338,-0.05488161543004662,0.6060327601333598,0.6266248733295363,-0.06876648475021807,0.7716900476751662,0.598411818422919,-0.00589191171923995,0.6967518490584113,0.5527761075051307,-0.0416704469523068,0.6447565898651293,0.5911145909750539,-0.060092821972863336,0.6153471284475698,0.6322576541322003,-0.06474761646080611,0.8011812641005899,0.6163057266847654,-0.026112023041735863,0.7158658102939515,0.6313351934809448,-0.061796947343242925,0.711942050681877,0.7095453151502308,-0.062052978276990405,0.7275774844017611,0.7576805908563248,-0.05267154820833216,0.8217158958893431,0.6523710884045897,-0.04790446671617239,0.7460878113703582,0.674789202614553,-0.07254381678246355,0.7364087037923305,0.7351859144703428,-0.06884751229560605,0.746655129750973,0.7700398007380338,-0.059400501424790406,0.0,0.0,0.0,0.0,0.0,0.0,0.0,0.0,0.0,0.0,0.0,0.0,0.0,0.0,0.0,0.0,0.0,0.0,0.0,0.0,0.0,0.0,0.0,0.0,0.0,0.0,0.0,0.0,0.0,0.0,0.0,0.0,0.0,0.0,0.0,0.0,0.0,0.0,0.0,0.0,0.0,0.0,0.0,0.0,0.0,0.0,0.0,0.0,0.0,0.0,0.0,0.0,0.0,0.0,0.0,0.0,0.0,0.0,0.0,0.0,0.0,0.0,0.0,0.2904833616110246,0.43077721342420044,0.011156130059584973,0.34799891369944724,0.4355575836505595,-0.0006557848330718081,0.43472546981994453,0.4283668395311321,-0.001779129814733101,0.4887346703359259,0.4115281820059314,0.008649418682956444,0.39765646865054105,0.5439677505742082,-0.07060098907048871,0.39837907012476376,0.5596628710411387,-0.03312067488550964,0.3967121013755863,0.5267165924129915,-0.07710747897701378,0.3953910748309587,0.5023525994653921,-0.07445873803743598,0.382970593243815,0.5280574151997082,-0.07537693103809201,0.41033337041966306,0.5253899816074856,-0.07565562622758942,0.3458892581221026,0.6242938544032843,0.01900520587556394,0.4587540327007587,0.6173225462659649,0.017317926251624968,0.40314790987154014,0.6007884835147186,-0.028999287279142097,0.4054208664260734,0.6583925744888902,-0.007868046015858766,0.33045080790300685,0.6272899326630925,0.021122639575400583,0.47302387932938317,0.6136503898439876,0.019221206144777465,no,2025-11-18T07:29:33.009457
0.7985343031747496,0.8616898598035656,-6.829308183819018e-07,0.7323985211962516,0.8148470266723654,-0.005263750665679778,0.6871020720749561,0.733577155153945,-0.013406108102996585,0.6565170736073112,0.6793670200356666,-0.026831379903692207,0.6173902933471618,0.6419660306173003,-0.03974129018707946,0.7376509970725524,0.6029184138397102,0.009204910097362625,0.6776710215606573,0.5609348233721007,-0.027547669542725674,0.633315637318971,0.5874864908199612,-0.05528123390671089,0.6055420494029988,0.6239539340383491,-0.06903993094608529,0.7715241794257331,0.5978728334496645,-0.0062630195339506865,0.6966667255774844,0.5501888440624714,-0.04281667327390292,0.6440620295879449,0.5887748352748194,-0.0612102319833122,0.61467572119667,0.629960752458251,-0.06554352855229675,0.8014165795734121,0.6148572057076476,-0.0262878813078457,0.7150170900320008,0.6282209428975464,-0.06227808397168555,0.7108385134867667,0.7062126402277795,-0.062356079965721845,0.7271951321525865,0.7536895552815255,-0.05269608844356542,0.8222902439823455,0.6498803693747192,-0.047911419286192504,0.7455395569302963,0.6728534760097301,-0.07273969899486947,0.7359763350428328,0.7330096330412169,-0.06911994024652357,0.7471588966053755,0.7670274098390029,-0.05964862683153201,0.0,0.0,0.0,0.0,0.0,0.0,0.0,0.0,0.0,0.0,0.0,0.0,0.0,0.0,0.0,0.0,0.0,0.0,0.0,0.0,0.0,0.0,0.0,0.0,0.0,0.0,0.0,0.0,0.0,0.0,0.0,0.0,0.0,0.0,0.0,0.0,0.0,0.0,0.0,0.0,0.0,0.0,0.0,0.0,0.0,0.0,0.0,0.0,0.0,0.0,0.0,0.0,0.0,0.0,0.0,0.0,0.0,0.0,0.0,0.0,0.0,0.0,0.0,0.30399012870056236,0.4327388214318726,0.0032944569545611726,0.36311802097859935,0.43531951789091544,-0.0038316562319239875,0.4474635454377738,0.42410823685083215,0.0028089766425991886,0.4997457900915927,0.4061141371608026,0.018031436294865484,0.42140139545045363,0.5388574435835366,-0.07032939176110115,0.4198110613036844,0.5552789531540074,-0.03332340245306404,0.42051336510753956,0.5217263114958024,-0.07667860627212582,0.4181402911815392,0.49790203778124953,-0.07387036326949237,0.4066623706966527,0.5236544703008886,-0.07582373703846854,0.43350394331034114,0.520069188048387,-0.07434896105037728,0.36318116770965664,0.6247233105539218,0.012914337880128782,0.47417037181531463,0.6135271102301505,0.02184272171990819,0.42430578362534527,0.5979525792073868,-0.02951684110695777,0.42590091964415855,0.6558185945450128,-0.008683105968117772,0.34755331520924726,0.6269324628983187,0.014141857179526802,0.4886604188879429,0.607320581045651,0.024461334080143535,no,2025-11-18T07:29:33.145707
0.7970424737862426,0.8611170322577398,-6.86022275784799e-07,0.7313658055123714,0.8133131138515484,-0.005088545494176549,0.6869357191696497,0.731851648827888,-0.013304100822309373,0.6569609269975948,0.6778617572311969,-0.026890118978092174,0.6181260141071289,0.6404204297163802,-0.039895011770347134,0.7376497420818084,0.601339830737299,0.009563282578111702,0.6779719026584567,0.5594863800297851,-0.027348827077893312,0.6337366772734534,0.5869262145033034,-0.05537094777820743,0.606039159295463,0.6242274619761448,-0.0692791069778072,0.7711423578097905,0.5965986450707033,-0.005982562209540904,0.6970132629581147,0.5498745166548014,-0.041990166929891604,0.644881361359219,0.5881886657109876,-0.060316267487232005,0.6156077785632703,0.6292720024441065,-0.06494229095947891,0.8007208127225733,0.6138127192650329,-0.026114581909301573,0.7149034191119171,0.6281767921065033,-0.061445561926338266,0.7114745164479732,0.7060863973805829,-0.06125520683819616,0.728160077520385,0.7534224827856449,-0.051779105385327366,0.8215090047712479,0.648997614716275,-0.047904459170431415,0.7456308061827385,0.6719761223604102,-0.07215134477054799,0.7367176098794334,0.7322797460440764,-0.06821284942099509,0.7481831370195762,0.7662448147770606,-0.0587462752001288,0.0,0.0,0.0,0.0,0.0,0.0,0.0,0.0,0.0,0.0,0.0,0.0,0.0,0.0,0.0,0.0,0.0,0.0,0.0,0.0,0.0,0.0,0.0,0.0,0.0,0.0,0.0,0.0,0.0,0.0,0.0,0.0,0.0,0.0,0.0,0.0,0.0,0.0,0.0,0.0,0.0,0.0,0.0,0.0,0.0,0.0,0.0,0.0,0.0,0.0,0.0,0.0,0.0,0.0,0.0,0.0,0.0,0.0,0.0,0.0,0.0,0.0,0.0,0.2900647834264378,0.43097274538123476,0.012009409358482808,0.3469611248806266,0.4348885441026614,0.0002621451619048466,0.4325595961193843,0.4254737048454753,-0.0006723586917864862,0.48762303785852523,0.40795801877380644,0.010028357639251587,0.3977006296567225,0.539876780635381,-0.07107396488561077,0.3984184519851552,0.5562275331413348,-0.033693059781491314,0.39666439763593836,0.5226931876196969,-0.07744499042649297,0.3951412732438916,0.4986390034763868,-0.07451941938909112,0.38299390471726097,0.5244462537051318,-0.07571829003756007,0.4101637838414117,0.5212222666392448,-0.07594246652477284,0.3443926840364079,0.6247113621651598,0.017257976676878412,0.45742221917944687,0.6164834454711391,0.015901485393130518,0.40312840884720325,0.5987850302195381,-0.030266774263653446,0.40504100094642315,0.6567441885917813,-0.008841995634228019,0.3316291135782488,0.6272867425518358,0.019492993840338944,0.47292819316188983,0.6112698188259719,0.017982444014720003,no,2025-11-18T07:29:33.300420
0.7970168812240996,0.8612812295993288,-6.918838979066733e-07,0.7309959856896115,0.8137328561162954,-0.004698253758449159,0.6868951302356885,0.7320990023714788,-0.012586517950345932,0.6566206626832152,0.6780024802448557,-0.026008506957028856,0.6170870856611237,0.6404335165072838,-0.03889732561390567,0.7377502040639755,0.6017300555015536,0.010653463415265588,0.6783742622384996,0.5598394527082977,-0.026005111388339545,0.6340686715167468,0.5870395266051368,-0.053934761539092844,0.6059979164587972,0.6239535201402178,-0.06788027784388598,0.7711750836290163,0.5969647864597596,-0.005192312299770266,0.6964454372976151,0.550424919689095,-0.0410230972009554,0.6443842021792433,0.5888929156477759,-0.05938805037579145,0.6150665185521887,0.629350850217262,-0.06406092920786216,0.8007215568644452,0.6144081823425537,-0.02566906381970778,0.714977386044835,0.6285500445174546,-0.06110064393817047,0.711839069156146,0.7064152659033499,-0.06106132898477,0.7285256356935574,0.7528957943007661,-0.05167431340624096,0.8214389687476235,0.6498183955424942,-0.04775600571529593,0.745955112325607,0.6724703476334521,-0.07208382922130686,0.7368435106262858,0.7324532411040847,-0.0682273755583617,0.7478669612805553,0.7659362782953602,-0.058838725409746294,0.0,0.0,0.0,0.0,0.0,0.0,0.0,0.0,0.0,0.0,0.0,0.0,0.0,0.0,0.0,0.0,0.0,0.0,0.0,0.0,0.0,0.0,0.0,0.0,0.0,0.0,0.0,0.0,0.0,0.0,0.0,0.0,0.0,0.0,0.0,0.0,0.0,0.0,0.0,0.0,0.0,0.0,0.0,0.0,0.0,0.0,0.0,0.0,0.0,0.0,0.0,0.0,0.0,0.0,0.0,0.0,0.0,0.0,0.0,0.0,0.0,0.0,0.0,0.2781999863844683,0.430084417443692,0.02116163685440086,0.33225271808282275,0.43548137069749465,0.004928631346810835,0.4173808776428602,0.42752204085924583,-0.003344878390478471,0.47393572428013847,0.40985825061500686,0.002821216137751161,0.3751640429224622,0.5402424741418482,-0.07089289310164175,0.37798744223536784,0.556857599874119,-0.03394360256656982,0.37395677800917704,0.5230747911460454,-0.07707376651475444,0.37317877983235687,0.4991373797460822,-0.07393752098933964,0.3605883856452974,0.5246007167935907,-0.07451512238713484,0.38773232391132934,0.5219327077691616,-0.0764011193650628,0.3282003238468935,0.625065936467025,0.020598085297076442,0.4402162991277254,0.6195310033885695,0.009326905911010373,0.38059967431324243,0.6007269856202518,-0.031225994883315407,0.3838467407743438,0.658962819240959,-0.009790147896900787,0.3166324278828744,0.6281065992632073,0.023752186801911473,0.4567957654347047,0.6163174445844948,0.010805145831007203,no,2025-11-18T07:29:33.436938
0.7971435300094802,0.8598303564111451,-6.800887391906919e-07,0.730644063563571,0.812630858819485,-0.005130466101789873,0.6858743420038306,0.7314609019807223,-0.013369808318937748,0.65537916683851,0.6781124788404607,-0.026983020687269446,0.6159929134531967,0.6411854755902966,-0.040078454349840524,0.7364927687533318,0.6008887325180039,0.00966334167841102,0.6767416455273614,0.5591238565268783,-0.02712247415233351,0.6326191145440789,0.5863762181518115,-0.055083787642414964,0.6047544461482524,0.6232457453415627,-0.06907816480180291,0.7698602960068605,0.5961588968881745,-0.006027186233332827,0.6951162080096169,0.5496844878615916,-0.0421858090975709,0.642864464132453,0.5878406061736499,-0.06073434536080165,0.6131792615687275,0.6273728356921271,-0.06552109633329548,0.7994390581658805,0.6135503288307311,-0.026320883727700188,0.7131277930971855,0.6271652836703941,-0.0618866332200103,0.7099190300843596,0.7046554834174494,-0.06185582222415647,0.7268062517514265,0.7501919676803208,-0.05248163432384134,0.8203133943526784,0.6489271397229988,-0.04821948552676303,0.744177581244438,0.6711270593357538,-0.07265184366562893,0.7360212724201528,0.7307530115814003,-0.06867051249312624,0.7482985421618078,0.7632551903485467,-0.059169583182454175,0.0,0.0,0.0,0.0,0.0,0.0,0.0,0.0,0.0,0.0,0.0,0.0,0.0,0.0,0.0,0.0,0.0,0.0,0.0,0.0,0.0,0.0,0.0,0.0,0.0,0.0,0.0,0.0,0.0,0.0,0.0,0.0,0.0,0.0,0.0,0.0,0.0,0.0,0.0,0.0,0.0,0.0,0.0,0.0,0.0,0.0,0.0,0.0,0.0,0.0,0.0,0.0,0.0,0.0,0.0,0.0,0.0,0.0,0.0,0.0,0.0,0.0,0.0,0.2697931010356332,0.42958421020767057,0.026800365445609205,0.32317395859547327,0.435134739284752,0.007928329339319954,0.40916710014593116,0.4284725673275111,-0.004531080985465338,0.46600478936327483,0.4106405496582419,-0.0008350718945045179,0.36274311493466554,0.5405191684082806,-0.07059676961395603,0.36682706963033346,0.5575695405700704,-0.03414916327826668,0.36137682614696065,0.5232146011356142,-0.07659046288584478,0.3609439580399959,0.49928516547900575,-0.07325502515264407,0.3482607970554368,0.5246606331885129,-0.07357389266954055,0.3751769944561224,0.5222535364540846,-0.07638950518457417,0.3195033587351228,0.6255134710773693,0.021996761522158254,0.43203422239978495,0.6212915617986549,0.005112551136484677,0.36955037550577285,0.601845186793204,-0.03209179113722674,0.372892310645198,0.6598460541479148,-0.011305788652993747,0.30901085243211407,0.628840300049313,0.025590462787390293,0.4478881426031403,0.6187247601855427,0.006170339006079207,no,2025-11-18T07:29:33.570413
0.7943830843559364,0.8577365163822999,-6.753830526393745e-07,0.7286846719242264,0.8115847243869306,-0.0050233849464478095,0.6839441950516743,0.7298125191952409,-0.012955540498209461,0.6535347355589187,0.6762764611781191,-0.026272649806820987,0.6140781689725395,0.6396692758810858,-0.03910771602610988,0.7339508016053646,0.5998429673141472,0.009931027013674504,0.6744330156805508,0.557999304285778,-0.026666694724801668,0.6305897393952237,0.5852839490531702,-0.0544515729956307,0.6030969312783956,0.6220608499847767,-0.06835918252955211,0.7673050307014893,0.5949858600918838,-0.005777808809544183,0.6931144525670491,0.5477157647819311,-0.04220735635950303,0.6408402017794376,0.5860151297851282,-0.06078835705628297,0.6111145889180613,0.6261815004628696,-0.06537695484580118,0.7970318424011928,0.6119549391765655,-0.026071015607133843,0.7105389541505215,0.6255990693521343,-0.06174299420550133,0.7072164985607803,0.7034017220401456,-0.06170237035489898,0.7241052232916374,0.7490237260829735,-0.05218329735350907,0.8179717959388514,0.647054785233585,-0.04796053019438318,0.7418960935740317,0.6701010953760373,-0.07248444628645445,0.7340961357351465,0.7297714685783283,-0.06861746001028649,0.7469403229455279,0.7617184874891842,-0.059136105781257185,0.0,0.0,0.0,0.0,0.0,0.0,0.0,0.0,0.0,0.0,0.0,0.0,0.0,0.0,0.0,0.0,0.0,0.0,0.0,0.0,0.0,0.0,0.0,0.0,0.0,0.0,0.0,0.0,0.0,0.0,0.0,0.0,0.0,0.0,0.0,0.0,0.0,0.0,0.0,0.0,0.0,0.0,0.0,0.0,0.0,0.0,0.0,0.0,0.0,0.0,0.0,0.0,0.0,0.0,0.0,0.0,0.0,0.0,0.0,0.0,0.0,0.0,0.0,0.2809073368127537,0.43178108587394637,0.01818758960693842,0.3372890445271525,0.43553414970886617,0.003730262655799334,0.42388271746760364,0.4253832790889799,-0.001499016961094583,0.4782617243582655,0.4067264705888942,0.0065506023265531205,0.3850838569334659,0.5397954833664328,-0.07101491846786669,0.3873327965091212,0.5565229838241588,-0.03412330377217376,0.38366194276994486,0.5223521404744996,-0.07717425344514255,0.3822955712059721,0.49821682473531437,-0.07401589319322534,0.37012769629154285,0.5241678288489714,-0.07496731994383629,0.39744104368153715,0.5208366628841773,-0.07617180358215334,0.33671158141567237,0.6259156350843542,0.018958444166414075,0.45045855547765584,0.6172535041354115,0.011823196887309817,0.3924614331943232,0.5995784311708787,-0.031185039482597668,0.39538977564673383,0.6573581927176494,-0.011271348283637319,0.3236672674893648,0.6289785070250075,0.02152384453934458,0.46612397170936126,0.6127367301637248,0.01334960808003593,no,2025-11-18T07:29:33.704889
0.7942518470581104,0.8576868118772919,-6.932294045690663e-07,0.7288982312906349,0.8124402231973411,-0.005177028484201531,0.6840993312695047,0.7317031107557626,-0.013151535617864363,0.6536048180453438,0.6783080776006257,-0.026484916417342245,0.6138965809862851,0.6415178957587649,-0.039346967981359574,0.7335389295788511,0.600451857707214,0.009455526275493268,0.6739663893462415,0.5590795533613033,-0.027252867554249112,0.6297885556583815,0.586504257756413,-0.05510135707817862,0.6018811012802958,0.6236086262863336,-0.0690087607765711,0.7668816220154022,0.5953879443319832,-0.006089353919906188,0.6922007466387492,0.5487332550392047,-0.04226445025004018,0.6402184214215638,0.5876981738708356,-0.06062956777567814,0.610951884360001,0.6289136197706957,-0.06516031676144163,0.796468954647862,0.6120733677396805,-0.026206968283064833,0.7107745561062513,0.6258944784378927,-0.0619433909735812,0.7074537561868995,0.704037535948738,-0.061813650508407855,0.7239479046431789,0.7510643852239514,-0.05221366550898701,0.817454025220097,0.646993306150957,-0.04791659636931683,0.741780907256834,0.6700589304852599,-0.07248854523862136,0.7332505713103376,0.7298790085010477,-0.06862413355600651,0.7449548583378458,0.7630966185271544,-0.05912917949530484,0.0,0.0,0.0,0.0,0.0,0.0,0.0,0.0,0.0,0.0,0.0,0.0,0.0,0.0,0.0,0.0,0.0,0.0,0.0,0.0,0.0,0.0,0.0,0.0,0.0,0.0,0.0,0.0,0.0,0.0,0.0,0.0,0.0,0.0,0.0,0.0,0.0,0.0,0.0,0.0,0.0,0.0,0.0,0.0,0.0,0.0,0.0,0.0,0.0,0.0,0.0,0.0,0.0,0.0,0.0,0.0,0.0,0.0,0.0,0.0,0.0,0.0,0.0,0.2896455247906542,0.43362294263904533,0.013728379103689223,0.3463439838428991,0.43564863518005564,0.001706636698468151,0.4328835430628347,0.4240167932529479,0.0003908806452468808,0.4864667431739295,0.4037426367398359,0.010798347038408644,0.3988740159835176,0.5394149547893718,-0.07066042352789009,0.40016177269570746,0.5560658070022588,-0.03386708462296051,0.39739699020478136,0.5220466759444184,-0.07680920495652857,0.39538359266418144,0.49797473202402925,-0.07365264751123402,0.38374503875570337,0.524233546401567,-0.07504154502269177,0.4109875034424837,0.5201612470724293,-0.0753652170839119,0.34862053189016345,0.6259263994570788,0.016016782922413018,0.4618658269732182,0.6141104807149378,0.014127050988046064,0.40599981654795203,0.5969502582757165,-0.031110607635023275,0.4090056917135952,0.655620854753066,-0.010976989318156617,0.3349203514694825,0.6305652341758032,0.018264979168385403,0.47657211292224655,0.6098173997727193,0.01612987114560926,no,2025-11-18T07:29:33.833013
0.7947907983211542,0.8570245773558822,-6.852089784569768e-07,0.7289034446591419,0.8120779726406933,-0.005177451301145603,0.6841316892553578,0.732077692062299,-0.013328472544777509,0.6540765527185032,0.6784600952997941,-0.026877762965133695,0.6148778957387327,0.6414126844707215,-0.03989028798843484,0.7329409440145842,0.5993255828128813,0.009690215825069726,0.6736610141635535,0.5583794840552244,-0.027258069122643145,0.6296847651186195,0.5860607510000174,-0.05543090573232566,0.6020177973061025,0.6232469863494962,-0.06952280209782305,0.7663445359165298,0.593919758375098,-0.006024202557719136,0.6929168236768117,0.5476594968490549,-0.04227135325867468,0.6410947067549408,0.5864357413600851,-0.06070115728852724,0.6118279018853533,0.6275309516261468,-0.06524742272302886,0.7960525956577476,0.6105696886305825,-0.026376467163566585,0.711081363412699,0.6255197482693156,-0.06186822690475649,0.7078382813203021,0.7031213883376044,-0.06175941501045431,0.7243645599170332,0.7498585707190466,-0.052262310144186766,0.8173274025674765,0.6455607845738153,-0.048399054252292045,0.7420762331999502,0.669398886247879,-0.07272735926491386,0.7334487800895255,0.729238145932195,-0.06883908171898034,0.7449208965475392,0.76251905554234,-0.05938443403826655,0.0,0.0,0.0,0.0,0.0,0.0,0.0,0.0,0.0,0.0,0.0,0.0,0.0,0.0,0.0,0.0,0.0,0.0,0.0,0.0,0.0,0.0,0.0,0.0,0.0,0.0,0.0,0.0,0.0,0.0,0.0,0.0,0.0,0.0,0.0,0.0,0.0,0.0,0.0,0.0,0.0,0.0,0.0,0.0,0.0,0.0,0.0,0.0,0.0,0.0,0.0,0.0,0.0,0.0,0.0,0.0,0.0,0.0,0.0,0.0,0.0,0.0,0.0,0.28603740134376765,0.4315742037061117,0.0160274835393572,0.3420472093591937,0.4341335073864756,0.003044340387693853,0.42873635008366345,0.42315138363933713,4.828259558122732e-05,0.48314108333127326,0.40370218232255467,0.00939877556879348,0.39336514541336676,0.5395920935312368,-0.07097829694088978,0.3949855117636557,0.5561229036537173,-0.03404109422891399,0.3919216436867565,0.5221683932662461,-0.0771207324368939,0.39013317039558254,0.49784660761681965,-0.0738627985497664,0.37824777973094004,0.524320615602288,-0.07515006765185073,0.4056444054411439,0.5202609776545618,-0.07585018205355645,0.34325516121256827,0.6236307145295648,0.01628173501683576,0.4565120858594271,0.6131536717062696,0.012241336282177634,0.400168139284413,0.5950139887436474,-0.031472372164846496,0.40307323143209206,0.6539540199725871,-0.011830402320486495,0.33076317844985204,0.6304904561000476,0.018806073836788603,0.47165113026121025,0.6104744445248027,0.014149443369718016,no,2025-11-18T07:29:33.958673
0.7929689853860867,0.855644686568032,-3.876096692556351e-07,0.7284017066416284,0.815009997958988,-0.006807298401260401,0.6833983994448787,0.7355971207770906,-0.015772972452157794,0.6504910470692431,0.6847176422543892,-0.030212638076032652,0.6086838027964294,0.653299991861139,-0.0440633942301326,0.7232704023413833,0.608311139261055,0.00785596646133998,0.6751843495786487,0.5565671090472655,-0.027394649041101768,0.636171588787566,0.5577389540865871,-0.05455788868805366,0.6058645433559626,0.5692163202564284,-0.06935588099719377,0.7586780431715066,0.5996375403680452,-0.008437917215037536,0.6986087924498255,0.5394286415901158,-0.047811871371659306,0.6480121723319382,0.5537779659902538,-0.0691847407007097,0.6128934879528696,0.5758372641240781,-0.07504159523450027,0.790994863054475,0.6146314009788044,-0.028923945484163282,0.7083388157948658,0.6301104703241567,-0.06638896037096116,0.7055392187470041,0.7075984897124729,-0.06593085216474635,0.7208894099138083,0.754372603011272,-0.054844532264709846,0.8143804483292552,0.6487986065126767,-0.05140956528146333,0.7407820598143916,0.6765767545920639,-0.07509822742632213,0.7331364336162349,0.735866066507815,-0.07014678100469662,0.7452587123004115,0.7687734931394409,-0.05981902150505036,0.0,0.0,0.0,0.0,0.0,0.0,0.0,0.0,0.0,0.0,0.0,0.0,0.0,0.0,0.0,0.0,0.0,0.0,0.0,0.0,0.0,0.0,0.0,0.0,0.0,0.0,0.0,0.0,0.0,0.0,0.0,0.0,0.0,0.0,0.0,0.0,0.0,0.0,0.0,0.0,0.0,0.0,0.0,0.0,0.0,0.0,0.0,0.0,0.0,0.0,0.0,0.0,0.0,0.0,0.0,0.0,0.0,0.0,0.0,0.0,0.0,0.0,0.0,0.27607313592502714,0.4266024123312663,0.023091622353382118,0.33010962348033235,0.43004537005008747,0.006825642940010533,0.4161799357058179,0.4211437304024704,-0.0015872525785831542,0.47165296416052493,0.4029725406317973,0.004440554352525132,0.37475922737930606,0.5339447291214992,-0.07100209129123232,0.37773732089189865,0.5511029981716158,-0.034563026674236164,0.37335303638004513,0.5164312697112785,-0.07692908677971289,0.37228640820060654,0.49243393751545633,-0.07342446597319596,0.3600089908262015,0.5183046526078152,-0.07436031602053977,0.3870713951968445,0.5150628327870892,-0.07626502254461766,0.3289368296497488,0.6192090869515194,0.0190179179678028,0.4420919528923677,0.61132331464914,0.007739013292744193,0.37885853079237586,0.5912128154091162,-0.03244859273260883,0.38305023811919087,0.6515531494363668,-0.013312868665090297,0.31644380955993273,0.6244090368726556,0.021982309419564937,0.45793977049101775,0.609520513363857,0.008983031791814478,no,2025-11-18T07:29:34.105079
0.7929185911751753,0.8543465055764965,-1.546525620926697e-07,0.7296106745927106,0.817150675592348,-0.009403953795266163,0.6825766730767789,0.738772832878093,-0.01899768608188334,0.6476684749945062,0.6898135776255314,-0.03360598772559834,0.6038441549306244,0.6645977817849091,-0.04778542616045738,0.7151088048961249,0.6134528630551338,0.0031538753572302016,0.674462010642901,0.5545672955209472,-0.028436050018869556,0.6414327668592981,0.5369184584714399,-0.052610352129442484,0.6126080843992338,0.5272721247573875,-0.06677310455918953,0.7530098082049397,0.602451787485582,-0.012643530322814083,0.7017534557113019,0.5333163689537035,-0.050124526943759455,0.6550140436244651,0.5276479885416967,-0.07104931290864341,0.6179368922823277,0.5314212787466857,-0.07732918641667907,0.7886460623847051,0.6157708994926219,-0.03208338747799492,0.7093080673746668,0.629334374203979,-0.07037384593960808,0.7050550243076603,0.7078120918029527,-0.06961908259487204,0.7179021341275127,0.7564736039996851,-0.057669045454979126,0.8143714871345983,0.6498527336705382,-0.053599495625293585,0.7418607362041165,0.67943094230801,-0.07787047871197851,0.7333493919446836,0.7397968454620831,-0.07218866263689078,0.7448887941880781,0.7744691952906524,-0.06112982018884644,0.0,0.0,0.0,0.0,0.0,0.0,0.0,0.0,0.0,0.0,0.0,0.0,0.0,0.0,0.0,0.0,0.0,0.0,0.0,0.0,0.0,0.0,0.0,0.0,0.0,0.0,0.0,0.0,0.0,0.0,0.0,0.0,0.0,0.0,0.0,0.0,0.0,0.0,0.0,0.0,0.0,0.0,0.0,0.0,0.0,0.0,0.0,0.0,0.0,0.0,0.0,0.0,0.0,0.0,0.0,0.0,0.0,0.0,0.0,0.0,0.0,0.0,0.0,0.2700027714136702,0.42410614543565267,0.02693027011344195,0.3228119151833119,0.42732106337339426,0.00894543263147568,0.408938606864292,0.4200933078529838,-0.0021321994619800614,0.46513393988494234,0.4020700411870611,0.0023767109052517795,0.36504569666790165,0.5299548522392774,-0.07126832521095047,0.3687014169652669,0.5475459110311509,-0.03521412764869397,0.3635517071367465,0.5123034406036251,-0.0769875021453496,0.36271341098087273,0.48851537810049395,-0.07322701067677018,0.3504360795328975,0.5140941772045576,-0.07412934552743602,0.3772184969377167,0.5111174404394888,-0.07662931103932619,0.321122877043159,0.6159123361393339,0.020254179801526922,0.4341796989899003,0.6090073971660313,0.005376903456128852,0.36870032264430347,0.5892215998794696,-0.03345870186898138,0.3733402962618202,0.6498565055005014,-0.014250884243811714,0.30860862567573355,0.6201222325552853,0.02332703443798052,0.4507252855455348,0.6064253839593028,0.006189970854293958,no,2025-11-18T07:29:34.248246
0.7910490475464347,0.8493652004868414,-6.4511708211467375e-09,0.7282798851593619,0.8112605628060923,-0.010491932975566394,0.6775769078961165,0.7327444670238397,-0.01964201503681989,0.638312336843414,0.6886621830331179,-0.03369034387069082,0.5927778428080246,0.6691032808460678,-0.047460952143253216,0.7097388471139713,0.6101588663248538,0.0025563989201285915,0.6699284266337826,0.5499571056214203,-0.025894188422065336,0.6399459862433697,0.5215352759409659,-0.047724194571725026,0.6126689957175306,0.49794522904853933,-0.061452818607691154,0.7483108402005686,0.5981974830696495,-0.012974268901449489,0.6985364051227255,0.5256038283786767,-0.048050130246081124,0.6544314650571667,0.508258619181203,-0.06809075308799442,0.6173553680237933,0.49799628795770867,-0.07475313435843262,0.7860358159595034,0.6104928668529394,-0.031956007234156605,0.7072030799653333,0.6191150168253476,-0.07149376985667728,0.7006425391046663,0.7015320763465752,-0.07053908739733722,0.7112776688074545,0.7529415503919477,-0.05786253048813352,0.8133822185962909,0.6453131342226592,-0.05289440052499192,0.7419769410257185,0.6732282840068645,-0.07862924684209421,0.7323834047354644,0.7351588747631308,-0.07272718208462733,0.7437118052265921,0.7709562770944076,-0.06129754364041798,0.0,0.0,0.0,0.0,0.0,0.0,0.0,0.0,0.0,0.0,0.0,0.0,0.0,0.0,0.0,0.0,0.0,0.0,0.0,0.0,0.0,0.0,0.0,0.0,0.0,0.0,0.0,0.0,0.0,0.0,0.0,0.0,0.0,0.0,0.0,0.0,0.0,0.0,0.0,0.0,0.0,0.0,0.0,0.0,0.0,0.0,0.0,0.0,0.0,0.0,0.0,0.0,0.0,0.0,0.0,0.0,0.0,0.0,0.0,0.0,0.0,0.0,0.0,0.262053975957804,0.4237458976775813,0.028422738123880627,0.3154181757093699,0.4280976438988782,0.008620824269107458,0.40105227643553343,0.420184170186639,-0.005337179051450589,0.4574829214328734,0.4019518920220202,-0.002628371397719841,0.35550902792417605,0.5307166882236731,-0.07109402749009018,0.3601189944723948,0.547690094092083,-0.03484373989146086,0.3539023404658418,0.5130148971244749,-0.07701134913542848,0.3532684815562628,0.4890196775708692,-0.07361080870504616,0.34092538954367047,0.5146040932924492,-0.07384254908121908,0.3676226050352875,0.5117900580054653,-0.07699958617204308,0.3125346860496557,0.6111385017774764,0.025529726391525696,0.42989081420804676,0.6026440753892748,0.00648937263733507,0.35995025790551816,0.5891641096187662,-0.03170126191036416,0.3648896155324146,0.648591785484168,-0.012209277340007596,0.3003673724062719,0.6157690477961973,0.028537307170195515,0.4456569842177366,0.6028707520535039,0.006625550377926059,no,2025-11-18T07:29:34.445059
0.7888699393654109,0.8453148433998539,3.3734861736720593e-08,0.7263484579853359,0.8069447187924199,-0.011033348855781559,0.6736697298403159,0.7280786989946316,-0.020255248552500466,0.6325821265782927,0.6860333143406556,-0.034200846813108206,0.5862560543061577,0.6682338794786675,-0.048072053735644285,0.7059506756550691,0.6086757807328462,0.00023050370596838375,0.667210904305432,0.5470144197864945,-0.026485814297249596,0.6387652766566885,0.5138763182187435,-0.04709045762586171,0.6114981197612311,0.4840620357965475,-0.060539328279794864,0.7453426897879369,0.5960851128135876,-0.01485188172911706,0.6979171381177744,0.52212458727169,-0.04789030109246481,0.6554981483954352,0.49838553779914335,-0.06699938020586817,0.6177685665516458,0.4820808556754791,-0.07389526760007278,0.7842847307946932,0.6072252003446521,-0.03309873747423315,0.7066068300140997,0.6140739132798461,-0.07204563303410302,0.6985397105618547,0.6972322218357021,-0.07093531282866014,0.7068607236611583,0.7503457077235159,-0.058476591029942085,0.8130434802755472,0.6411769044545456,-0.053256078669378246,0.7420656206192893,0.6674810152677451,-0.07912068018874921,0.7307371668834182,0.7310238848989604,-0.0730839078994132,0.7401063322435756,0.7698398824742058,-0.06174540906920191,0.0,0.0,0.0,0.0,0.0,0.0,0.0,0.0,0.0,0.0,0.0,0.0,0.0,0.0,0.0,0.0,0.0,0.0,0.0,0.0,0.0,0.0,0.0,0.0,0.0,0.0,0.0,0.0,0.0,0.0,0.0,0.0,0.0,0.0,0.0,0.0,0.0,0.0,0.0,0.0,0.0,0.0,0.0,0.0,0.0,0.0,0.0,0.0,0.0,0.0,0.0,0.0,0.0,0.0,0.0,0.0,0.0,0.0,0.0,0.0,0.0,0.0,0.0,0.2575988816709186,0.4242884354129636,0.03033217353569806,0.31093738568431295,0.42789845588155273,0.009071717306550084,0.39637476709636016,0.4204378450811506,-0.0071109968096572645,0.453008168613623,0.4023332957643899,-0.005688977566890945,0.34841647003394166,0.5306056890825397,-0.07137083576652947,0.3538261847485952,0.5477053823960781,-0.0349566009016888,0.3467477860719254,0.5128076297126738,-0.0773590181439071,0.3463819808084201,0.4887387680666694,-0.07406397722897648,0.33387246430689993,0.5143297620907894,-0.07394460278529566,0.36057716164468845,0.5116091176810926,-0.07760418397542775,0.3065260480447787,0.6084360078047844,0.0285079362717726,0.4264135225529751,0.5994714148022576,0.006319746753306989,0.3542566068809207,0.5896651007688558,-0.03128408304729319,0.35949262666536197,0.6485799992350803,-0.01149189878291526,0.2948654081288714,0.6140070355233886,0.03154510271408316,0.44203539151339405,0.6016727336431765,0.00602656162707052,no,2025-11-18T07:29:34.577294
0.7875464072418332,0.8408336554683901,5.120862919781755e-08,0.7257390907671125,0.8024010016691592,-0.011149743164533378,0.6714152863679119,0.7226999282250379,-0.02016756568399035,0.6292475752634811,0.6815442174043976,-0.03382693773109996,0.5826560990334194,0.6647000650921933,-0.047606052207544776,0.7044686070326279,0.6058191373146653,-0.00038405608167627265,0.6664008635010589,0.5443892501554695,-0.02613795853855743,0.6388149267366237,0.509185790659207,-0.04594682243847636,0.6117140662320866,0.4762970904099467,-0.05915282516315659,0.7440668732104663,0.5927895811813452,-0.015344407678420853,0.6975127928347509,0.5186358982195852,-0.04757554980317706,0.6558287448653659,0.4929070120731709,-0.06597999702632351,0.6180902623846334,0.47432579532660063,-0.07260492789459892,0.7836841444386369,0.6035095854647607,-0.03338371158935141,0.7067727271980594,0.6093839908558502,-0.0726710601827467,0.6986028435431039,0.6930671807496992,-0.07152778477531678,0.7066237641209234,0.746710449849078,-0.0588761780009568,0.8135102416865407,0.6373238092734002,-0.053216229681645376,0.7427797080070934,0.6618252744986491,-0.07962209333758254,0.7312555994996772,0.7259723728331624,-0.07352148395635372,0.7404239117806624,0.7658696768785824,-0.0620571915794122,0.0,0.0,0.0,0.0,0.0,0.0,0.0,0.0,0.0,0.0,0.0,0.0,0.0,0.0,0.0,0.0,0.0,0.0,0.0,0.0,0.0,0.0,0.0,0.0,0.0,0.0,0.0,0.0,0.0,0.0,0.0,0.0,0.0,0.0,0.0,0.0,0.0,0.0,0.0,0.0,0.0,0.0,0.0,0.0,0.0,0.0,0.0,0.0,0.0,0.0,0.0,0.0,0.0,0.0,0.0,0.0,0.0,0.0,0.0,0.0,0.0,0.0,0.0,0.25488293406818635,0.4248114444978637,0.030964217771824898,0.30760224706235606,0.42833281518194916,0.00899924164989379,0.3922615076460042,0.4214616132229865,-0.008383886276213254,0.4491503207264892,0.40345166942569777,-0.007735412637409086,0.34423510359874265,0.5311755614449564,-0.07110604801045628,0.35010091447779795,0.5481776149517774,-0.03468359094719373,0.34250593198688284,0.5133943072002395,-0.0771686161145046,0.3422338012019014,0.4893347137996082,-0.07403550949065744,0.3297201231160507,0.5148753676958616,-0.07363213816175183,0.3563391544097618,0.512188931551728,-0.07755480802236467,0.30347386651258557,0.6084318555926845,0.030538478629164804,0.4243371717093031,0.599332851528021,0.006639886603743734,0.3497482869943468,0.5901250470656413,-0.03050987254519391,0.3558310403815549,0.6486175280942552,-0.01070190796646793,0.2919056160183618,0.6132272380738129,0.03357892489362834,0.44001474210812985,0.6010276798499239,0.006087509577115582,no,2025-11-18T07:29:34.701005
0.7858635838127196,0.8382513778764833,4.9637417218023065e-08,0.7258235062790945,0.7997049368506624,-0.011215433740344644,0.6714707995979879,0.7191489278976905,-0.01995722333116811,0.6295372989079857,0.6777625545544785,-0.03320334005156797,0.5833381184101423,0.6595364084024962,-0.046680115783013565,0.704804420036242,0.6040970243114769,-0.0008665065177052161,0.6670466431839401,0.5416489850859745,-0.026110468095553587,0.639774710234538,0.5052135584956496,-0.04533395773363008,0.6127588158671267,0.4712572147243978,-0.05814458540894131,0.7444322601049127,0.5910531534561205,-0.015483219311026489,0.6977873083398303,0.5165547278459071,-0.047606975596149535,0.6561961326484422,0.4899206581552683,-0.06575789039701185,0.6183243346072337,0.470468679742997,-0.0721380020067725,0.7840831031507912,0.6011897228185162,-0.03308096685159957,0.7077536197635805,0.6056337607363051,-0.07271483014926139,0.6993907333712834,0.6896481750592216,-0.07148497835329179,0.7068987048086459,0.7439714225105986,-0.058539386259809145,0.8144730640347987,0.6339806976950955,-0.052361089514928336,0.7440748096004706,0.6576916153586843,-0.07904530117800185,0.7332854909901493,0.7218957337455302,-0.07282519912649038,0.742778834685955,0.7619886695397551,-0.061099967955982076,0.0,0.0,0.0,0.0,0.0,0.0,0.0,0.0,0.0,0.0,0.0,0.0,0.0,0.0,0.0,0.0,0.0,0.0,0.0,0.0,0.0,0.0,0.0,0.0,0.0,0.0,0.0,0.0,0.0,0.0,0.0,0.0,0.0,0.0,0.0,0.0,0.0,0.0,0.0,0.0,0.0,0.0,0.0,0.0,0.0,0.0,0.0,0.0,0.0,0.0,0.0,0.0,0.0,0.0,0.0,0.0,0.0,0.0,0.0,0.0,0.0,0.0,0.0,0.2531571996085561,0.4271851588372192,0.031668517584471256,0.30611313405783513,0.4309545207081926,0.009119773816211953,0.39109146720953775,0.4238933330997974,-0.009131727899624867,0.4483765198975082,0.4058893115376093,-0.008947732893137394,0.34263031744535216,0.5329864957417043,-0.07086422372990236,0.348811780333267,0.5499385670545935,-0.034470799475214295,0.3408266306586636,0.5153838749250403,-0.07694277661961688,0.3405671836514878,0.4915707912955942,-0.0738658565102461,0.32811241522623824,0.5169256406102447,-0.07331092019324165,0.3546532232400753,0.5141382615999148,-0.07743134769885972,0.30332625236620947,0.6106749672460341,0.03118425688960796,0.42342944105255803,0.602006724655078,0.0060336191454236215,0.3491241203705712,0.5930071586856374,-0.03039067154595816,0.3553400255437514,0.6525016835398492,-0.01009400476710657,0.2918826362953518,0.6148554632141525,0.034366371139531726,0.4389914235929367,0.6022996666080064,0.005454904696414971,no,2025-11-18T07:29:34.835519
0.784922721748355,0.837588203815561,4.523352156024202e-08,0.726163618049673,0.7989624876323319,-0.010976260658963025,0.6721597803398418,0.7177244990917437,-0.019735136712707487,0.6299504114340496,0.6753516428015313,-0.03315557488699576,0.5831915024995963,0.655829303968933,-0.04684356072236978,0.7059747872562039,0.6026765186140209,0.00012752924169009223,0.6683505360714165,0.5397792166163973,-0.024819126184290982,0.6411330254358725,0.5023565291467353,-0.04383758756613679,0.6140712204488221,0.46780435988276015,-0.05658133197236826,0.7452612765177579,0.5895212418739343,-0.01464572648723312,0.6973181186341028,0.514934994128108,-0.04702555612275987,0.6552292184772363,0.48740922524729663,-0.06544401365205627,0.6171077465940069,0.46696560565480844,-0.07195650313723254,0.7850420648905965,0.5998049925776237,-0.03239714246565479,0.7090253935323793,0.6043677753438148,-0.07220701237969013,0.7009012818982729,0.6880583285383693,-0.07105022065605225,0.7084756869284776,0.7425015942242019,-0.058029379406221215,0.8160611546484724,0.6322409839946425,-0.05178222607932353,0.7458665311582675,0.6539444116431941,-0.07820889254356597,0.7352634093763766,0.7176306442775502,-0.07174146833980502,0.7448373421953487,0.7578143029934493,-0.05983137667151063,0.0,0.0,0.0,0.0,0.0,0.0,0.0,0.0,0.0,0.0,0.0,0.0,0.0,0.0,0.0,0.0,0.0,0.0,0.0,0.0,0.0,0.0,0.0,0.0,0.0,0.0,0.0,0.0,0.0,0.0,0.0,0.0,0.0,0.0,0.0,0.0,0.0,0.0,0.0,0.0,0.0,0.0,0.0,0.0,0.0,0.0,0.0,0.0,0.0,0.0,0.0,0.0,0.0,0.0,0.0,0.0,0.0,0.0,0.0,0.0,0.0,0.0,0.0,0.2534763818916041,0.42968087440151975,0.0311579619695089,0.30622554333583285,0.43350124597840967,0.008602420134417183,0.3920949554780523,0.42556497485563904,-0.00980051987395384,0.4491545177593468,0.40763359224074375,-0.009784921089812248,0.3428355557897461,0.5359092820925013,-0.07077281588878923,0.3490947360395125,0.5524126626910388,-0.03427000860835185,0.34100717309452955,0.5184481916586872,-0.07691065096816606,0.34071040757395865,0.494671533848557,-0.07395696430496589,0.3282870758334484,0.5199469068186416,-0.07327072749259403,0.35482387934312115,0.5171502133824312,-0.07742698328241326,0.304099755120826,0.6130207428717506,0.03205336857248667,0.4239714203267704,0.604815150886499,0.006651291030705199,0.3490880214651547,0.5956840572004084,-0.029875881550061524,0.35559750682094793,0.6545587088200955,-0.00889042443134715,0.29248637067605726,0.6163450752235619,0.035237939111712274,0.4394759516646324,0.6035899401727471,0.006044135577266466,no,2025-11-18T07:29:34.953737
0.784708441677095,0.8399608199139146,-6.787892154651447e-09,0.7259742579269666,0.8011339077623176,-0.01027083217196837,0.673499847092452,0.7199354454801675,-0.01886200611050795,0.6325926817035055,0.6765144582759182,-0.03237795431862186,0.5858092250466427,0.6555022863094939,-0.04614448655987721,0.70779921103571,0.602767650214298,0.0023163286878660583,0.669172623973666,0.5417629930223252,-0.022840905850383807,0.6411331967255809,0.505567669823917,-0.04267046751129601,0.6129763574854584,0.47288640712186103,-0.05597617411816502,0.7463809374741956,0.5906447235198986,-0.012809675686157682,0.6973280816387524,0.5189162976278663,-0.04508506246184304,0.6544790604085857,0.4926943436970278,-0.06372518585465839,0.6159247446024692,0.4730625400138361,-0.07066942142659509,0.7852719215081797,0.6016110753522274,-0.031095682104798048,0.7088143878214874,0.6048294517511921,-0.07019943053748415,0.7018635332907502,0.6877399146106,-0.06846370991451295,0.7100674101813866,0.7416548021627601,-0.05549434744251147,0.81606549801668,0.634322719351371,-0.0511144184885515,0.7458471328143175,0.6533404781261319,-0.07686031187546837,0.7352027605773179,0.716472486474026,-0.06991805838030786,0.7445933513306761,0.7566597535970969,-0.057896744236209836,0.0,0.0,0.0,0.0,0.0,0.0,0.0,0.0,0.0,0.0,0.0,0.0,0.0,0.0,0.0,0.0,0.0,0.0,0.0,0.0,0.0,0.0,0.0,0.0,0.0,0.0,0.0,0.0,0.0,0.0,0.0,0.0,0.0,0.0,0.0,0.0,0.0,0.0,0.0,0.0,0.0,0.0,0.0,0.0,0.0,0.0,0.0,0.0,0.0,0.0,0.0,0.0,0.0,0.0,0.0,0.0,0.0,0.0,0.0,0.0,0.0,0.0,0.0,0.2577628794280866,0.43588388982126614,0.027955829593009837,0.3097951586622783,0.43897037327435345,0.006522640486221496,0.3953649628330966,0.4310134501811154,-0.01031784111895014,0.45248941665364495,0.41352873521682265,-0.009447655183575616,0.347513114570517,0.5415609414002546,-0.07023324278278496,0.3533036795555915,0.5575247574777216,-0.03355454912019308,0.34569802881945105,0.5243919878085611,-0.07653873351197038,0.34518139366258205,0.5007695607074664,-0.07388275756981083,0.33289424125153255,0.5258903373547859,-0.07308979918421472,0.3594809283524001,0.5229842315424424,-0.07688591175548543,0.30796287289885294,0.6178217952144092,0.03213137129152478,0.4275499909117525,0.6092846222667511,0.008885586337775104,0.3545109671096068,0.6011389522375943,-0.028915740339630753,0.3603065961896335,0.6597912562655165,-0.006672139999013791,0.29597201996708744,0.6211132841575726,0.0352757857254757,0.4424477060998409,0.6074172795327084,0.008552317116054422,no,2025-11-18T07:29:35.070705
0.7855341441345223,0.8452315958509697,-1.5685426608439627e-07,0.7271466534042487,0.8046205227211857,-0.007882978799905255,0.6779540303539348,0.7262656830214558,-0.017027147507945053,0.639466287522285,0.6821142492776533,-0.03153899113063967,0.594310638409857,0.655577732500679,-0.04623699615073672,0.7157644703440573,0.6054597516494311,0.004821461388046308,0.6752599076537183,0.547341190419854,-0.023571960585938478,0.642635706848966,0.5204405188337724,-0.046396852292358744,0.6107427702077255,0.5020188807173789,-0.060268383146347526,0.7529284419502936,0.5949314268157965,-0.010763857297647466,0.6996681347047979,0.5271066370970905,-0.044588735887284056,0.6533746887431112,0.5120304055864595,-0.06407760330211366,0.6142791950684923,0.5050924544131985,-0.07093803280201597,0.7896300448738867,0.6069750475638089,-0.02966805380849634,0.7112321581956406,0.6115499244687357,-0.06815559816969537,0.7045748859805496,0.6923786133302329,-0.06643906457415596,0.7137567792884625,0.7460966054595082,-0.053697385752858595,0.8185533920041743,0.6395397268612781,-0.05015709294965333,0.7467838063897637,0.6574814117868362,-0.07490477499848897,0.7353187357783898,0.7201851208100263,-0.06766128145894512,0.7440587427448822,0.7608849741400859,-0.05536469619714163,0.0,0.0,0.0,0.0,0.0,0.0,0.0,0.0,0.0,0.0,0.0,0.0,0.0,0.0,0.0,0.0,0.0,0.0,0.0,0.0,0.0,0.0,0.0,0.0,0.0,0.0,0.0,0.0,0.0,0.0,0.0,0.0,0.0,0.0,0.0,0.0,0.0,0.0,0.0,0.0,0.0,0.0,0.0,0.0,0.0,0.0,0.0,0.0,0.0,0.0,0.0,0.0,0.0,0.0,0.0,0.0,0.0,0.0,0.0,0.0,0.0,0.0,0.0,0.2678950430437018,0.4455674341455574,0.019219112330410425,0.3215938744733129,0.44617214113546777,0.0013012110222930628,0.4075737410868059,0.43534531452041303,-0.009736132595131045,0.4633875394139349,0.417290893582685,-0.005217554110258602,0.3666320468778107,0.5506950584362571,-0.07067832081160619,0.3707880570143146,0.5656280601486966,-0.03285006562984256,0.3647303432309078,0.5338115587274312,-0.07744293628623383,0.3633425921397856,0.5100135828916512,-0.07529915071798418,0.351407992560657,0.5356112951670322,-0.07462955186695439,0.37861766466047586,0.5318201606625786,-0.07712336030241007,0.32248042936934834,0.6254272969907495,0.03082806114954085,0.4422793849803361,0.6121180270090012,0.015381801725193914,0.37353314666649007,0.6079546227366865,-0.027246143563923193,0.3794649121313768,0.6658660895013191,-0.0033679831317681473,0.3094363811297458,0.6301959374183707,0.033517870357216074,0.45725861888949715,0.6110573381439635,0.01581978731770939,no,2025-11-18T07:29:35.242104
0.7910220924472813,0.8498868958239681,-4.2477985376811575e-07,0.7293519815158909,0.8070814701237154,-0.008278728479130007,0.6818277300989186,0.7308507036399393,-0.017867445211251255,0.6465140590214574,0.6832664637806724,-0.03248560329141694,0.6050142035394928,0.650983668057743,-0.04675677445864911,0.7215834296967937,0.6014671633460779,0.006539159801391146,0.6724380948199775,0.5554548614433712,-0.02641330936681558,0.6346327085232073,0.5559806525595864,-0.052377863232165506,0.6055564098421745,0.5647387265525371,-0.06664220041087365,0.7573536069137912,0.5935473755859377,-0.007990120103606814,0.694959206112012,0.5412911148551554,-0.042866078485486396,0.6473384583585247,0.5542336616841447,-0.06211681414728982,0.6143885177365014,0.5714088144201155,-0.06819644045634589,0.7913540548962024,0.6077720963832228,-0.026636099541031293,0.7120045287667045,0.6203287892817159,-0.0638673865676577,0.7066986277780251,0.6994373366123974,-0.06320173776741513,0.7189353602405447,0.7502702148753687,-0.05217990694674943,0.817983003413281,0.6412772577444513,-0.04701987117077145,0.7456106014580501,0.6638390917042701,-0.07141243560853747,0.7348918395936779,0.7251588503067465,-0.06593167957286589,0.7441968692457473,0.7630928028316091,-0.05504956929009627,0.0,0.0,0.0,0.0,0.0,0.0,0.0,0.0,0.0,0.0,0.0,0.0,0.0,0.0,0.0,0.0,0.0,0.0,0.0,0.0,0.0,0.0,0.0,0.0,0.0,0.0,0.0,0.0,0.0,0.0,0.0,0.0,0.0,0.0,0.0,0.0,0.0,0.0,0.0,0.0,0.0,0.0,0.0,0.0,0.0,0.0,0.0,0.0,0.0,0.0,0.0,0.0,0.0,0.0,0.0,0.0,0.0,0.0,0.0,0.0,0.0,0.0,0.0,0.2742431164524997,0.45185791210013004,0.013838361822681399,0.32953031052099635,0.45129976823962414,-0.0018421254602792403,0.41584642798129967,0.43790439892700034,-0.00923492562556726,0.470240573300603,0.41874575485198856,-0.0024813671065111497,0.3792077762779938,0.5558880253290447,-0.07015518709342516,0.3823254800662241,0.570345018529167,-0.03204121598410739,0.3772152736824476,0.5390570409317851,-0.0771249568387384,0.3751941517093505,0.5151205075713139,-0.07528446216023492,0.3638061373030107,0.5412019905762987,-0.07472360466882876,0.39093289796782643,0.5365795108255977,-0.0764084018599796,0.3320067024023027,0.6300876693102704,0.029641296066852067,0.4510406933475213,0.6134462164826348,0.019193322323642698,0.38486776604602885,0.6110650904134483,-0.025902246072559035,0.39110478148606803,0.6690501931500126,-0.0017199772007791153,0.31894910348868577,0.6356766034481074,0.03196184023001823,0.4662138854554526,0.6117863938339446,0.020024857153095932,no,2025-11-18T07:29:35.363885
0.7912529857683184,0.8523868926408353,-5.473917842496267e-07,0.7290919641828569,0.8100758538801408,-0.008074881982794869,0.6830177635746973,0.733775619230248,-0.017458919068495272,0.6505026225817125,0.6837919368864451,-0.031690917411756905,0.6110448532059799,0.6489616218649463,-0.045422840999246816,0.7239589411629415,0.6009322558750043,0.0073411662003831975,0.6697231281823887,0.561695909162924,-0.02772335660522843,0.6295589218008187,0.576427474612389,-0.05505216606153544,0.6016482319863643,0.5991065084617391,-0.06940716403748143,0.7590775505176713,0.5938434459697725,-0.007048733362008747,0.6919190201798006,0.5496540949584767,-0.04242603168856973,0.6440265816744558,0.5765513138933724,-0.06135312156918457,0.6140848359461163,0.6056580872485099,-0.06687674781582514,0.7916202816805078,0.6091709059415504,-0.02593585015527555,0.7111021808414821,0.6249147382020304,-0.06261272549036419,0.7072039999108173,0.703126081073609,-0.0623391313433433,0.7213545092580744,0.7519035474458478,-0.052085837564036716,0.8166569928107665,0.6434697231372097,-0.046620960456854266,0.7441891465351469,0.6676433930029377,-0.07158754713209046,0.734510813042536,0.7285248835655437,-0.06723117916097518,0.7443687207060952,0.764817469750384,-0.05715931436976528,0.0,0.0,0.0,0.0,0.0,0.0,0.0,0.0,0.0,0.0,0.0,0.0,0.0,0.0,0.0,0.0,0.0,0.0,0.0,0.0,0.0,0.0,0.0,0.0,0.0,0.0,0.0,0.0,0.0,0.0,0.0,0.0,0.0,0.0,0.0,0.0,0.0,0.0,0.0,0.0,0.0,0.0,0.0,0.0,0.0,0.0,0.0,0.0,0.0,0.0,0.0,0.0,0.0,0.0,0.0,0.0,0.0,0.0,0.0,0.0,0.0,0.0,0.0,0.2743230462442857,0.45532632746138857,0.012698502682455764,0.3299204766201326,0.4538428095729981,-0.002355498681663103,0.41627394691320385,0.439787140135421,-0.008910416572215469,0.47065066308462766,0.42030861908897343,-0.0017072656566551347,0.38093995366977385,0.5602536938416616,-0.07020410827955026,0.38386025015636493,0.5741662851091575,-0.0319295738329894,0.3788945563158256,0.5434270027885855,-0.07725386499983643,0.37667564526690667,0.5192155546412935,-0.07549466738420987,0.365377102722474,0.5456625132420221,-0.07494500445805635,0.39267138155437065,0.540709804126483,-0.07643820009290217,0.3325431394473061,0.6326444425271445,0.02940014251719497,0.4532503526532986,0.6144089006874538,0.020157522950511438,0.3867629659888653,0.6133308712221965,-0.025477490827276544,0.39268292181565057,0.6705746235048616,-0.0019819944662987166,0.3197859824370156,0.6391552591978086,0.031615099230304526,0.4676355140949901,0.6135371469024764,0.02104585927208172,no,2025-11-18T07:29:35.498093
0.7908536867165566,0.8520980481327803,-6.120800750211475e-07,0.7283147384810464,0.810379909781562,-0.007460064491625363,0.6830246016779431,0.7339175361204036,-0.016462123303522584,0.6518316867238244,0.6827325232089239,-0.030282087375378804,0.6130820062138145,0.6470854373496332,-0.04374357878500282,0.7247231164879191,0.6005871670896475,0.007801892788282877,0.6683372432503587,0.5639413176281081,-0.028112736292509558,0.6268498306208683,0.5844293609233667,-0.05593361947781591,0.5986822052017851,0.6128124385913737,-0.07029302367580706,0.7597315617139901,0.593993418312645,-0.006771479415247647,0.6897412793655655,0.5539510690093897,-0.042953640525400016,0.6407508871106502,0.5884501316628727,-0.06185187802733387,0.6111318747697043,0.6234276161168544,-0.06692903543959935,0.7916872041146374,0.6099353989928089,-0.025936318120321378,0.7103237177744093,0.6265280110954915,-0.06274013504089551,0.7071752924492288,0.7041081827105715,-0.06278334026931645,0.72233567876806,0.7510805197556387,-0.052830844293616945,0.815780424067279,0.6442586342851271,-0.04680814925468274,0.7425237016760055,0.6692962770278208,-0.07236346203521676,0.7335078288540317,0.7297202447937123,-0.06864468797202049,0.744198435870702,0.7645058599285978,-0.05891670960466432,0.0,0.0,0.0,0.0,0.0,0.0,0.0,0.0,0.0,0.0,0.0,0.0,0.0,0.0,0.0,0.0,0.0,0.0,0.0,0.0,0.0,0.0,0.0,0.0,0.0,0.0,0.0,0.0,0.0,0.0,0.0,0.0,0.0,0.0,0.0,0.0,0.0,0.0,0.0,0.0,0.0,0.0,0.0,0.0,0.0,0.0,0.0,0.0,0.0,0.0,0.0,0.0,0.0,0.0,0.0,0.0,0.0,0.0,0.0,0.0,0.0,0.0,0.0,0.26532760264332206,0.45115748483855866,0.019922879260186547,0.3172273963415299,0.45173754829922486,0.0010249109701819087,0.40338083870814306,0.439433376314468,-0.011981635793508246,0.4595312725041516,0.42100837794296236,-0.008833145974310787,0.3600673641487297,0.5590813826435633,-0.07045846771280179,0.3650906333532145,0.5732045705674267,-0.032286766379595135,0.3580065313737026,0.5422422053222865,-0.07745355084350991,0.3566743034893951,0.5181282314889665,-0.07564102013567221,0.34484470110622445,0.5440935447145779,-0.07443137550097031,0.37195436910856045,0.5400279515131621,-0.07735127415090322,0.3186009550042622,0.6309149403416362,0.03434701014881622,0.4385548105400969,0.6166841339813459,0.0161680315901544,0.36813720527874966,0.6148538740266256,-0.025533926427282014,0.3747635841015661,0.6700101286965532,-0.0016726364164620128,0.30569277707094006,0.6350637626975066,0.03709425512398043,0.4544862368477194,0.614943898844915,0.016291487646499805,no,2025-11-18T07:29:35.633228
0.7895329036247731,0.853556543788375,-6.539583396787557e-07,0.7277537489974507,0.812209659471088,-0.00677118415683296,0.6826700054307226,0.7348975250029508,-0.01541379713585472,0.6519430578890424,0.6825770441323855,-0.02900158508353243,0.6128743959654125,0.6465273843070645,-0.04228547311988502,0.7251182277652913,0.6001459845629664,0.008463537131037238,0.6669061866657677,0.5667039244524055,-0.02789415267498708,0.6248101296392,0.5905129499719526,-0.056077602599296714,0.5964564285286269,0.6220789149324362,-0.0705295500606933,0.7595323775080723,0.5941177273276329,-0.006447827284460171,0.6864540406475197,0.5583381872833204,-0.042726799997120785,0.6374976943506895,0.5967146743576662,-0.061581067895002194,0.6087148030846202,0.6344214611040815,-0.06662961123114268,0.7907532521446753,0.6108025591060083,-0.02595883678940969,0.7080873681016059,0.6295399299919444,-0.06253101631850817,0.7053627857948506,0.7083177885026551,-0.06233157138227881,0.7208359750270354,0.7554502520958369,-0.052352025692951054,0.8141280526861053,0.6458459576149757,-0.04716091955024157,0.7412007608454796,0.6710221829322454,-0.07270500236966107,0.7326601827852464,0.7314374794506129,-0.06898231453773945,0.7435914249856745,0.7655150277998397,-0.05923744441708112,0.0,0.0,0.0,0.0,0.0,0.0,0.0,0.0,0.0,0.0,0.0,0.0,0.0,0.0,0.0,0.0,0.0,0.0,0.0,0.0,0.0,0.0,0.0,0.0,0.0,0.0,0.0,0.0,0.0,0.0,0.0,0.0,0.0,0.0,0.0,0.0,0.0,0.0,0.0,0.0,0.0,0.0,0.0,0.0,0.0,0.0,0.0,0.0,0.0,0.0,0.0,0.0,0.0,0.0,0.0,0.0,0.0,0.0,0.0,0.0,0.0,0.0,0.0,0.26702794433561516,0.44807268897155594,0.018576392306091483,0.3197377189856606,0.4494781322218933,0.0006727825207918567,0.4051157671590947,0.43825749075523357,-0.010881331503123618,0.46222543470731414,0.41972136481281264,-0.0069253583299530306,0.3636995387933819,0.5594472920355116,-0.07175492292185728,0.36814930782746325,0.5726916161953497,-0.03288996192789094,0.36168993730149823,0.5425675691070662,-0.07886754207219326,0.360227639415596,0.51812673376168,-0.07704887116779452,0.3481472592626383,0.5443007625306289,-0.0759973679172065,0.3758441297017946,0.5402254935674026,-0.078592621812371,0.31926652908065284,0.628774977676235,0.03417554932000881,0.44279136610836634,0.6138089573257559,0.018037917898084038,0.3728201958715297,0.6131234244400706,-0.0255320466756409,0.3791680216612262,0.6666316584148965,-0.0026343944141179066,0.30561517925736337,0.6330519890948776,0.03661523813230176,0.45780324234430037,0.6118702476860073,0.018076253897150125,no,2025-11-18T07:29:35.772148
0.7886287588840724,0.8544882685944744,-6.767624193152546e-07,0.727386410288215,0.8137730626533297,-0.006252095628156198,0.6820656698296191,0.7358097587478133,-0.014432567475092887,0.6517812759251883,0.6828418822899629,-0.02759243960794215,0.613203946411051,0.6469144396911451,-0.040476294717028884,0.7249319890962687,0.6018972639604078,0.008980038946760655,0.6671492202707501,0.5678971752102878,-0.027452044362283826,0.6243110449297684,0.5923880729817343,-0.05569144492061622,0.5952370564941566,0.6249957479496928,-0.07016310455653263,0.7593077348603747,0.5956635904551983,-0.00616639099514728,0.6858329091672962,0.5597789397567725,-0.04251814827443644,0.6361458455808013,0.5999828571697541,-0.061115624460134424,0.6071437815948766,0.6396105852120749,-0.06580374031129202,0.7906214628795887,0.6120596369348248,-0.02596472332402089,0.7075590706322239,0.6302949603229681,-0.06253516279086876,0.7052506153476816,0.7092094580635835,-0.06231185009181232,0.7212057964086288,0.7564974742134305,-0.05227649750078289,0.8143079337946824,0.6467590371857075,-0.04743132171192842,0.7406342108270214,0.6716694862796603,-0.07335449841726767,0.7318849009629357,0.7324794108640699,-0.06985814321576342,0.7427452788571256,0.7669737330867027,-0.06019322463194621,0.0,0.0,0.0,0.0,0.0,0.0,0.0,0.0,0.0,0.0,0.0,0.0,0.0,0.0,0.0,0.0,0.0,0.0,0.0,0.0,0.0,0.0,0.0,0.0,0.0,0.0,0.0,0.0,0.0,0.0,0.0,0.0,0.0,0.0,0.0,0.0,0.0,0.0,0.0,0.0,0.0,0.0,0.0,0.0,0.0,0.0,0.0,0.0,0.0,0.0,0.0,0.0,0.0,0.0,0.0,0.0,0.0,0.0,0.0,0.0,0.0,0.0,0.0,0.2752647250936804,0.44675735493232643,0.012845407174007145,0.32972527369170573,0.4469818982947845,-0.0020665560238853254,0.4158136764357638,0.43502104538734426,-0.008772659225255539,0.4712232040994914,0.4160016923332023,-0.0019440856459817667,0.3794070995282217,0.5555201190440314,-0.07158801975617858,0.3822694110176516,0.5688236339777255,-0.03270474435377129,0.37750286469261923,0.5386032551975303,-0.07873150076670271,0.37551775323288344,0.5141749122051655,-0.07698364344651284,0.363738753451624,0.5404766637665351,-0.07640651634271275,0.3914849056702561,0.5360746918406165,-0.07793003371812283,0.32904699504245505,0.6262032871207408,0.03125719198168638,0.4534762618581993,0.6095960575279292,0.02197429484922951,0.3859019713192869,0.6092768051174504,-0.025151008911410252,0.39188293515750977,0.662580946852712,-0.002195679682004439,0.3155827932143064,0.630624918945861,0.03314948481431792,0.46766829139920096,0.6071517261684432,0.022449848163227124,no,2025-11-18T07:29:35.909124
0.7905926117780805,0.8555073217056844,-6.82190073702686e-07,0.7288421666881444,0.8141107394431962,-0.0061109960375348394,0.683571161893493,0.7365113275474295,-0.014497275615906954,0.6535943225309992,0.684097103864708,-0.027948032335025096,0.615261407524068,0.6475398030345831,-0.04110310902736343,0.7264563610070272,0.6022017719528907,0.00903847180227089,0.6673657766793356,0.5699733368841662,-0.02785177816920334,0.6242562309495339,0.5958723919462657,-0.056510376581110994,0.5950361093284686,0.6299926239977346,-0.07115538598226107,0.7609245740837823,0.5962917125344992,-0.006336934824765946,0.6878243642153772,0.5605886037513721,-0.0429084422445371,0.6380812602881119,0.6007997688959275,-0.06170655138917442,0.6086145450733325,0.6412487311360058,-0.06651672914059321,0.7921382205774439,0.6130393664162497,-0.026388854431728614,0.7087901044117235,0.6312188712671358,-0.06282688852362538,0.7068018289751103,0.7101408322803879,-0.06267463768571481,0.7230015226244804,0.7576858260730849,-0.05276945688706919,0.8156163721021141,0.648090722167988,-0.04812757200081685,0.7413179317723059,0.6731145695424943,-0.07372092126363985,0.7327728590546185,0.7332547393923774,-0.07023738050728433,0.7438218586554,0.7672246094441997,-0.06067864355107194,0.0,0.0,0.0,0.0,0.0,0.0,0.0,0.0,0.0,0.0,0.0,0.0,0.0,0.0,0.0,0.0,0.0,0.0,0.0,0.0,0.0,0.0,0.0,0.0,0.0,0.0,0.0,0.0,0.0,0.0,0.0,0.0,0.0,0.0,0.0,0.0,0.0,0.0,0.0,0.0,0.0,0.0,0.0,0.0,0.0,0.0,0.0,0.0,0.0,0.0,0.0,0.0,0.0,0.0,0.0,0.0,0.0,0.0,0.0,0.0,0.0,0.0,0.0,0.2752862796210437,0.44477060864234885,0.013824941557385548,0.33028540424659447,0.4456380562717209,-0.0015381373276397664,0.415704648653177,0.4351306421461486,-0.009090171250447775,0.4709174179848806,0.4159210696411037,-0.002859113885801602,0.37777545633073073,0.5560768255456516,-0.07122709365074859,0.3806160235058046,0.5694584838494432,-0.032443135909676596,0.37603460554977797,0.5392093107328442,-0.07836617959639838,0.37432080381580546,0.5147206057264536,-0.07662562547830136,0.3622525076338244,0.5409966031006137,-0.07593996833232707,0.39003838071732255,0.5367937057359058,-0.07766679327417106,0.3277082595222651,0.6250283064822759,0.031345925448245424,0.4511318265219799,0.6101641872493773,0.020805054079985945,0.3824107416763747,0.6090264190210513,-0.025021096777160606,0.38751821666513486,0.6619627673277995,-0.0025213271643385227,0.31402256153940417,0.6305415177386166,0.03341676494534408,0.46554620388613155,0.6088040368169791,0.021295499482800503,no,2025-11-18T07:29:36.035445
0.7923482065142691,0.8571910597633647,-6.937466905080645e-07,0.7305735188852251,0.8154838598834939,-0.00600137400059003,0.6849946687954098,0.7376602479431026,-0.014162802678930879,0.6552234925471616,0.6848193370256614,-0.027307341441801202,0.6171925822047983,0.6482616705926852,-0.04012017103802044,0.7284952486511729,0.6023754836212513,0.009124494250464677,0.6686339314686351,0.5704750057204492,-0.027455378832781582,0.6255433745976154,0.5974108525550115,-0.05593915042706253,0.5969293217063943,0.632470200396084,-0.07048874438368577,0.762694088790167,0.5966557222664715,-0.006133576602355254,0.6885735967309491,0.5619275895439142,-0.0422540106999911,0.6386525967540108,0.6029252855633812,-0.0609442354372525,0.6092524732183526,0.6439892194269506,-0.06580699704305012,0.7935908743287152,0.6137003858944347,-0.02603275733571256,0.7102695012205255,0.6319310470379869,-0.06204438669588518,0.7082846150967623,0.7101722399469567,-0.06199771342202954,0.7243952367722927,0.7573478151609474,-0.052352451202185374,0.8166394844023449,0.6490886817398167,-0.04761164400021006,0.7422446032171619,0.6741130806792214,-0.07320966406938668,0.7337753038196829,0.7339956207814701,-0.06994287160172757,0.7447167035395835,0.7677984831679159,-0.060557211471895606,0.0,0.0,0.0,0.0,0.0,0.0,0.0,0.0,0.0,0.0,0.0,0.0,0.0,0.0,0.0,0.0,0.0,0.0,0.0,0.0,0.0,0.0,0.0,0.0,0.0,0.0,0.0,0.0,0.0,0.0,0.0,0.0,0.0,0.0,0.0,0.0,0.0,0.0,0.0,0.0,0.0,0.0,0.0,0.0,0.0,0.0,0.0,0.0,0.0,0.0,0.0,0.0,0.0,0.0,0.0,0.0,0.0,0.0,0.0,0.0,0.0,0.0,0.0,0.27146027609821105,0.44294744943511943,0.016832120700050406,0.3252623995748887,0.44457006239565655,-0.00020020822051093374,0.41142196007545173,0.4349613568635177,-0.010336581645034325,0.46779423176332197,0.4165003932809782,-0.005605120285770083,0.3689713606345426,0.5549060110680376,-0.07127252102586143,0.37266207454854133,0.5686165686420983,-0.03255011137944462,0.36729503574321937,0.5380596242957129,-0.07836093968700077,0.36605854269598104,0.5136699909545048,-0.07654272898389594,0.3536561151478982,0.5395913382019182,-0.07564203818871412,0.3813938993687855,0.5360120519570032,-0.07794255962336406,0.3224749343093961,0.6240070135583682,0.03248432798579664,0.4439624577174719,0.6117656935735717,0.01831400893454568,0.37459878962709725,0.6087189549691285,-0.025576467668632488,0.3795337326802542,0.6613719860141347,-0.002083462338586148,0.3084948165363036,0.6291377913972318,0.034986076012529906,0.4589254772835275,0.6112403222128872,0.01871955788585044,no,2025-11-18T07:29:36.158041
0.7917416992158443,0.8573178518688345,-6.887593101258676e-07,0.7293447771733255,0.8155929405027363,-0.005893880392378064,0.6840184187063292,0.7373269592033322,-0.01403335182994014,0.6539227087121642,0.6841303687768078,-0.02711649639918954,0.615624405898084,0.6479699931160905,-0.03995400184279123,0.7284781378982793,0.6034529388492762,0.00883265635910046,0.6691679922693518,0.5696349857322338,-0.027160204270166292,0.6258636210260722,0.5955842707770937,-0.05513592688951851,0.5967945208251972,0.6293554951431867,-0.06952378571313271,0.762505485700244,0.5977915802627981,-0.006381942531399733,0.6881007243469961,0.5629254146259305,-0.04221394775450414,0.6376316715688388,0.6039593442606488,-0.06067109784143089,0.6081596118723904,0.6437676023244068,-0.0655186944813315,0.7932202075195822,0.6150638441274847,-0.026177283537293497,0.7096799862441128,0.6327781877893944,-0.06216783679081178,0.7079330973909868,0.7103689928887462,-0.06212279847525026,0.7245652781933516,0.7561755145216968,-0.05257411694373261,0.8159410364611974,0.6503451173515368,-0.04757373476048196,0.7417634139361566,0.6745761562282062,-0.07337687082229671,0.7336029937162531,0.7345865688593629,-0.0700683121240869,0.7450983522561656,0.768160372870579,-0.06070453985696049,0.0,0.0,0.0,0.0,0.0,0.0,0.0,0.0,0.0,0.0,0.0,0.0,0.0,0.0,0.0,0.0,0.0,0.0,0.0,0.0,0.0,0.0,0.0,0.0,0.0,0.0,0.0,0.0,0.0,0.0,0.0,0.0,0.0,0.0,0.0,0.0,0.0,0.0,0.0,0.0,0.0,0.0,0.0,0.0,0.0,0.0,0.0,0.0,0.0,0.0,0.0,0.0,0.0,0.0,0.0,0.0,0.0,0.0,0.0,0.0,0.0,0.0,0.0,0.2714624013757504,0.4397277544683837,0.019154894157434012,0.32354526324111865,0.44225996625260733,0.0014491180470813047,0.40988624368099064,0.4341114203856087,-0.009812518502336031,0.4664837977244649,0.41606415993451834,-0.005763028785298658,0.36499319121776874,0.5516462626274483,-0.07138391897426304,0.3688818401011521,0.565702944793919,-0.03295612892320753,0.3634285375592623,0.5347356360461719,-0.07831988591229272,0.362499035580626,0.5104236421275667,-0.07628476313925632,0.34981897573343396,0.5361219177467416,-0.07547218541420417,0.37755463513113197,0.5329400591339428,-0.07802456344348363,0.3194197007267043,0.6213596299881837,0.03211101404525504,0.4413733645980624,0.610477274133969,0.01641725858586439,0.37242328545190007,0.6069223699215455,-0.02637334961723279,0.3774061176914836,0.6585344870599543,-0.003924857895667104,0.3049788526269775,0.6261267548809737,0.034714067854125286,0.45574262321856124,0.6102824781440259,0.016657118326437955,no,2025-11-18T07:29:36.288610
0.7924151868805662,0.8553562099176478,-6.7926987195386e-07,0.7297233898970112,0.8137965479758249,-0.006123537143203364,0.6833116340224303,0.7349574463718382,-0.014293337143358618,0.6520937541535217,0.6812624028065253,-0.02730123154081181,0.6134658048338839,0.6443693201549996,-0.04002470840456803,0.7284861526130801,0.6017914504083722,0.009114128793489992,0.6698901041325702,0.5682551025386633,-0.02681520174874968,0.627041165724294,0.5932673203059968,-0.05485957986967743,0.5978628868907938,0.626107605779296,-0.06933326855441754,0.7626123200290771,0.5956815619781703,-0.005898005615141395,0.6890165353454951,0.5608746788820265,-0.04229871987372729,0.6382706249461015,0.6020673326813956,-0.06097920763322174,0.6085298410314101,0.6421339845060907,-0.06573224930022081,0.7935807334518687,0.6126497675990207,-0.025519713839841397,0.7102237170962843,0.6308496098706493,-0.062012114780908706,0.7082781639241463,0.7083106050907659,-0.06225113707911206,0.7249673956140861,0.7544826847625269,-0.052683042465873416,0.816529572366875,0.6472856553897881,-0.046755014330247466,0.7420771722943875,0.6731899345365274,-0.07326305988996534,0.733409580106265,0.7335888605252625,-0.07054134703461006,0.7447179853035741,0.7674109786239339,-0.061405598815108396,0.0,0.0,0.0,0.0,0.0,0.0,0.0,0.0,0.0,0.0,0.0,0.0,0.0,0.0,0.0,0.0,0.0,0.0,0.0,0.0,0.0,0.0,0.0,0.0,0.0,0.0,0.0,0.0,0.0,0.0,0.0,0.0,0.0,0.0,0.0,0.0,0.0,0.0,0.0,0.0,0.0,0.0,0.0,0.0,0.0,0.0,0.0,0.0,0.0,0.0,0.0,0.0,0.0,0.0,0.0,0.0,0.0,0.0,0.0,0.0,0.0,0.0,0.0,0.2777754915881056,0.4365020846697998,0.017217422365737214,0.33073072931686365,0.43823617643036555,0.0010278387775478875,0.41667674617959904,0.4301055391989994,-0.007758515893822554,0.47200877770553995,0.41244628373026726,-0.0021964991067960323,0.37529167853563455,0.5468164832500645,-0.07170467980378001,0.378366747792199,0.5610051899148123,-0.03345106261874736,0.373744311189528,0.5297058006776575,-0.07851220721143162,0.37247281133317495,0.5054094402635362,-0.07629972543406907,0.3600725387566859,0.5311667387596165,-0.07594495733637073,0.387732018989211,0.5278331186515967,-0.07794308525911059,0.3265404049678825,0.6179917969105195,0.03007741588700645,0.44812170489157577,0.6055149165164474,0.01802736855068509,0.38105861554909304,0.6029603688539764,-0.026914954429025407,0.38591766226981405,0.6538423398987668,-0.005330098362562432,0.3115691419230392,0.6224393191938743,0.03221002618602861,0.46355423123074824,0.6049576984893561,0.01830533547998095,no,2025-11-18T07:29:36.444320
0.7922773287289031,0.8538251486638104,-6.904501777222248e-07,0.7295565287039988,0.8122627575828069,-0.005821308093832307,0.6833747589381713,0.7327322014745696,-0.013504167969970421,0.6528635253216186,0.6785709406305576,-0.026063261624461785,0.6152590607497667,0.6423227866892094,-0.03840176733554761,0.7289816002666536,0.6005116447941825,0.009268947539335519,0.669160186448533,0.5672503590104968,-0.026629460806320643,0.6261730813458048,0.5932221108232407,-0.054506680626953546,0.5978231964036946,0.6270761055172115,-0.06880513496766898,0.7635076229986236,0.5943573782600508,-0.005809121209738852,0.6896907461006345,0.558831353084278,-0.04207053064838098,0.638754848872892,0.600753268210281,-0.060469084247094684,0.609204548163105,0.64208413836358,-0.06493004097567956,0.79475600655557,0.6114205564069322,-0.02550636980978276,0.7114767643823401,0.6283044269178991,-0.06167928745734984,0.7092220408987644,0.7050989871233249,-0.06199967743521548,0.7260394868008785,0.7508690050399549,-0.05254755081198009,0.8176244499083367,0.6462465600423825,-0.046805557966281684,0.7424116137102889,0.6724540573580617,-0.07298955114468589,0.7334437949035201,0.7316990425654114,-0.0704776135423962,0.744645461396065,0.7646970972164011,-0.061576241476250224,0.0,0.0,0.0,0.0,0.0,0.0,0.0,0.0,0.0,0.0,0.0,0.0,0.0,0.0,0.0,0.0,0.0,0.0,0.0,0.0,0.0,0.0,0.0,0.0,0.0,0.0,0.0,0.0,0.0,0.0,0.0,0.0,0.0,0.0,0.0,0.0,0.0,0.0,0.0,0.0,0.0,0.0,0.0,0.0,0.0,0.0,0.0,0.0,0.0,0.0,0.0,0.0,0.0,0.0,0.0,0.0,0.0,0.0,0.0,0.0,0.0,0.0,0.0,0.27676994865774607,0.43386393067108153,0.018692508570647366,0.3304272259350584,0.4358388480838046,0.0024025665986268777,0.41590290584660494,0.42832355302387715,-0.006399886686059656,0.47130010180061543,0.41038493485867916,-0.000750519228095907,0.3732433633147152,0.5424500778867816,-0.07180392447945043,0.3762821303286328,0.5575303807354518,-0.03388833114457876,0.3717501174687722,0.5251655171639324,-0.07840782430836397,0.3705773892958142,0.5009454592389,-0.07587212992751809,0.35810173327890904,0.5266766282375352,-0.07582593570181956,0.38569561638528393,0.5234472228160938,-0.07783005318339212,0.32477959712963217,0.615764762848494,0.027945239746813143,0.4465976249353356,0.6040892167573693,0.01585510028038772,0.3791609317579297,0.5996216043145309,-0.02824653231608617,0.38360600108253123,0.651885216427655,-0.007304895454047806,0.31018396595053327,0.6211079330744915,0.03019218159284169,0.4607703824362817,0.6045556956058383,0.01627466422841263,no,2025-11-18T07:29:36.577656
0.791966911434764,0.8525230272223013,-6.868698671067213e-07,0.7290388782703039,0.811168334863257,-0.006372934659355071,0.6829113942281494,0.7317506794421188,-0.014187842117472746,0.6523454005373199,0.6774789763177049,-0.026701827568951435,0.6143216239856468,0.6417558829190371,-0.03907444314271887,0.7276243796258958,0.5990797154673122,0.008678146934810296,0.6675718422724995,0.5660336255787806,-0.026952380229865777,0.6247312736250203,0.5920790877716973,-0.05478754205469534,0.5964954166375163,0.6261312744230345,-0.06906559649889873,0.7618364187685989,0.5933955942470603,-0.0059762410370549565,0.6879898196617217,0.5584627484758853,-0.04162121951349103,0.6376647374209126,0.5997603339990919,-0.060008116446009424,0.6083962110494022,0.6404568040221831,-0.06465959764533719,0.7928370591783587,0.6106854004168297,-0.025220125002402193,0.7103669749207385,0.627344461803371,-0.06097235652500537,0.707915853623134,0.704239875327028,-0.06133118213000703,0.7240787832316007,0.7506328071731452,-0.05203069143723146,0.815696299165289,0.6457020380225187,-0.04609054568412389,0.7413293124474907,0.6711153677216944,-0.0719616477280093,0.7324363878654259,0.731236811998877,-0.0691368101705702,0.7433172091621592,0.7653282694391179,-0.06007281403884914,0.0,0.0,0.0,0.0,0.0,0.0,0.0,0.0,0.0,0.0,0.0,0.0,0.0,0.0,0.0,0.0,0.0,0.0,0.0,0.0,0.0,0.0,0.0,0.0,0.0,0.0,0.0,0.0,0.0,0.0,0.0,0.0,0.0,0.0,0.0,0.0,0.0,0.0,0.0,0.0,0.0,0.0,0.0,0.0,0.0,0.0,0.0,0.0,0.0,0.0,0.0,0.0,0.0,0.0,0.0,0.0,0.0,0.0,0.0,0.0,0.0,0.0,0.0,0.27283760043799626,0.43164249895446777,0.021499702822315756,0.32570721035579675,0.43374584601799177,0.003935726239295257,0.4113096709971474,0.4272158374479127,-0.006917310880349488,0.4674393418053065,0.40985583350867005,-0.002473181292844364,0.3664053686528639,0.5403264202452707,-0.07194998340724193,0.37005959682058165,0.5558147914457594,-0.03413529996550456,0.364930674993961,0.5229364132049978,-0.07847923053835251,0.36407600059902556,0.49870208423942985,-0.0758285704903017,0.3513638564704253,0.5243382321027764,-0.07566808839653547,0.37895973522511267,0.5214204824502985,-0.0781266350611823,0.3202612535189634,0.6148732135146249,0.028745330263795537,0.44137776847562527,0.6040320477726818,0.013740958783201139,0.3741842761893286,0.5984077505425041,-0.028745607068179784,0.3783239048438627,0.6498687292103027,-0.00796119857996637,0.3055959611084682,0.6190174803884115,0.031213555547426018,0.455882586018327,0.6046221104028642,0.013961787174271108,no,2025-11-18T07:29:36.769898
0.7906903010008903,0.8521771124804745,-6.877814510757143e-07,0.7277050832849322,0.8106263091075776,-0.006689253023531629,0.6817206731387024,0.7324144901975151,-0.015155148447416354,0.650523742777739,0.6789513266426629,-0.028266531898649132,0.61195536193484,0.6420814712942658,-0.041138296877894207,0.7267101521447197,0.598765545714308,0.007950360802339025,0.6665476558602945,0.5657170534014203,-0.028083055237847203,0.6233200883734843,0.591224573392532,-0.05622249997141086,0.5942815675716878,0.6244897435709991,-0.07073622362705671,0.7607831404908668,0.5928290205637005,-0.006727455394245237,0.6854292693813369,0.5586185502747774,-0.042674584387578186,0.6350739608792643,0.6003193161408575,-0.061166154410477055,0.6060472919451418,0.6407921951934645,-0.06601413074639181,0.7914405344319375,0.60997309895872,-0.025992814927169743,0.7075099699947778,0.6276492638015421,-0.06193517209437563,0.7052743788379342,0.7052237541727608,-0.0618973427304765,0.7217275842217726,0.7515980524608554,-0.052361671592944345,0.8139628470390043,0.6451853979690078,-0.04693265938760085,0.7394551039356899,0.6704912628288953,-0.0730212660923219,0.7307193721973309,0.7310897094624207,-0.06995482214637558,0.7417333237716771,0.7653851415898287,-0.06068655705027594,0.0,0.0,0.0,0.0,0.0,0.0,0.0,0.0,0.0,0.0,0.0,0.0,0.0,0.0,0.0,0.0,0.0,0.0,0.0,0.0,0.0,0.0,0.0,0.0,0.0,0.0,0.0,0.0,0.0,0.0,0.0,0.0,0.0,0.0,0.0,0.0,0.0,0.0,0.0,0.0,0.0,0.0,0.0,0.0,0.0,0.0,0.0,0.0,0.0,0.0,0.0,0.0,0.0,0.0,0.0,0.0,0.0,0.0,0.0,0.0,0.0,0.0,0.0,0.27401399181693664,0.43074285804447177,0.019628720415705472,0.32759430172731396,0.4327745511456307,0.003004675321721262,0.41306879202151525,0.42623889099015355,-0.006430008915179178,0.46894108666078615,0.40921955846652375,-0.0011712957371312126,0.37051789502646704,0.5405960995841527,-0.07208419703899961,0.37369056906496917,0.555400604369654,-0.03409061545866914,0.3690104561865175,0.5232988345207423,-0.07867853722738434,0.3679060102244014,0.4990146335046026,-0.07611577007433824,0.35528009577385555,0.5247365765883449,-0.07602354476856497,0.3830652783267058,0.5215770918396969,-0.07817572897000993,0.3220765509223464,0.6138448630496556,0.02838247332206472,0.44422868368964064,0.6027807037950934,0.015394735218669853,0.37701624409651824,0.5966953959144863,-0.028310097085952134,0.38144810108926686,0.6483060133936035,-0.00765578466676143,0.30768808568252237,0.6184597306326671,0.030668202818845646,0.4588159804424063,0.6022161467255562,0.015691353393160582,no,2025-11-18T07:29:36.893168
0.7907065739928768,0.8500284399491911,-6.894312674950915e-07,0.7271740545800118,0.8093014563077866,-0.006129062381891704,0.6814057226453247,0.731664422260928,-0.014376093510966564,0.651445697120147,0.677922340052441,-0.027388537078634697,0.6133121040326055,0.6416932503432542,-0.0402282913801836,0.7252926585651882,0.5979051260294562,0.008513796566688273,0.6659850477177449,0.5641267359196891,-0.027894840088942465,0.62285631179157,0.5894319526050795,-0.05613967295230489,0.5935579605093242,0.622970352103569,-0.07056623407648308,0.7597187482468373,0.5913037219365134,-0.006522966421160624,0.6848480673173927,0.5559620284905076,-0.043207679911870564,0.6341123884215047,0.598988647337778,-0.061644912792263216,0.6049892998689027,0.6410863718353187,-0.06599185110880305,0.7908821641600148,0.6079897712296194,-0.026195615767870876,0.7074855145441266,0.6256482681941823,-0.06273008540941812,0.7057650266000584,0.7029109970357212,-0.06291250404164893,0.7229283921017311,0.7484292945657701,-0.0532310981135336,0.8140231520160537,0.6426134342483283,-0.047444261282688596,0.7390385866472577,0.6685707492409094,-0.0737451107449639,0.7310585004907553,0.7287693015047394,-0.07079473246310135,0.7431397493873644,0.761875833381508,-0.06146771761562831,0.0,0.0,0.0,0.0,0.0,0.0,0.0,0.0,0.0,0.0,0.0,0.0,0.0,0.0,0.0,0.0,0.0,0.0,0.0,0.0,0.0,0.0,0.0,0.0,0.0,0.0,0.0,0.0,0.0,0.0,0.0,0.0,0.0,0.0,0.0,0.0,0.0,0.0,0.0,0.0,0.0,0.0,0.0,0.0,0.0,0.0,0.0,0.0,0.0,0.0,0.0,0.0,0.0,0.0,0.0,0.0,0.0,0.0,0.0,0.0,0.0,0.0,0.0,0.2798597791115933,0.4310356965622139,0.016943667578485623,0.3351936894788837,0.43241508674243967,0.0020530451719988022,0.4201808079065096,0.4242371005339104,-0.004377233214173816,0.4750202269012549,0.4066786743348091,0.0027986449556282288,0.3814898954845775,0.538206384524132,-0.07202396970718672,0.38385815603631457,0.5533261569154331,-0.03435951453814004,0.37996088354884805,0.5208174162895307,-0.07850738431894386,0.378452929891139,0.4966251490553485,-0.07581096412371124,0.36619268081482237,0.5224844184077742,-0.0761870833238329,0.3939041023429412,0.5189409414066801,-0.07766779037974221,0.3304489661264183,0.6132970707975176,0.02584037774916045,0.4528832012312644,0.6004629155457706,0.017068820574177246,0.38780861981856857,0.5945865375835554,-0.028818617240845845,0.39183512880696253,0.647749514007669,-0.008813934024534956,0.3154197476542647,0.6179475929774664,0.027696874939608047,0.46720051193636736,0.5992140582890019,0.017577235779446004,no,2025-11-18T07:29:37.033102
0.7903331811576628,0.848908953165132,-6.853026128115739e-07,0.7275010103966191,0.8072673184153527,-0.006375344293817031,0.6821916399138184,0.7306576982673048,-0.014986443272074592,0.6522144428746487,0.6779353776659147,-0.028373845740922193,0.6148390366068331,0.6411832650527611,-0.04152482699740763,0.7260223208654646,0.5961558952004733,0.008206526029240714,0.6664452552297984,0.5638671547144527,-0.02823291461788556,0.6233932042089259,0.5898585971044654,-0.056618960031574274,0.594689491748345,0.6237390982758293,-0.07112258527897945,0.7604071956451777,0.5898386318842418,-0.006691579875977598,0.6861231610943805,0.5549410295421898,-0.04277024839044551,0.6357118638999308,0.5967959141115464,-0.06127341515472422,0.6065570164200471,0.6382126371543841,-0.06599241242683615,0.7914141088324793,0.6065938686642024,-0.02620135259600209,0.7087197689526663,0.6246314089155116,-0.06233718261457253,0.706604519382564,0.7017892189634936,-0.062491295320022615,0.7231563564188312,0.7479713539975152,-0.05298033746981459,0.8143971338979652,0.6415053722526431,-0.047338478103283156,0.7402951121483969,0.6671283504753284,-0.07326073652244151,0.7317717782071086,0.7271493967030686,-0.07020572999702882,0.7428835658329034,0.7610605186766854,-0.06093926878167394,0.0,0.0,0.0,0.0,0.0,0.0,0.0,0.0,0.0,0.0,0.0,0.0,0.0,0.0,0.0,0.0,0.0,0.0,0.0,0.0,0.0,0.0,0.0,0.0,0.0,0.0,0.0,0.0,0.0,0.0,0.0,0.0,0.0,0.0,0.0,0.0,0.0,0.0,0.0,0.0,0.0,0.0,0.0,0.0,0.0,0.0,0.0,0.0,0.0,0.0,0.0,0.0,0.0,0.0,0.0,0.0,0.0,0.0,0.0,0.0,0.0,0.0,0.0,0.2686827768047896,0.4320428962986088,0.025117950761212416,0.321499613828187,0.4346364829521372,0.00610150744567457,0.40645459810799417,0.42546413752052575,-0.00690805650104786,0.4624042347398807,0.40726260727372016,-0.00368650623625859,0.3619492315757925,0.5385314752382165,-0.07198740383848334,0.3662948667163537,0.553899093062285,-0.03462665333037125,0.3601987753763756,0.5213646677032523,-0.07833255735975307,0.35918529482533024,0.49745495309632354,-0.07544858516072495,0.34683022509960326,0.5231148881990195,-0.07525852407020159,0.3741692217675934,0.5195651431448226,-0.07821960137616565,0.317640250375259,0.6143515833895578,0.02882807438132938,0.4391615477153179,0.6021625707775697,0.010887787694505324,0.3689231419968011,0.5966235033193656,-0.029776437506705368,0.37458214439100723,0.6486565920830276,-0.009224807655494579,0.30468595734420695,0.6196873260755251,0.03159230436047289,0.45349254918298165,0.6022044922754519,0.010941575377574383,no,2025-11-18T07:29:37.171013
0.7907603827789199,0.8507100603456885,-6.921109178763797e-07,0.7279131290806032,0.8087319484590039,-0.0062246657026331365,0.6822753696509705,0.7304712839690863,-0.014425638566832013,0.6515233691462172,0.6768711884362288,-0.027607230879251113,0.6132691300626023,0.6394677499942608,-0.04046434884959874,0.7270735889071586,0.5967481202915819,0.009620614921366982,0.6670535802592473,0.5648299172505674,-0.02674697956007193,0.6240305137617963,0.591095271500307,-0.055174586091789254,0.5952957587239802,0.6252829009121303,-0.06980903746795233,0.7608013680366696,0.5905258694966558,-0.005571370563224834,0.6857029043520456,0.5563344514337689,-0.04156755307674875,0.6353359596255941,0.5975118565251488,-0.06028061572040563,0.6060585999725663,0.6379702170928934,-0.06526652597326381,0.7913355663219098,0.6074491548196959,-0.025472769573190446,0.7074005498644405,0.6252241750884016,-0.06172008261251831,0.7056691541748483,0.7037444505996057,-0.06158907963942911,0.7223913190785562,0.7506897141882413,-0.051877264022349504,0.8139033205862964,0.6429147182537019,-0.04706855110079204,0.7398705482559764,0.6678277979984368,-0.07318442168700964,0.7317856605555044,0.7279279080854972,-0.069977699118788,0.7432763888486874,0.7617523584041234,-0.06058624461985232,0.0,0.0,0.0,0.0,0.0,0.0,0.0,0.0,0.0,0.0,0.0,0.0,0.0,0.0,0.0,0.0,0.0,0.0,0.0,0.0,0.0,0.0,0.0,0.0,0.0,0.0,0.0,0.0,0.0,0.0,0.0,0.0,0.0,0.0,0.0,0.0,0.0,0.0,0.0,0.0,0.0,0.0,0.0,0.0,0.0,0.0,0.0,0.0,0.0,0.0,0.0,0.0,0.0,0.0,0.0,0.0,0.0,0.0,0.0,0.0,0.0,0.0,0.0,0.26227015203040077,0.43311224855385305,0.029767188367194684,0.31242482260203597,0.4355618106117345,0.008430941837778405,0.3967549081638756,0.4264375786613096,-0.008535752160349016,0.4538763679726625,0.4077989527867548,-0.007881549154551547,0.34903947827759657,0.5398000145813886,-0.07112413565747333,0.35491946633432736,0.5551241256746666,-0.03433456546904915,0.3470568405814449,0.5226520790107754,-0.07734151511362097,0.34628204331720613,0.4988106846322682,-0.07441902786898247,0.3340509415216644,0.5244214079419017,-0.07384141204258714,0.3609609411402588,0.5208781550112846,-0.07768466391330446,0.3098746565234602,0.6149365965863651,0.030904083125580233,0.43037707045418605,0.6037370120600037,0.007417191759880121,0.3576966446840466,0.5982487316687618,-0.029669059589818043,0.3641291125473713,0.6494086311817421,-0.009580948761692229,0.29805347676666216,0.6204952932009553,0.03406573203782426,0.44506971395115574,0.6032101167164918,0.007039441425982028,no,2025-11-18T07:29:37.330584
0.7899750693477576,0.8515079151330188,-6.962274605556557e-07,0.727374756211673,0.8094339545189612,-0.005520533027749297,0.681804932597702,0.7315198931976169,-0.013410873462965224,0.6519226519231147,0.678072992937902,-0.026304897125752742,0.614227910673391,0.6412916054334554,-0.0389878078087887,0.7267175212201655,0.5981745753206567,0.00943828356157532,0.6669025421018222,0.5647788204245239,-0.026695737903622143,0.623742005824227,0.5901259197753458,-0.05490938979603482,0.5945523240565092,0.6237302806886854,-0.06938418896055011,0.7603419090702147,0.5922874529997469,-0.0058573806149591415,0.6851573806447271,0.5570812004788473,-0.041999112935664606,0.6346363612176738,0.5984336280668805,-0.06065472693902972,0.6050716054557961,0.6395920256893147,-0.06541453238794379,0.7908604957063499,0.6090128326245391,-0.025699291407991764,0.7066742427228239,0.6264322112166861,-0.06186879709446621,0.7051227338352422,0.704340894714323,-0.06183938622033311,0.7218586861105519,0.7511720205519912,-0.052087293982266976,0.8136033359942896,0.6439803271806688,-0.04713500473275858,0.7391177415886205,0.6686289077348752,-0.07315275372499362,0.7309126285565608,0.7287786527388851,-0.06993892336782562,0.7422983206336027,0.7628714399175462,-0.060466254505994924,0.0,0.0,0.0,0.0,0.0,0.0,0.0,0.0,0.0,0.0,0.0,0.0,0.0,0.0,0.0,0.0,0.0,0.0,0.0,0.0,0.0,0.0,0.0,0.0,0.0,0.0,0.0,0.0,0.0,0.0,0.0,0.0,0.0,0.0,0.0,0.0,0.0,0.0,0.0,0.0,0.0,0.0,0.0,0.0,0.0,0.0,0.0,0.0,0.0,0.0,0.0,0.0,0.0,0.0,0.0,0.0,0.0,0.0,0.0,0.0,0.0,0.0,0.0,0.266683369605746,0.4330960734556222,0.027696652865383403,0.31745789148080467,0.43489311867905145,0.007964584448809781,0.40210084001199914,0.4247455110465819,-0.006411971568067136,0.4584216583601487,0.40571940289369784,-0.0041691419302503745,0.3570726728317304,0.5392800701092215,-0.0718100700300554,0.3622242375998419,0.554547261096687,-0.03483636069716152,0.35508528586365184,0.5219291395668043,-0.07797851576890003,0.3540290933148302,0.49792872664879095,-0.07489367887580212,0.341907167461882,0.5238477360029639,-0.07476514040182489,0.3690579586348953,0.519949236998135,-0.07802533764722688,0.3156582428640098,0.6145765217314455,0.02884040055065795,0.4367745093243449,0.6022290664471772,0.008905529514519242,0.36484048874197905,0.5970306453982848,-0.030290151089586277,0.37128280917094825,0.6497264169931538,-0.01123826829671392,0.3027081656237028,0.6209832895104813,0.03157419304092818,0.45176323431780196,0.6012302166681824,0.008636168985010639,no,2025-11-18T07:29:37.517222
0.7913656047899219,0.8524768417446711,-7.018354328728945e-07,0.7287867187830979,0.8100276080578204,-0.005147749885296343,0.6828450448530045,0.732448525919716,-0.013027682310695517,0.6525610431017551,0.6796295066561,-0.026032069800392774,0.6146931448756512,0.6430751914782481,-0.03880362020357057,0.7284961588530332,0.5984928922612347,0.009498950935357763,0.6686882376608659,0.565221257879956,-0.026480085360659836,0.6252305912967417,0.5906659371635212,-0.05477069334793902,0.5957837928532973,0.6244241191403479,-0.06937039718556298,0.7621066106058165,0.5928778509219468,-0.0059684997170085415,0.6874177863916995,0.5586107262960949,-0.041645325780810094,0.6366621051312368,0.5991810333651816,-0.06032721751264097,0.6066223686992726,0.6398617198129648,-0.06541957674656894,0.7925071228245647,0.6101065528307479,-0.02593670228120154,0.7085830393969191,0.6278252755683651,-0.06152857795399523,0.7068486634512057,0.7051985063628988,-0.06150463565963364,0.723241719554452,0.7525474501239418,-0.05203956833469847,0.8151793451993695,0.6455043866890893,-0.047515342922881634,0.7406857907791278,0.6697356286320708,-0.07315833271262118,0.731752546024954,0.7291037998553892,-0.07004128542987877,0.7421677488597396,0.7635912277617364,-0.0608037740009442,0.0,0.0,0.0,0.0,0.0,0.0,0.0,0.0,0.0,0.0,0.0,0.0,0.0,0.0,0.0,0.0,0.0,0.0,0.0,0.0,0.0,0.0,0.0,0.0,0.0,0.0,0.0,0.0,0.0,0.0,0.0,0.0,0.0,0.0,0.0,0.0,0.0,0.0,0.0,0.0,0.0,0.0,0.0,0.0,0.0,0.0,0.0,0.0,0.0,0.0,0.0,0.0,0.0,0.0,0.0,0.0,0.0,0.0,0.0,0.0,0.0,0.0,0.0,0.2672692982996534,0.43367710331430553,0.026500456298874507,0.3184700791918641,0.43578914669132474,0.007139208462772448,0.4033873273927794,0.42524999928053886,-0.0065169986555970024,0.4594466442282921,0.4060869681161223,-0.003737405203609689,0.3591516423164389,0.5388686722730861,-0.07180864902941483,0.36403768583082763,0.5545992011316869,-0.03468599425465433,0.35722543416488867,0.5215002271892555,-0.07802739076060777,0.35611513462147304,0.4975627303001798,-0.07497420318525938,0.34397692681718367,0.5234271174082965,-0.07489149003600308,0.37117034460713577,0.5196050303623945,-0.07798642495812348,0.3167546696278438,0.615936757731949,0.028285540776399,0.43738233406032767,0.6027831771750046,0.009254927981926932,0.36611836210399124,0.5972920386930236,-0.030438150316555033,0.3721648867889577,0.6502487194180552,-0.010479531110969827,0.3038975381741713,0.6212822133454048,0.031091786747376587,0.45246819743539024,0.6020720961919098,0.009220157209009655,no,2025-11-18T07:29:37.643267
0.7917829062500941,0.8534422847315122,-6.965843939401338e-07,0.729248768060067,0.8111952586874185,-0.0052623356931535,0.6836241129645271,0.7330798842977486,-0.012995656284866267,0.6537567249924974,0.6799409101349958,-0.025806911340900254,0.6157792706876425,0.6428696927926518,-0.03835248105935059,0.7291379395797148,0.6008264877775747,0.009736916471001483,0.6702662706344034,0.5664485434068359,-0.026318230272657513,0.6268122398851262,0.5908680561672098,-0.054361036129836324,0.596903544127912,0.6238456762560413,-0.06871115826332516,0.7628117567647003,0.5947723915139824,-0.005605511494299506,0.688544711009723,0.5590029899771948,-0.04160973432704865,0.6379507081747493,0.5997673755845683,-0.05998557273711444,0.6081568452745478,0.6404169286320683,-0.06459276734905733,0.7933685833563284,0.6113917654710075,-0.025531610481423467,0.7093616338342017,0.6281218009731169,-0.06165060378631997,0.7079578252444322,0.7056761581935802,-0.06162329561898041,0.7247610553853651,0.7524651623063862,-0.051885080069243805,0.8161608860834952,0.6461720026859753,-0.047033119470812575,0.7415736764679025,0.6699767501490127,-0.07309546023963426,0.7328802205088911,0.729477284449179,-0.07010240181013133,0.7437992581979515,0.763594864722009,-0.06079808399167731,0.0,0.0,0.0,0.0,0.0,0.0,0.0,0.0,0.0,0.0,0.0,0.0,0.0,0.0,0.0,0.0,0.0,0.0,0.0,0.0,0.0,0.0,0.0,0.0,0.0,0.0,0.0,0.0,0.0,0.0,0.0,0.0,0.0,0.0,0.0,0.0,0.0,0.0,0.0,0.0,0.0,0.0,0.0,0.0,0.0,0.0,0.0,0.0,0.0,0.0,0.0,0.0,0.0,0.0,0.0,0.0,0.0,0.0,0.0,0.0,0.0,0.0,0.0,0.26682681583588475,0.43417587687249243,0.025754071903967207,0.3186960312169495,0.43664806021738173,0.006303880464627186,0.404240543345552,0.42618480598716274,-0.007469286687423603,0.45941652627865104,0.4064311468264251,-0.004751740154042355,0.3592099899023067,0.5397504899012677,-0.07123967902167687,0.36413432321917816,0.5554180619363116,-0.03410070703283234,0.3572940906786357,0.52236541973362,-0.07753809954843285,0.3562136153702,0.4983263581930357,-0.07465960908731772,0.3441150844165112,0.5242213251893625,-0.07440176844286536,0.37118557227457616,0.5205209502302542,-0.07751741175622429,0.3170087340877943,0.616332174146431,0.028941381790711096,0.43805926719648464,0.6032815147826469,0.009738826310403115,0.3655702126796506,0.5980099901030426,-0.02972082562748528,0.3717297522209254,0.6512311762392553,-0.009094083378909849,0.30446115552831643,0.6214129892067295,0.031818613323172165,0.45195006375027263,0.6030304314310684,0.009749485374972586,no,2025-11-18T07:29:37.764131
0.7921669436474317,0.8530496822140837,-6.853823110143253e-07,0.7296969324194683,0.8113534770361989,-0.005684259313003599,0.6831787647609195,0.7336684335505467,-0.013664049880294767,0.6525824006394066,0.6805637930801932,-0.026574419836972153,0.6144501815035655,0.6434843747566927,-0.03912352536227207,0.7284737141765304,0.6012769867171566,0.008390763752026844,0.6702354848369313,0.566450463700946,-0.027591632947984755,0.6275221806763582,0.5913521053140585,-0.055325855542244555,0.5985927787721012,0.6250159341458581,-0.0694899728534815,0.7622440043264878,0.595507171251376,-0.006709884449998903,0.6882639331301361,0.5595525177566181,-0.04243980722151726,0.6379876383662443,0.5997887495140859,-0.06051748538596273,0.6084537433102628,0.6401453954493044,-0.06506119846859224,0.7929458943183162,0.6126405212261806,-0.026363117624065444,0.7089932666107807,0.6297336259256301,-0.06197457749407018,0.7071693048779992,0.706784705283161,-0.061782709247812276,0.7237659625586341,0.7531914878037362,-0.052165176957815834,0.8157282017640529,0.6481736678545233,-0.047642010957468395,0.7417470440273319,0.6731924907037026,-0.07332232073127495,0.7328092980863242,0.7319003632157242,-0.0704360086407472,0.7433720474072338,0.765191345868466,-0.06137289181394912,0.0,0.0,0.0,0.0,0.0,0.0,0.0,0.0,0.0,0.0,0.0,0.0,0.0,0.0,0.0,0.0,0.0,0.0,0.0,0.0,0.0,0.0,0.0,0.0,0.0,0.0,0.0,0.0,0.0,0.0,0.0,0.0,0.0,0.0,0.0,0.0,0.0,0.0,0.0,0.0,0.0,0.0,0.0,0.0,0.0,0.0,0.0,0.0,0.0,0.0,0.0,0.0,0.0,0.0,0.0,0.0,0.0,0.0,0.0,0.0,0.0,0.0,0.0,0.2671519852838176,0.4346591373765233,0.025350805437934075,0.31879494053332524,0.43791081971669255,0.005791811555794795,0.4045845839877632,0.4268850697864509,-0.008176622684920736,0.46023696051080837,0.4070697319339111,-0.005609631370834764,0.3599232909068113,0.5410414503568228,-0.07091416367046063,0.36478326301759384,0.556652390819993,-0.03372312866576157,0.358016927088471,0.5236351632416727,-0.07727417556505085,0.35690697333832877,0.49953034370833427,-0.07451140547196544,0.34484911263328916,0.5254444302471928,-0.07412306710922527,0.37184017962617205,0.5218077723544308,-0.07728081154212696,0.31746894138090276,0.61728274862183,0.02956178508374771,0.4385415299700838,0.6046969974731106,0.010153703915957097,0.36575391654051653,0.5988419286643447,-0.02921082802118826,0.37192777832260565,0.6523379716187732,-0.008146531728505504,0.3049977442594814,0.6221594198085955,0.03247689078877381,0.4520834636912374,0.6041758895722694,0.01014271295144427,no,2025-11-18T07:29:37.905807
0.7900837338457343,0.8539783590208603,-6.207742480602234e-07,0.7287916555922873,0.8121380071815059,-0.004204268084295779,0.681742629498456,0.7342053586858264,-0.011877576746835691,0.6484801737465222,0.6834026801075253,-0.024979102438079315,0.6074480836488164,0.6460226877903337,-0.03784233587039461,0.7298654870111321,0.6047989392871519,0.011201448727331306,0.6740939170114375,0.5675738389137664,-0.02429868853125146,0.6302110305427995,0.5837059021862956,-0.05215800788453323,0.597822914883487,0.6094426313223492,-0.06679739533057796,0.7627187462237602,0.5982338619718947,-0.005090664987531983,0.6904624006490067,0.5547329620643442,-0.04063710012298092,0.6387078289449324,0.588029664902917,-0.05892324035159171,0.6068565808989058,0.6232609918969392,-0.06370792254586342,0.7928814454463591,0.6143175767351454,-0.025934612380336307,0.7073056154392556,0.6294574756806343,-0.061782751176558556,0.7047397546919598,0.7066088517317752,-0.06134539978551102,0.7211437191752826,0.7522686803413823,-0.05133953702448306,0.8149017166580885,0.6494065413209079,-0.048303035900229635,0.7407831363382357,0.6741192885075215,-0.07375881187706822,0.7317512893915965,0.7324138726040321,-0.07045746240448005,0.7431757571611822,0.7649001029421676,-0.0611828532072084,0.0,0.0,0.0,0.0,0.0,0.0,0.0,0.0,0.0,0.0,0.0,0.0,0.0,0.0,0.0,0.0,0.0,0.0,0.0,0.0,0.0,0.0,0.0,0.0,0.0,0.0,0.0,0.0,0.0,0.0,0.0,0.0,0.0,0.0,0.0,0.0,0.0,0.0,0.0,0.0,0.0,0.0,0.0,0.0,0.0,0.0,0.0,0.0,0.0,0.0,0.0,0.0,0.0,0.0,0.0,0.0,0.0,0.0,0.0,0.0,0.0,0.0,0.0,0.26709748989151205,0.43476901156126274,0.02488141975868328,0.31844340494378665,0.43811507258188753,0.005434676680799285,0.40480556952455177,0.4282835430795658,-0.008276268260491345,0.46021839671353404,0.4084523266469635,-0.005518198860850064,0.36006667599005726,0.5417752050635127,-0.07096978996272894,0.36477516880127736,0.5575198053629231,-0.03373649981085282,0.3582224940484622,0.524380422797823,-0.0773523124956125,0.3571552003503854,0.5002903185769607,-0.07461595741113264,0.34503974169662655,0.5261475951151278,-0.07422967128378058,0.37202745709023144,0.5226411732217405,-0.07732921072535387,0.3173594922673328,0.618470281562273,0.029508908761907024,0.4373012028121522,0.6057803076850721,0.010531707463355602,0.36689419927138744,0.5999696966129036,-0.029218818880627394,0.37283790628071045,0.6533056811943658,-0.007725204032584733,0.3044453124688291,0.6230944684911812,0.03244192337309326,0.4517234242074504,0.6058965146942767,0.010594939861815512,no,2025-11-18T07:29:38.032899
0.7910323280339359,0.8518812474196709,-3.051284456484751e-07,0.7289527960082713,0.8127161791412137,-0.008930976261113182,0.6793657348008026,0.734780367941546,-0.01820421634281396,0.6398701055843512,0.6884854548914091,-0.032111847313934065,0.5951679559994418,0.6594496123182473,-0.0458608189327168,0.7192455508271145,0.609723402291281,0.004032342223416639,0.6689534857865262,0.5613367227138717,-0.02694040171073462,0.63116140916941,0.5510096252398,-0.051272546184316786,0.5998300067409836,0.5463187743813818,-0.06583315744097525,0.7549221263124111,0.6013372159247596,-0.011162891010327976,0.6911738167872108,0.5449323274753484,-0.045085019435789506,0.6426652433604056,0.5473679215456204,-0.06397837566729099,0.6075060945380455,0.5508062030502915,-0.07067617259810033,0.7890664122297103,0.61672320000774,-0.030293674209152948,0.7078732576440968,0.620546222695969,-0.06816743125210337,0.7014445986823447,0.7010733882491579,-0.06738344275378799,0.7129358334436136,0.7509217900074221,-0.05640121555327623,0.8139995670063361,0.6519814376698077,-0.05117260565620384,0.7405304815621385,0.6725710008459391,-0.07830570321574626,0.728948785078565,0.7326991481207111,-0.07431881697690013,0.7383792461114138,0.769183881446212,-0.06443257834773147,0.0,0.0,0.0,0.0,0.0,0.0,0.0,0.0,0.0,0.0,0.0,0.0,0.0,0.0,0.0,0.0,0.0,0.0,0.0,0.0,0.0,0.0,0.0,0.0,0.0,0.0,0.0,0.0,0.0,0.0,0.0,0.0,0.0,0.0,0.0,0.0,0.0,0.0,0.0,0.0,0.0,0.0,0.0,0.0,0.0,0.0,0.0,0.0,0.0,0.0,0.0,0.0,0.0,0.0,0.0,0.0,0.0,0.0,0.0,0.0,0.0,0.0,0.0,0.2674941206266795,0.43492408445685515,0.024380694625618975,0.3188201871072464,0.4385231347549559,0.005074413331268211,0.40555751257885764,0.42920181189451156,-0.008372032725221145,0.46094146218409093,0.4090912315207321,-0.005438798996640308,0.36072612993381037,0.5424069058535947,-0.07118704157112049,0.365211346698269,0.5581078886643565,-0.0337847000184845,0.3589270460221101,0.5249859875276804,-0.07760541378970116,0.3578383160174397,0.5008716206990028,-0.07489594547550002,0.34564542099918455,0.5266983464696122,-0.07450886007359576,0.3727483900050385,0.5232918516884613,-0.07755876694467004,0.3170153722590021,0.6194063277051172,0.029683819747650823,0.43697316159723054,0.606912644820777,0.011091811015055448,0.3675618538356754,0.6010227261045322,-0.029148908276115777,0.3730940099555026,0.6534947314091031,-0.0072967275831474394,0.30383788846364734,0.6230007256949467,0.03257727342503769,0.45145116627776694,0.6063933879337625,0.011164578167906076,no,2025-11-18T07:29:38.161509
0.7908874818804323,0.8479735164138454,-3.8009769789694286e-08,0.7283364389072271,0.8083411122604263,-0.010559934536324984,0.6775512896702225,0.7317632122491238,-0.020639755046192403,0.635193734566315,0.6900113281479903,-0.03569012019171988,0.5896066234732011,0.6697112198763935,-0.05036109097811815,0.7129973460216963,0.6070300704388534,0.0006451221387663844,0.6664196290073836,0.5478852226049522,-0.027499889988534577,0.6351949361711613,0.5196223408200495,-0.04963923490656193,0.6085406418554467,0.49482466526781643,-0.06409220888761427,0.7511914842224897,0.5975878346088032,-0.01521185457452329,0.6952608352238971,0.5277034748624758,-0.04838044149990197,0.652513849841061,0.5079622969401457,-0.06837792032656922,0.6187446108276012,0.489711005768615,-0.07679692771230967,0.7892384420729546,0.6132980686050968,-0.03452673228504027,0.7151363952195247,0.6032431726501696,-0.07505645880942609,0.70293556285283,0.6850969990047211,-0.07495883699965286,0.7084695539421895,0.7377846261877168,-0.06322232636808976,0.8170132505766086,0.6502132835321695,-0.05540698717167835,0.7478624237701897,0.6593776332297475,-0.0837303980255863,0.7276176279843051,0.7162197193812478,-0.07921032519000532,0.7285401255467042,0.754468832097694,-0.06871392680337471,0.0,0.0,0.0,0.0,0.0,0.0,0.0,0.0,0.0,0.0,0.0,0.0,0.0,0.0,0.0,0.0,0.0,0.0,0.0,0.0,0.0,0.0,0.0,0.0,0.0,0.0,0.0,0.0,0.0,0.0,0.0,0.0,0.0,0.0,0.0,0.0,0.0,0.0,0.0,0.0,0.0,0.0,0.0,0.0,0.0,0.0,0.0,0.0,0.0,0.0,0.0,0.0,0.0,0.0,0.0,0.0,0.0,0.0,0.0,0.0,0.0,0.0,0.0,0.2686878782654958,0.43523151601955,0.024058091229619046,0.3218426747399178,0.4390625760788024,0.005100239452927301,0.40832881596559917,0.4289821835084435,-0.007725636562782639,0.4639195047145583,0.4093948291221062,-0.004373199285483889,0.36316243406366117,0.5426589792787261,-0.07153574370860064,0.36741750386976435,0.5584764361210424,-0.03402204691485519,0.36149026689991004,0.5252616497792364,-0.07794320702311977,0.36054784717860355,0.5012127568941487,-0.07517102970977683,0.34812935851556825,0.5269566454161263,-0.07491133702899491,0.3753967062463395,0.5236097105389023,-0.07782395365012852,0.31880591439335604,0.6186742708586316,0.029105748403412204,0.43960322792290574,0.6069645147111851,0.01134215686040415,0.37033811554794177,0.6010908513297014,-0.029379492597656907,0.37514463941245135,0.6539217312250288,-0.007948743451554255,0.30513850998099207,0.623227022383835,0.03189932321586958,0.45340176612418925,0.606914217780129,0.011441810301597253,no,2025-11-18T07:29:38.309102
0.7938822542191774,0.8465225352989028,5.406686109251596e-08,0.7302097903554843,0.8077297938487953,-0.01263530429934812,0.6788975101076332,0.7321095309483229,-0.02374164025774777,0.6350735869010011,0.6908328859444175,-0.03969801718063491,0.5890244447302987,0.672822737499766,-0.05516742620872079,0.7113006556520682,0.6038475516512352,-0.0029077496742914437,0.6673533637075645,0.5407084442034771,-0.02989092377763635,0.6391382708027895,0.5041973963488218,-0.05118039745396761,0.6146827576514324,0.46907139692681593,-0.06597331784440948,0.7503676351356894,0.5933065170110514,-0.018612841366450944,0.6970259013441721,0.5182357782637574,-0.05072088702676354,0.6574292123846723,0.4869265459662963,-0.07095233020036347,0.624219566127378,0.4568506128000408,-0.08074303774135724,0.7899171655822231,0.6088223507812777,-0.03761320025683326,0.719066255452017,0.5906196537040826,-0.0788246556115402,0.7040725878496022,0.6721879343168137,-0.07911866827165985,0.7057620804283549,0.7264695476004654,-0.06788182260095887,0.8187440866168108,0.6466314406361714,-0.05832608019377222,0.75150923198092,0.6503665738780573,-0.08725571553233966,0.7268622252374985,0.7050817291593129,-0.08322672129103423,0.7230827823568635,0.7443995941093786,-0.0734282997902753,0.0,0.0,0.0,0.0,0.0,0.0,0.0,0.0,0.0,0.0,0.0,0.0,0.0,0.0,0.0,0.0,0.0,0.0,0.0,0.0,0.0,0.0,0.0,0.0,0.0,0.0,0.0,0.0,0.0,0.0,0.0,0.0,0.0,0.0,0.0,0.0,0.0,0.0,0.0,0.0,0.0,0.0,0.0,0.0,0.0,0.0,0.0,0.0,0.0,0.0,0.0,0.0,0.0,0.0,0.0,0.0,0.0,0.0,0.0,0.0,0.0,0.0,0.0,0.2720249167156794,0.4344056443651751,0.023993001672834885,0.32472621119407846,0.43736488152714076,0.005305450369148945,0.41081371141907885,0.4287674651406048,-0.0071132868037015766,0.46651504150656353,0.4096587442596157,-0.003512179352115359,0.36494309006249315,0.5421696576386306,-0.0718777030384491,0.3690663821877203,0.5580702662382403,-0.03427296258070049,0.3632969495557976,0.5248118983168185,-0.07826526895045034,0.3623714926973111,0.5008029545655436,-0.07541103221128415,0.34986261855832124,0.5264895994300175,-0.07526934689832467,0.37729508061359485,0.5232163135233117,-0.07808980436212404,0.32095377707048783,0.6178740524005224,0.02821757894920414,0.44177203801750603,0.6069603791130999,0.011110927069273063,0.37319584362449576,0.6009681537265268,-0.029846249134281008,0.3777559294302705,0.6544096509175377,-0.008451385559597947,0.30683546340075907,0.6234936824908982,0.031045295993878202,0.4550418813540639,0.6077108360877116,0.011347748461691207,no,2025-11-18T07:29:38.442028
0.7916044013977661,0.8506299979560767,-2.1054349647394197e-07,0.7308544927271806,0.806892282397649,-0.00851385490278578,0.683608894614516,0.726837686788401,-0.018634109811441004,0.6453871948520203,0.6811475320873516,-0.034046936489976136,0.6014122169768894,0.6557018577082417,-0.04875766338907986,0.7246810418610683,0.6009392978287914,0.00140488802501508,0.6818297961726298,0.5357495356030966,-0.02965908824375096,0.6475316829420594,0.512697298085147,-0.053626832233401076,0.6164517818866293,0.49750113921353,-0.06795111235118842,0.762414780082722,0.5924630638987447,-0.014679691865404923,0.7060217888488134,0.5205131349223603,-0.05039263970731526,0.6603569954898215,0.5115030359569336,-0.06956956370099845,0.6251652089460285,0.5070802393757894,-0.07637824519523688,0.7981910380447126,0.607273163935103,-0.03443859436095199,0.7202344502815505,0.596989587069708,-0.07513940031291312,0.7093127633938716,0.6769599964209496,-0.07374534345346642,0.7161397596584523,0.7305475627635506,-0.061049878604709173,0.824605178531794,0.6423134312613077,-0.055719788993723346,0.7524154994171263,0.6486962583402432,-0.08259151836397104,0.7321578131631066,0.7063866695093897,-0.07699117228601814,0.732888758941951,0.7458147043193988,-0.06593407716137778,0.0,0.0,0.0,0.0,0.0,0.0,0.0,0.0,0.0,0.0,0.0,0.0,0.0,0.0,0.0,0.0,0.0,0.0,0.0,0.0,0.0,0.0,0.0,0.0,0.0,0.0,0.0,0.0,0.0,0.0,0.0,0.0,0.0,0.0,0.0,0.0,0.0,0.0,0.0,0.0,0.0,0.0,0.0,0.0,0.0,0.0,0.0,0.0,0.0,0.0,0.0,0.0,0.0,0.0,0.0,0.0,0.0,0.0,0.0,0.0,0.0,0.0,0.0,0.27893687144282353,0.43456194779675383,0.017731662085011965,0.33428127426101784,0.4372301425992027,0.0020399816946645552,0.41988890982388116,0.4277161471973776,-0.005648633487169473,0.474700856763261,0.4086079966644148,0.0007779168133831193,0.3801932200695843,0.5432048575535224,-0.07150327040135612,0.3829641018003802,0.5582560121970315,-0.033745531623850154,0.3785994468581295,0.5259175472686082,-0.07805099554299708,0.3771104903586272,0.5017282468731497,-0.07546234655951475,0.3649657732808162,0.5276821175632143,-0.07559853318608173,0.3924696911332516,0.5239880116791821,-0.07735821649971894,0.3308746619202918,0.6176914703225757,0.02646060971998724,0.4523016483956549,0.6056324953979959,0.015786569145364797,0.38516647454471553,0.5995092250165684,-0.02847559004323618,0.3895122207204224,0.6543821414091625,-0.007452634231229294,0.3170400364975521,0.622943794303692,0.028680785907007136,0.4660382548726649,0.6041324127490559,0.0163933626057345,no,2025-11-18T07:29:38.682541
0.792805136108429,0.8510315481361347,-4.48887543609869e-07,0.730622163088749,0.8040293190037714,-0.008186367383500814,0.684836628570228,0.7234882375058338,-0.01800240439248875,0.6506180874009857,0.6731879196672568,-0.03295475602539216,0.6105113824981493,0.6390178709737193,-0.04694594183069124,0.7290283849957044,0.5956000507641424,0.004598998013183218,0.6803991426713522,0.5383964979861033,-0.029689107792927938,0.6418763968814148,0.5391347799477249,-0.05558789738343752,0.6128143578260203,0.5494878313789208,-0.06941388515699375,0.7654587759685614,0.5886397300675822,-0.010419056107903758,0.7028549925155322,0.5251042930909866,-0.04599703702866449,0.6570451840890574,0.5405215894849671,-0.06402613512389095,0.6278694196394876,0.559665432731489,-0.06906646690790211,0.7991542653602469,0.6036684227687905,-0.02974905405432205,0.7201437039081703,0.600863732457736,-0.06771106121421488,0.7109402550165617,0.6804351235423535,-0.06661743837931729,0.7205592225187403,0.7329822557794345,-0.05516332947090222,0.8245296238346836,0.6376836352340016,-0.050825459820691324,0.7524896966060699,0.6486098243166822,-0.07605283315063444,0.7344748013474072,0.7078339080178632,-0.07114939473675908,0.7370008830052925,0.7469118949873056,-0.060750518122229036,0.0,0.0,0.0,0.0,0.0,0.0,0.0,0.0,0.0,0.0,0.0,0.0,0.0,0.0,0.0,0.0,0.0,0.0,0.0,0.0,0.0,0.0,0.0,0.0,0.0,0.0,0.0,0.0,0.0,0.0,0.0,0.0,0.0,0.0,0.0,0.0,0.0,0.0,0.0,0.0,0.0,0.0,0.0,0.0,0.0,0.0,0.0,0.0,0.0,0.0,0.0,0.0,0.0,0.0,0.0,0.0,0.0,0.0,0.0,0.0,0.0,0.0,0.0,0.28836688824178225,0.43604107688566635,0.010433145072177234,0.3450048608491521,0.4382897032528408,-0.0018078008826096865,0.43071669149755765,0.42699781621152755,-0.003733206725968435,0.4840668532044378,0.407146472315972,0.006219684992973813,0.39764496013054107,0.5440510877199375,-0.07078981584995861,0.3988097744033029,0.5589499682166645,-0.03320574605727687,0.39613219193873883,0.5267336156581536,-0.07742236662625966,0.3939629838649215,0.5024243942228602,-0.0750415090649079,0.3823653492611433,0.528685893586142,-0.07562763752180521,0.4096796149491026,0.5245356873676825,-0.07608646549554314,0.3437369815100345,0.6191782122540308,0.023727624372062845,0.4632185385313617,0.603865390774941,0.020969657017312068,0.4008237016020773,0.5990025628237596,-0.027431293387199126,0.40495625620085607,0.6535981158305426,-0.006435346125180358,0.32894245305559977,0.6240278957156125,0.025226908444214304,0.4782270034033582,0.6017909938482066,0.022076316674135045,no,2025-11-18T07:29:38.810415
0.7920194868564758,0.8521159918872812,-5.732319772336529e-07,0.7293887688078633,0.8041903542059414,-0.008050097174148202,0.6853918147753026,0.7233937512068354,-0.018025776617590562,0.6530318911621933,0.6716711263909404,-0.03311348885492402,0.6139851014205835,0.6344328477736181,-0.04724748302748628,0.7335675264955787,0.5931269735479647,0.006145513157941273,0.6800350064877299,0.5436787706719762,-0.030324077585018733,0.6386092590028412,0.5575841264812782,-0.05795147937201757,0.6099524751051794,0.5814995478515546,-0.07203700377577776,0.7689495153284122,0.588442203328774,-0.008480359013033529,0.6999707229766687,0.5319679423485634,-0.043789954128560495,0.6537252061135137,0.5596558886603302,-0.06170947063322977,0.6276621482696034,0.5882323936423559,-0.06670039620014208,0.800898245789712,0.6047699606767689,-0.02774645833417883,0.7188384375425403,0.6070416160228744,-0.06477957701921777,0.710878170177577,0.6871694040792211,-0.0634882681982665,0.7225623940524152,0.7377997526341326,-0.05246806983090914,0.8247726141653429,0.6391937460895197,-0.04879903138312875,0.7522506468812973,0.6505101061547706,-0.07325760824025138,0.7365294810760779,0.7104617168587393,-0.06784533377790064,0.7411749066820896,0.7483645437708897,-0.0572033953561947,0.0,0.0,0.0,0.0,0.0,0.0,0.0,0.0,0.0,0.0,0.0,0.0,0.0,0.0,0.0,0.0,0.0,0.0,0.0,0.0,0.0,0.0,0.0,0.0,0.0,0.0,0.0,0.0,0.0,0.0,0.0,0.0,0.0,0.0,0.0,0.0,0.0,0.0,0.0,0.0,0.0,0.0,0.0,0.0,0.0,0.0,0.0,0.0,0.0,0.0,0.0,0.0,0.0,0.0,0.0,0.0,0.0,0.0,0.0,0.0,0.0,0.0,0.0,0.2843131891274524,0.4372140119011233,0.012339291730828674,0.33929521058547996,0.44006122714426554,-0.0011543258056613314,0.4255959829109874,0.43011977058974205,-0.005218170676059283,0.47985764308724244,0.41061768858680375,0.0033606842784495695,0.3885305490321361,0.5474658195290667,-0.07099375594004927,0.3904528387807454,0.5621669694770609,-0.03300702308249719,0.3870508327695632,0.5302527440893001,-0.07776316309332698,0.3852912061305732,0.5058413918479108,-0.07549139429771656,0.37335199282972936,0.5320393870129502,-0.07571293667772504,0.4008143213629104,0.5281618990503574,-0.0766600203900121,0.33656464773362443,0.6213598134958661,0.025394527554719527,0.45726273882821133,0.6077060728059885,0.01956083242521764,0.3936504965930461,0.6026748234345849,-0.02715313201595579,0.3977749520788521,0.6568115582013736,-0.005709784937334475,0.3227520312811034,0.6259491084947081,0.027265857293629864,0.4713528225758933,0.6058994975878607,0.02061983409006492,no,2025-11-18T07:29:38.962614
0.7910632493257599,0.8531050101800908,-6.491473126886507e-07,0.7292588329989786,0.8063927971610304,-0.006913052649771392,0.6858774876927508,0.725276178629617,-0.015722662333579846,0.6552916196857872,0.6724473407394918,-0.029689788782079604,0.6167720755134534,0.63404169453958,-0.042969369611396524,0.7353636873543872,0.5933351919245866,0.008458017607975687,0.679512268048705,0.5487370243721668,-0.02771865873469763,0.6367503249016586,0.567855248694054,-0.05513009390067706,0.608201218383736,0.5964971339168509,-0.06895862139281747,0.7704217467236543,0.5883186146248209,-0.006393805218315432,0.6982531849460523,0.5361152015285908,-0.0414349386556432,0.651228725540964,0.5707402744807694,-0.05896967069981553,0.626080347196554,0.6055164613227496,-0.0633324538718272,0.8017819781194654,0.6046592670853632,-0.025933229728267143,0.718003592960647,0.6085888836683281,-0.06280222590387025,0.7107837978230109,0.6894694125899188,-0.06198536273921275,0.7237693774251486,0.7399981860723917,-0.05130725586879987,0.8250708073001092,0.6391674740312405,-0.04712244354502945,0.7516614672204033,0.6524266767842029,-0.07255046344071857,0.736747747492232,0.7134905065140101,-0.06814183501553342,0.7425161750073809,0.7515381454701922,-0.057962433467038735,0.0,0.0,0.0,0.0,0.0,0.0,0.0,0.0,0.0,0.0,0.0,0.0,0.0,0.0,0.0,0.0,0.0,0.0,0.0,0.0,0.0,0.0,0.0,0.0,0.0,0.0,0.0,0.0,0.0,0.0,0.0,0.0,0.0,0.0,0.0,0.0,0.0,0.0,0.0,0.0,0.0,0.0,0.0,0.0,0.0,0.0,0.0,0.0,0.0,0.0,0.0,0.0,0.0,0.0,0.0,0.0,0.0,0.0,0.0,0.0,0.0,0.0,0.0,0.2760352875483072,0.43694261955892194,0.017584550944123464,0.33022700356716167,0.4409231323309066,0.0015081591456844157,0.41633271378367975,0.43293983629508465,-0.007036626385364312,0.47200208387749115,0.41429745122318096,-0.001263031611670477,0.37429636549087575,0.5486475916760019,-0.07091705361179976,0.37736921352260533,0.5633949242526906,-0.03302696587956075,0.3728282727108848,0.531631613438693,-0.0776301699596636,0.3716198589847431,0.5074063924781393,-0.07529118070822832,0.3592396833817607,0.5331247364408929,-0.0750828919600402,0.38671663240787274,0.5299099166196001,-0.07701691525124423,0.3264939574298539,0.6220005394440848,0.027356839895352165,0.4464263092897084,0.6114843502038061,0.015486672468116289,0.38014842301156515,0.6054171529568402,-0.02761815837497132,0.3844734516863987,0.6585434491408174,-0.00569413806929311,0.3130799395812103,0.6268693923420654,0.029935279555332768,0.4603035186697673,0.6109531147874301,0.01630735083783217,no,2025-11-18T07:29:39.086531
0.7913604677796402,0.8511596329949374,-6.609223616763822e-07,0.7288297105172811,0.804838691318476,-0.007420202606159061,0.685681633965928,0.7249803873456617,-0.01658486022250453,0.6549235298174114,0.6722792471710459,-0.03077040424619098,0.6166392664211249,0.6324239510982201,-0.044330496947593556,0.7350864237934656,0.5934215687310769,0.008427490132773264,0.6786413221270746,0.5515281434383722,-0.027652610646853114,0.635240845052758,0.5722329069398004,-0.054947869657633944,0.6068404976215097,0.6026713627309779,-0.06868406567482709,0.7701810615026963,0.5881432138199025,-0.006146434497746979,0.6976106913843115,0.5386080603876322,-0.04171191463686453,0.6489416955055436,0.5744668503064858,-0.05971294351755608,0.6227006679258222,0.6106932301273171,-0.0642144421761537,0.8014385530894264,0.6045445540634641,-0.025452905982099747,0.7168994953595654,0.6105822669417384,-0.06262347688585598,0.7090520353727634,0.6909796673182901,-0.06232986061317098,0.7221603148951304,0.7410237910552235,-0.051940880017820684,0.8246218606641385,0.6390983096360121,-0.04641524817951813,0.750486159158755,0.6534314537218439,-0.07236581432953593,0.7353885202762673,0.7144657773296521,-0.06846857546842001,0.7413000241396615,0.7523379265902291,-0.0585211818266552,0.0,0.0,0.0,0.0,0.0,0.0,0.0,0.0,0.0,0.0,0.0,0.0,0.0,0.0,0.0,0.0,0.0,0.0,0.0,0.0,0.0,0.0,0.0,0.0,0.0,0.0,0.0,0.0,0.0,0.0,0.0,0.0,0.0,0.0,0.0,0.0,0.0,0.0,0.0,0.0,0.0,0.0,0.0,0.0,0.0,0.0,0.0,0.0,0.0,0.0,0.0,0.0,0.0,0.0,0.0,0.0,0.0,0.0,0.0,0.0,0.0,0.0,0.0,0.26818082162201584,0.43978381776648334,0.02358637927331219,0.32051531278726586,0.443538118318087,0.004403813300640074,0.4057884921734027,0.4362644597449087,-0.00912598848800529,0.4617865208882924,0.41846167526903066,-0.006402884547824375,0.35982802426384,0.5484108374544407,-0.07006679777886703,0.3643335344499013,0.5635821323839136,-0.03295955368536772,0.35824690646461904,0.5315344754186111,-0.07657808823972903,0.3575277222417764,0.5078488184924876,-0.07414631997457086,0.3451536823471609,0.532938744372485,-0.07349026639217907,0.37200272001920587,0.5300616363188333,-0.07654987045597489,0.31694360513971637,0.6219146669617275,0.03007534852629127,0.43571901676166785,0.6142182655331164,0.011380543673227432,0.3659072579420924,0.6071853144544943,-0.027903797919425453,0.3709651722076021,0.6596463528758438,-0.00603899694822292,0.3045197955256973,0.6261347293588989,0.033101728964453986,0.4497962611401891,0.6126459948021623,0.011616590727689603,no,2025-11-18T07:29:39.204515
0.7894785553753395,0.8499998156200883,-6.66878240381428e-07,0.7266464972664683,0.8037219217243015,-0.006644050768011615,0.6843600833499226,0.7233709560114692,-0.015134428658567862,0.6546667672165976,0.6698478502662786,-0.02881187758432815,0.6167327215322482,0.628854490254768,-0.041809225758228236,0.7338735076978955,0.592553223301772,0.010321042792362145,0.6772632017091367,0.551093810574548,-0.025406777204160524,0.634264584466,0.573037090362219,-0.052453531786381326,0.6062825353784429,0.6048675665125837,-0.06597073467328429,0.768528283475042,0.5868075113651362,-0.00444208157188602,0.6948165671009998,0.5387867024083242,-0.039857109684832026,0.6455881892711739,0.5753126273283833,-0.057813508850033224,0.6191052975993094,0.611735291230193,-0.062236901498104354,0.799460402605199,0.6029669512851958,-0.024008061594944584,0.713913520691944,0.6107264631465437,-0.060748160954863226,0.706683133622661,0.6905128994645802,-0.06036281689277476,0.7207242724187262,0.7389490069053278,-0.050004651420982524,0.8220892272795485,0.6374405737518745,-0.045203436744254304,0.7474481581812147,0.6520403814400846,-0.07087254592843412,0.7328398838220631,0.7129562995096289,-0.06691680714029025,0.7396861799298619,0.7500055104314214,-0.05695206509772148,0.0,0.0,0.0,0.0,0.0,0.0,0.0,0.0,0.0,0.0,0.0,0.0,0.0,0.0,0.0,0.0,0.0,0.0,0.0,0.0,0.0,0.0,0.0,0.0,0.0,0.0,0.0,0.0,0.0,0.0,0.0,0.0,0.0,0.0,0.0,0.0,0.0,0.0,0.0,0.0,0.0,0.0,0.0,0.0,0.0,0.0,0.0,0.0,0.0,0.0,0.0,0.0,0.0,0.0,0.0,0.0,0.0,0.0,0.0,0.0,0.0,0.0,0.0,0.2788319012942919,0.4410135031930485,0.016390487506278802,0.3337991128545857,0.4432733152883083,0.0010943436184826928,0.4183412397953119,0.432641642518748,-0.0061066240421094944,0.47289977094028574,0.41509124379486995,0.00044287953840458803,0.38004015344165815,0.5465098344300402,-0.07025982590807595,0.3828615070435236,0.561300193332002,-0.032998282132834504,0.37844671997692314,0.5294372053606727,-0.07684497541978937,0.3769440150868382,0.5055396653173345,-0.07449739652331143,0.36505669003527474,0.5310868748756041,-0.07447223583338049,0.39212453324644986,0.5275648404906544,-0.07611403499281136,0.331881279446117,0.6202284604664137,0.02704768794777603,0.4517883229112065,0.6079670343397394,0.017147140447889866,0.3867962092894971,0.6034947089144878,-0.027177021314637406,0.3912872619212907,0.656929264837809,-0.006822049430718325,0.3172425891700523,0.6241854607926545,0.029092749969962264,0.4656768449885058,0.6057841833332406,0.017686118984879422,no,2025-11-18T07:29:39.372409
0.7890834287077197,0.8499884756391762,-6.753911086935561e-07,0.7258565497482702,0.8045570041150957,-0.005272736395892404,0.6835753899854319,0.7229620449880039,-0.012474976495396592,0.6549069810394816,0.6686357280925814,-0.025073559018904915,0.6169800485198015,0.6275565807692449,-0.03711309951062676,0.7329523967303412,0.5929110175022501,0.012853936438194002,0.6768275208451079,0.5514970986924254,-0.02200174112671844,0.6341222803216078,0.573869259387805,-0.04872417584785775,0.6065901831707888,0.6064112429254049,-0.06217779078460872,0.7674914602628353,0.5870259514032408,-0.0022803258961258373,0.6952409036943903,0.5394416118929438,-0.03714626545662042,0.6460244804159214,0.5749249820773539,-0.05502888301595804,0.6191971988847225,0.611070755594726,-0.0595077332736379,0.7984236734495874,0.6028097207121017,-0.022217008214285665,0.7136173648229007,0.6096264657117606,-0.0584241194409879,0.7070091240508629,0.6887034495205744,-0.05806044727201852,0.7214572964552585,0.7367906302760892,-0.04797544778569134,0.8212271790904426,0.6366989372074344,-0.043712979471704105,0.7466784774842383,0.6514827108425704,-0.06940114159915625,0.7325297601311701,0.712647701365761,-0.06575241990157937,0.7398559395342517,0.7493784859686556,-0.056122885206059646,0.0,0.0,0.0,0.0,0.0,0.0,0.0,0.0,0.0,0.0,0.0,0.0,0.0,0.0,0.0,0.0,0.0,0.0,0.0,0.0,0.0,0.0,0.0,0.0,0.0,0.0,0.0,0.0,0.0,0.0,0.0,0.0,0.0,0.0,0.0,0.0,0.0,0.0,0.0,0.0,0.0,0.0,0.0,0.0,0.0,0.0,0.0,0.0,0.0,0.0,0.0,0.0,0.0,0.0,0.0,0.0,0.0,0.0,0.0,0.0,0.0,0.0,0.0,0.28501238035276577,0.44112938052375505,0.012754517584685708,0.34185407510309695,0.4419401782044188,-0.0007519308649970374,0.42565579240780305,0.43048710486685693,-0.0048714298230860854,0.4794451327149778,0.4128850238578079,0.003653569046118679,0.3913711530853463,0.5441660147415703,-0.07076428533739407,0.39327295725806705,0.5590769822708594,-0.03331548331592993,0.38980847196413143,0.527103106760155,-0.07739496606983234,0.387933124930237,0.5033186126231143,-0.07505988442627326,0.37627072456380284,0.5289976958797271,-0.07535867874561442,0.4033890215508601,0.5250010276710169,-0.07631398679929836,0.34018842612576083,0.6188212886629249,0.02607013368607864,0.45991341113326134,0.604401655673898,0.020392010854976925,0.39785228822323976,0.6008953179811086,-0.027139195444651716,0.4017578038961312,0.6550651244194843,-0.006672670971209955,0.32412788101748313,0.6225861996346085,0.027576120764912677,0.47496651156457304,0.6010122624983005,0.02104403528305956,no,2025-11-18T07:29:39.503827
0.7897237874701624,0.8495640234145283,-6.811729644164594e-07,0.7263217008156024,0.8038567794070199,-0.0049321342237278335,0.6834100475928135,0.7217670496870714,-0.011854412041848648,0.6546739006283071,0.667186946735576,-0.02421534480300295,0.6171356303008553,0.6259689720805606,-0.0360050458287978,0.733282228638608,0.5926317336981007,0.013406380618329388,0.6776759777058028,0.5508800431530516,-0.021440292544932325,0.6350107928326179,0.5732729292067656,-0.04818720624212899,0.6071806706945864,0.6059539439495799,-0.06165196676242918,0.7674609126742186,0.5868997330754302,-0.00181801304548075,0.6958917919789548,0.5400052798424986,-0.037004913588138205,0.6462060585387255,0.5757068576844899,-0.055032272460981,0.6188257978047117,0.6124560552208402,-0.059483033636278215,0.7983037063174603,0.6024735835578026,-0.021853554492737202,0.7137512466604891,0.6094171969462276,-0.05851540554974238,0.7078496452621258,0.6886978308126859,-0.05824795298097329,0.7227028577746721,0.7373342380201247,-0.04803899713448481,0.8213232388696384,0.6360468446165193,-0.04340115855933266,0.746875229457146,0.6508001136801047,-0.0697299634890446,0.7332371178909787,0.7124196415459176,-0.06622649509344983,0.7409069212212884,0.7497451521411271,-0.05650989950136147,0.0,0.0,0.0,0.0,0.0,0.0,0.0,0.0,0.0,0.0,0.0,0.0,0.0,0.0,0.0,0.0,0.0,0.0,0.0,0.0,0.0,0.0,0.0,0.0,0.0,0.0,0.0,0.0,0.0,0.0,0.0,0.0,0.0,0.0,0.0,0.0,0.0,0.0,0.0,0.0,0.0,0.0,0.0,0.0,0.0,0.0,0.0,0.0,0.0,0.0,0.0,0.0,0.0,0.0,0.0,0.0,0.0,0.0,0.0,0.0,0.0,0.0,0.0,0.2832600554183873,0.43921845856288766,0.013635355502190305,0.3386721807266736,0.4405658790115722,-0.000382993872948604,0.42335022005071854,0.4299150450100276,-0.005307278104000003,0.47734712218367603,0.41281136061035384,0.002828281904426129,0.3871000221813298,0.543483965670422,-0.0712570942995278,0.38919415625564335,0.5585198191459888,-0.03354917644666888,0.3855680058232599,0.5263764761801416,-0.07792432421643282,0.3838033476623765,0.50260657312865,-0.07554964405162998,0.37197271646509844,0.5281844618104843,-0.07579352202385015,0.3991874082859586,0.5243802857833691,-0.07691340492227605,0.3361875923219899,0.6172149010090899,0.026632359668618964,0.45627053498862774,0.6023039855956618,0.019903379925736563,0.394143023360239,0.6003357929932398,-0.02746762298915201,0.39797896014604073,0.6535194243923593,-0.006641231663328981,0.320174469693083,0.6220123812523171,0.028262215763778246,0.47173509768501937,0.6014322503382769,0.020520790866181596,no,2025-11-18T07:29:39.635975
0.7903489638186993,0.8494066633777201,-6.848303689378303e-07,0.7275588828346353,0.8035969680898167,-0.005007456661014979,0.684171229154912,0.7213119177306512,-0.012084472928318256,0.6548486483217372,0.6667304193306939,-0.02453287807179862,0.6171183219806431,0.6256823138562898,-0.03637840579329847,0.7351470392594133,0.5923231722327327,0.012934213773516588,0.6789725499147605,0.5502388618608733,-0.022275826346263863,0.6357623706365848,0.5724176693038527,-0.0493422945606931,0.6070797521849854,0.6053349734453557,-0.06292430276269004,0.7684907765237243,0.587176549200679,-0.002148601991827737,0.6965118320780395,0.5405973261910094,-0.03761281045763283,0.6464219875518334,0.5766306014077052,-0.05567733413126259,0.6184838138861053,0.6139885344787825,-0.060063373778793366,0.7985151921060263,0.6026603414310009,-0.022035524929834082,0.7133195351210924,0.6100969000840605,-0.058587824128139815,0.707431000294866,0.6891428013526167,-0.05816934037863114,0.7219506486863778,0.7379243008929206,-0.0478312226041744,0.8208827192883348,0.6359324246123368,-0.043469355979566957,0.7463285639778405,0.6507301354418895,-0.06957381692909642,0.7331255825184111,0.7123490038173924,-0.06588167959766829,0.7409529523022336,0.749824415517585,-0.055976948963780214,0.0,0.0,0.0,0.0,0.0,0.0,0.0,0.0,0.0,0.0,0.0,0.0,0.0,0.0,0.0,0.0,0.0,0.0,0.0,0.0,0.0,0.0,0.0,0.0,0.0,0.0,0.0,0.0,0.0,0.0,0.0,0.0,0.0,0.0,0.0,0.0,0.0,0.0,0.0,0.0,0.0,0.0,0.0,0.0,0.0,0.0,0.0,0.0,0.0,0.0,0.0,0.0,0.0,0.0,0.0,0.0,0.0,0.0,0.0,0.0,0.0,0.0,0.0,0.2779499779321627,0.43656901867677617,0.017514847911805964,0.33212404934294343,0.4381941084387008,0.0014598774538744901,0.416623073382331,0.4284226319725202,-0.00687607073777552,0.4716956846670486,0.4128447730604946,-0.0008078547796026314,0.37699102418842795,0.5410936440405028,-0.07113375626789173,0.3799273647498691,0.5564521743682977,-0.033647072460290084,0.37545781482416657,0.5238215279040661,-0.07771821972826493,0.37407790616913994,0.5000150066733109,-0.07528339913419817,0.362039941854528,0.5254394949566795,-0.07522154719814333,0.3890445939688002,0.5220943486907874,-0.0770893672906306,0.32843587854224343,0.6155811164572275,0.028708368748429677,0.45003865122615594,0.60148301911352,0.017437911809061356,0.3842455189766817,0.5988907596939466,-0.02769190427349713,0.3890610479660486,0.6521629554994786,-0.006565308989858913,0.3128805677809211,0.6193779133243702,0.03067490789316632,0.4642172643137774,0.6014950207856697,0.017652587692521683,no,2025-11-18T07:29:39.759914
0.7893940890241415,0.8500289637841969,-6.848320668729104e-07,0.7272458532463124,0.8041039678629626,-0.004872290021180722,0.6835661081229882,0.721440876935165,-0.011793927291469213,0.6542511946023053,0.6663699823284635,-0.02412684692478862,0.6165598745771288,0.6251148082896103,-0.03582884175270259,0.7349139949505227,0.5933009327159452,0.013328933291687455,0.6791040935513591,0.5509117018292556,-0.021784366300396908,0.6361531501067292,0.5730414652862342,-0.04883608471692721,0.6074411908279054,0.6061375916554629,-0.06235890072879337,0.7680708691998199,0.5881161032937294,-0.0016352698773868138,0.6965623335042297,0.541431072668106,-0.03709672005220547,0.6466170344444042,0.576924447775691,-0.05518926973713532,0.6184151631018814,0.6144238491199607,-0.05951751047597982,0.798122103728184,0.603309712494065,-0.021401157011723855,0.7130928611083672,0.6112366161835403,-0.05789911800228993,0.7071785836530635,0.690477211270867,-0.05758474284737755,0.7213047735199772,0.7402090545812107,-0.04722357178253878,0.8205995467951226,0.6363174810744789,-0.042724071805181695,0.746137187624754,0.6517998886113714,-0.06891004233252726,0.7326392606805923,0.7138204605707292,-0.0654217949227355,0.7399453439298949,0.7521747106674992,-0.055560759865829853,0.0,0.0,0.0,0.0,0.0,0.0,0.0,0.0,0.0,0.0,0.0,0.0,0.0,0.0,0.0,0.0,0.0,0.0,0.0,0.0,0.0,0.0,0.0,0.0,0.0,0.0,0.0,0.0,0.0,0.0,0.0,0.0,0.0,0.0,0.0,0.0,0.0,0.0,0.0,0.0,0.0,0.0,0.0,0.0,0.0,0.0,0.0,0.0,0.0,0.0,0.0,0.0,0.0,0.0,0.0,0.0,0.0,0.0,0.0,0.0,0.0,0.0,0.0,0.2794385497857072,0.4342491097822281,0.01727874518553965,0.3338423494881755,0.4364896478415581,0.0017225103127489197,0.41823781409022864,0.4269539426532828,-0.005895660135863401,0.47371165120383985,0.4120948592456251,0.0005859993563137728,0.37936205693693403,0.5392479879347869,-0.07129180487387697,0.38212391623018205,0.5545846618129788,-0.03391613855761105,0.37785414928773176,0.5218988632886572,-0.07780734030951744,0.37646451093636135,0.4980758509099358,-0.07527768905427026,0.36438536063196825,0.5234948069399334,-0.07539184079162614,0.39148532410403664,0.5201975303996997,-0.07709932226950658,0.3300618730918462,0.6140851484633703,0.02776813517511053,0.45303655147462735,0.6001213351488011,0.01745939870952288,0.3878003230364289,0.5964981805023383,-0.028081534339421524,0.39266066965200774,0.6508584550503832,-0.007526078657198095,0.3143126329142795,0.6180280756197046,0.02963468132179249,0.4662416372991006,0.5999344553543827,0.017685579931031998,no,2025-11-18T07:29:39.883367
0.7894167047942058,0.8498830059666529,-6.86549331294662e-07,0.7271824707096125,0.8040192411927576,-0.004353208851255284,0.6837293877082684,0.7216645903459394,-0.01100603165201169,0.6546319606930289,0.6667202153635268,-0.023230265185419156,0.6172748861525476,0.6254587222180779,-0.03495813621923059,0.735239530644054,0.5948048800580763,0.014123032402522308,0.6796818096636343,0.5518741195952004,-0.020957651178386206,0.6362689974433487,0.5732314717788594,-0.04806489622265657,0.6068854947631653,0.605768778947696,-0.06161857201306593,0.7680776678285934,0.5895073085438374,-0.0010672679221618798,0.6976315595705658,0.5421154515524063,-0.036650847575288484,0.6472591059253576,0.577101441502973,-0.054862189643448064,0.618555449516639,0.6148475000928936,-0.05916039098911811,0.7980852105802938,0.6043214607659229,-0.021048646124768425,0.7137196647785031,0.6116125505215034,-0.05776887413662394,0.7080499186671232,0.6908733045032314,-0.057639913083759195,0.7223265465252322,0.740868007953905,-0.0472735371913659,0.8206853522683346,0.6368730611968769,-0.042510879593343834,0.7464877594236441,0.6521543717386996,-0.06889934211319547,0.733682308391291,0.7141421750847878,-0.06546173124094119,0.7417204339297454,0.7525710937561434,-0.05555830320397492,0.0,0.0,0.0,0.0,0.0,0.0,0.0,0.0,0.0,0.0,0.0,0.0,0.0,0.0,0.0,0.0,0.0,0.0,0.0,0.0,0.0,0.0,0.0,0.0,0.0,0.0,0.0,0.0,0.0,0.0,0.0,0.0,0.0,0.0,0.0,0.0,0.0,0.0,0.0,0.0,0.0,0.0,0.0,0.0,0.0,0.0,0.0,0.0,0.0,0.0,0.0,0.0,0.0,0.0,0.0,0.0,0.0,0.0,0.0,0.0,0.0,0.0,0.0,0.2865197631264199,0.43464848734808426,0.014123517261795962,0.34224920592637686,0.43484212766890984,0.00032884213843840894,0.4260817660796526,0.4248789554222148,-0.0041316740065655,0.48108548504005316,0.4093303670303061,0.004363561057351146,0.391346489531852,0.5375818005546127,-0.07160589126941225,0.3933491701292893,0.5530625480867415,-0.03422139048477915,0.38979673919369345,0.5201109337672076,-0.07810690417165402,0.38799892116527845,0.49622406468092767,-0.07552797121537709,0.37627492554665887,0.5218622520837057,-0.07603046141859063,0.4033450437582561,0.5182372430021265,-0.07704912075904376,0.33945722395856653,0.6129056566405902,0.025825034879148816,0.46165523171379985,0.5992821832299181,0.019848995197707015,0.39964667810356447,0.5941467528907871,-0.028369021556493408,0.40346704034377273,0.6496492888273766,-0.008236151386493515,0.3231319318393343,0.616831377707008,0.027217695850934927,0.4760327833044728,0.5966014845169436,0.020265363554304507,no,2025-11-18T07:29:40.004476
0.789984332631249,0.849886291200871,-6.841760740827877e-07,0.7280702108892454,0.8045608543648419,-0.004266731167305165,0.6851222700813223,0.7229783747132223,-0.011077956529815107,0.6564356328562038,0.6682664771294715,-0.02347522383192352,0.6195979743110149,0.6259036088507381,-0.0353573900403814,0.7361831491396997,0.5957349226054084,0.014016197795185915,0.6812540749310756,0.5522445234435353,-0.021012057831062074,0.637530368691996,0.5731520122299143,-0.04795805241003911,0.6080261776718048,0.606021721674852,-0.061348455914102845,0.7689826171975304,0.5901777282064737,-0.0012064038102695658,0.6991458047429397,0.5420177885184364,-0.03674716871540818,0.6482753404401721,0.5772038262488468,-0.054829070147308444,0.6192899460946842,0.6160771046912221,-0.0589473089804914,0.7988725591990672,0.6047299707146112,-0.021202115194285,0.7150917047094267,0.6120530029657536,-0.05784232368966798,0.7095343000966536,0.6912123757089521,-0.05775989285193247,0.7239507881876192,0.7415050148049707,-0.04743023871015248,0.821260077447949,0.6368740174854166,-0.0426581061419106,0.7470298821093593,0.6527658331395525,-0.06909192040237716,0.7346428204554112,0.714836732331136,-0.06575366794357354,0.7430758157865127,0.7532901404888352,-0.055892904205518346,0.0,0.0,0.0,0.0,0.0,0.0,0.0,0.0,0.0,0.0,0.0,0.0,0.0,0.0,0.0,0.0,0.0,0.0,0.0,0.0,0.0,0.0,0.0,0.0,0.0,0.0,0.0,0.0,0.0,0.0,0.0,0.0,0.0,0.0,0.0,0.0,0.0,0.0,0.0,0.0,0.0,0.0,0.0,0.0,0.0,0.0,0.0,0.0,0.0,0.0,0.0,0.0,0.0,0.0,0.0,0.0,0.0,0.0,0.0,0.0,0.0,0.0,0.0,0.27930316192629284,0.43498957324958076,0.019330713518884164,0.33339786093399837,0.43637398784759274,0.002655743880912158,0.4177977390044869,0.4254596832088491,-0.006541641514740432,0.4736847757393641,0.4107800270028926,-0.000990908821646316,0.3768692638193852,0.5386719401351707,-0.07135604708491097,0.3801323321664284,0.5543836304772392,-0.03400151535819425,0.3753526237472373,0.5214552724294107,-0.07786425657210172,0.374185061697866,0.49779909305423187,-0.07529243341452371,0.36199366156101864,0.5231283821301097,-0.07524337168930058,0.3890643245476995,0.5198118437853803,-0.07733337556077721,0.3284673145149125,0.6152713176334207,0.02831354274228256,0.45088960349537344,0.6032695660889122,0.015699792331155933,0.3845550758309952,0.5973127010150957,-0.028480559099076572,0.388774728319889,0.6502995623023297,-0.007424711581540143,0.3143629645397004,0.6187878626396673,0.03047509788910863,0.46520061280072733,0.6017037621635621,0.01593858070057912,no,2025-11-18T07:29:40.162503
0.7911702330461238,0.8500797713671897,-6.781828512431089e-07,0.7291598377005584,0.8050050806648581,-0.004288266276055899,0.686357775675198,0.7238474296299419,-0.011223903042504743,0.6573955238618024,0.6699056038963855,-0.02384630667795326,0.6198443188720449,0.6280553949138029,-0.03600538357805394,0.7370397659741925,0.5969675920991366,0.014372182444738086,0.6821474959253919,0.5544016854354517,-0.020877862955219147,0.6381134898097889,0.5750678512458776,-0.04817469356127223,0.6082462226287796,0.6075064040789269,-0.061884358037632134,0.7696683844616496,0.5911851294192464,-0.0010802716029432572,0.7002275938292183,0.542767689043764,-0.036978775618280335,0.6490918521296472,0.577122904926639,-0.05547400460960107,0.619738077886667,0.6148885088580622,-0.059872807499302745,0.7994884098218542,0.6057032150135251,-0.021338556819301885,0.7153775390898666,0.6120842526616183,-0.05824130500803818,0.7096823517122978,0.6912783184391929,-0.058297831893376326,0.7242402358887772,0.7410723208923993,-0.04803555972194044,0.821879884943991,0.6381137954038564,-0.04305363292675497,0.7474881020368116,0.6534159892798135,-0.06953252322809364,0.7354402924069658,0.7149878818706766,-0.06618904664759663,0.744601740414695,0.7526770948663811,-0.05635573012302189,0.0,0.0,0.0,0.0,0.0,0.0,0.0,0.0,0.0,0.0,0.0,0.0,0.0,0.0,0.0,0.0,0.0,0.0,0.0,0.0,0.0,0.0,0.0,0.0,0.0,0.0,0.0,0.0,0.0,0.0,0.0,0.0,0.0,0.0,0.0,0.0,0.0,0.0,0.0,0.0,0.0,0.0,0.0,0.0,0.0,0.0,0.0,0.0,0.0,0.0,0.0,0.0,0.0,0.0,0.0,0.0,0.0,0.0,0.0,0.0,0.0,0.0,0.0,0.2731252007818339,0.43364161336886997,0.024355052780820122,0.32491668840729154,0.43544023188651915,0.005335236098043369,0.4085207853195042,0.42671644701023204,-0.00796123551763199,0.46451219315799686,0.4116925371144224,-0.0050644610289354835,0.3640511495726946,0.5386912969585308,-0.07088640152960186,0.3684781862896656,0.5546968256050594,-0.03397162497019,0.36241170897406727,0.5214524489607533,-0.0772424959000817,0.36156152498955796,0.4978071125976726,-0.07455187420729047,0.34929003866434416,0.5230355817892369,-0.07417281491755487,0.37610322865339685,0.5200021142526144,-0.07718026998020054,0.3203525419401116,0.6166536448758992,0.029941824743524397,0.4410997262595962,0.6061645691543804,0.011768429844675857,0.3717347255680855,0.6002882779977823,-0.028929131792663723,0.37623308874261663,0.653410858555187,-0.00780596647236349,0.3064225869918732,0.619890857627512,0.0326445918502426,0.4553926487055471,0.6048135157177064,0.011709547701017476,no,2025-11-18T07:29:40.289534
0.7895351914341795,0.8503953797059642,-6.742248186583672e-07,0.7282179622539047,0.8044232761684581,-0.004994481500727101,0.6855274038249952,0.7236844801290732,-0.01245607907197354,0.6559857637066429,0.6694359486156732,-0.0254860533531983,0.6184308536079279,0.6266060179601363,-0.037983871175404305,0.7364933000307822,0.5960947942032548,0.013566490911447373,0.6819584930836982,0.5538637288604565,-0.021992124920133055,0.6381282463983484,0.5747626887264239,-0.04953925653133611,0.6083154755302407,0.6067943025414776,-0.0634316948598233,0.7690714816595358,0.590981799729307,-0.0015972105559705276,0.6990280923495609,0.543575428632142,-0.03777119423340031,0.6478668214982495,0.578314055040529,-0.05653496966422417,0.6185020087995957,0.6153949895211942,-0.061203100500769075,0.7988276702486804,0.6063930591993437,-0.02158717760848107,0.7143535165446739,0.6137832914919419,-0.058820633716635054,0.7084813149590847,0.6928329665831066,-0.058937214479054915,0.7229746840416481,0.7421544015179007,-0.04866426508533641,0.8212008880305435,0.639594852270791,-0.04307416377058269,0.746960441628147,0.6546414253115986,-0.06970994282432628,0.734421212697471,0.7159309128381857,-0.06639703161838068,0.7431720564637562,0.7535492837079099,-0.05655379987095728,0.0,0.0,0.0,0.0,0.0,0.0,0.0,0.0,0.0,0.0,0.0,0.0,0.0,0.0,0.0,0.0,0.0,0.0,0.0,0.0,0.0,0.0,0.0,0.0,0.0,0.0,0.0,0.0,0.0,0.0,0.0,0.0,0.0,0.0,0.0,0.0,0.0,0.0,0.0,0.0,0.0,0.0,0.0,0.0,0.0,0.0,0.0,0.0,0.0,0.0,0.0,0.0,0.0,0.0,0.0,0.0,0.0,0.0,0.0,0.0,0.0,0.0,0.0,0.27325491573095906,0.4330453727864629,0.02354309651837408,0.32585537324588976,0.43613379673511443,0.005281621655162298,0.4103969322381899,0.4273699969721799,-0.006773822496643177,0.4659171968473624,0.41138594212402946,-0.0030112410594178842,0.3668767890760125,0.5421104206560079,-0.07199261992945852,0.37106895812362306,0.5574770408180478,-0.03454147584724042,0.3651497221704443,0.5247728040797571,-0.0783789988784428,0.3640870243918661,0.5006800727363668,-0.0755702598923606,0.3516983069574849,0.5263723412562518,-0.07544012627601147,0.3791437776510545,0.5231189963600871,-0.07815351144659938,0.32221555090779996,0.6193747340819316,0.028613600653596326,0.4440367634593879,0.6084822985008352,0.012068475748895803,0.37666767196525613,0.6006832749318135,-0.02956975565189083,0.38132078338211917,0.655294302425558,-0.008550275432932386,0.30837768105392,0.6233517472398882,0.031282807512681476,0.4580857107682551,0.6066943404947327,0.012212356136508989,no,2025-11-18T07:29:40.429421
0.7905005647627288,0.8519148519852453,-6.737390505577604e-07,0.7290689363424064,0.8058089929731451,-0.005220315268507681,0.6870190896955481,0.7262262952021709,-0.012906433577942241,0.6577769175359997,0.6729108544614926,-0.026077536593202714,0.6206727031482633,0.6302304121916618,-0.03865613374787366,0.7366653137555492,0.5966641640312539,0.013594107095402165,0.6819253844469699,0.556559873034278,-0.02190921098244354,0.6380809374310468,0.5779717498273843,-0.049773583033848906,0.6084120908115376,0.6104462170990621,-0.06393228459088043,0.7696302642596384,0.5914457829632558,-0.001559441106244851,0.6999812214200655,0.5451413207785496,-0.03691880171691511,0.6493769765946142,0.5789802914038552,-0.0556241448256414,0.6200605272670006,0.6160673101101759,-0.060590455665323464,0.7996616771977807,0.6069898109164291,-0.0216004706268862,0.7163936271497479,0.6144181745812676,-0.05817302434506622,0.711366863639134,0.6925710836734045,-0.05848729618648982,0.7258961926906848,0.7426282971983119,-0.0487426951324328,0.8222594165170265,0.6403489705632672,-0.04323614722783685,0.7482280037597064,0.6564517794549631,-0.06958283537958182,0.7354177928092305,0.717102246456248,-0.06656443599523312,0.7430987988846491,0.7551068991247679,-0.05717564943599172,0.0,0.0,0.0,0.0,0.0,0.0,0.0,0.0,0.0,0.0,0.0,0.0,0.0,0.0,0.0,0.0,0.0,0.0,0.0,0.0,0.0,0.0,0.0,0.0,0.0,0.0,0.0,0.0,0.0,0.0,0.0,0.0,0.0,0.0,0.0,0.0,0.0,0.0,0.0,0.0,0.0,0.0,0.0,0.0,0.0,0.0,0.0,0.0,0.0,0.0,0.0,0.0,0.0,0.0,0.0,0.0,0.0,0.0,0.0,0.0,0.0,0.0,0.0,0.2800007386291056,0.43248041740176113,0.01987005462788373,0.33469039147218804,0.4347408089853856,0.003714141934035283,0.4199925356476747,0.4259388074613097,-0.0047338638794598535,0.4750931545979594,0.40857402415211025,0.0012583516223155654,0.38026588069542355,0.5412473268269511,-0.07257753193266482,0.38327768627807435,0.5565999367488982,-0.03481017950916098,0.37860401753167905,0.5237972344449688,-0.07901520711324789,0.377158065170634,0.4994901337383311,-0.0761789254364452,0.36486112960159856,0.5254986126924112,-0.07646153997182609,0.39268231548987964,0.5219682870994924,-0.07838249110275716,0.33231044996199477,0.6201592593978383,0.026082719563040934,0.4544195739179569,0.6073720143474635,0.014652398956715662,0.3893099395268633,0.598841936919642,-0.029845585752695598,0.3937097682980008,0.65518078372964,-0.009343437077039485,0.31690028204383625,0.6235712441033425,0.028345535881122347,0.4679535006306333,0.605270147218039,0.015139249876771474,no,2025-11-18T07:29:40.564223
0.7922441876872268,0.853036507527962,-6.768783783513845e-07,0.7303219742747189,0.8068974474028628,-0.005076986429403763,0.687490304230022,0.7262986427392537,-0.01255049022441476,0.6577660866175787,0.6723937020911284,-0.02551365630096394,0.6204639377004592,0.6302908884021206,-0.03790561461785334,0.7377918090994543,0.5983382332149678,0.013568520708134614,0.6824733755215959,0.5574084581979709,-0.022026314475894794,0.6387065563429343,0.57872035767889,-0.04974838245370443,0.6089858431982035,0.6111208212570506,-0.06374543899162628,0.7707484717256139,0.5929328099806208,-0.0016308498512208108,0.7009281262072404,0.5464185681708758,-0.03736357087987231,0.6503720224426623,0.580639165896935,-0.05598532907828892,0.6211785196969616,0.6180232862310828,-0.06068817637072669,0.8007353450438214,0.6081191053254631,-0.021714582447973644,0.7171304411803121,0.6155953237198483,-0.05863101653189762,0.7121560134445517,0.6942348678750628,-0.05895486105611074,0.7269026404127252,0.7444879218878828,-0.04900034068998616,0.8232693624180591,0.641105592087435,-0.04336818102148831,0.749080623278779,0.657775947377094,-0.07011682194637317,0.736494665151945,0.7189668501282247,-0.06725588576824072,0.7444925027557706,0.7572193011554016,-0.05780922161125872,0.0,0.0,0.0,0.0,0.0,0.0,0.0,0.0,0.0,0.0,0.0,0.0,0.0,0.0,0.0,0.0,0.0,0.0,0.0,0.0,0.0,0.0,0.0,0.0,0.0,0.0,0.0,0.0,0.0,0.0,0.0,0.0,0.0,0.0,0.0,0.0,0.0,0.0,0.0,0.0,0.0,0.0,0.0,0.0,0.0,0.0,0.0,0.0,0.0,0.0,0.0,0.0,0.0,0.0,0.0,0.0,0.0,0.0,0.0,0.0,0.0,0.0,0.0,0.280529137615563,0.4312841110980363,0.020145433349126725,0.3354562369243341,0.4345598654855059,0.003939333388044468,0.4204487797304612,0.4261906258929016,-0.004458186978706596,0.476104273641448,0.4078030334469429,0.0016333398018863398,0.3799326067524359,0.5413028392672048,-0.07262425288502022,0.3829568931659308,0.5569029857046188,-0.034808047879456516,0.3782845997988214,0.523759315684017,-0.07903847685526896,0.37684381978243003,0.49938337098350727,-0.07610580807015703,0.3646032506623868,0.5254906038296498,-0.07647975971698642,0.39227439541679193,0.5219521730488001,-0.0783907840802978,0.3325403540751212,0.6198524489795436,0.025091191231505973,0.45289952594785476,0.6072215282041578,0.013774583387076655,0.3896820380207635,0.5981294967400792,-0.03025587447194745,0.39375180971758106,0.654142544498487,-0.009639347051051262,0.3175044799539555,0.624547882488683,0.027477292064229844,0.4668131011139235,0.6062854229876053,0.01439926110984589,no,2025-11-18T07:29:40.693745
0.792503889249955,0.8538880271518899,-6.727493473988533e-07,0.7308015677915037,0.8085461486854097,-0.004954754686509838,0.6880364516965387,0.7276040974182871,-0.012226636179563252,0.659102431316907,0.6732346527881179,-0.024951578049690518,0.622277930468653,0.6311942451463423,-0.037154234843149274,0.7379722459403368,0.6002489858778086,0.013350545044119578,0.6831954191736855,0.558305862647722,-0.022233139295757227,0.6395987229460949,0.5788610411994456,-0.049873170869839466,0.6099445829474446,0.6109251386024632,-0.06374044340781379,0.771058696264342,0.5946411438742826,-0.0018381461007147852,0.7024837009267251,0.5469955308620187,-0.03754643199392938,0.6517823905014215,0.5810815901849482,-0.056007907428667965,0.6223085284088903,0.6191919495501728,-0.06047703381233745,0.8013048423121787,0.6096457118920101,-0.02187724847583361,0.7187326643424449,0.616779676515991,-0.058609125499582804,0.7135744769352123,0.6951156655869302,-0.05881656335855597,0.7282039108626431,0.7453421257407706,-0.04875936507670542,0.8241462087473291,0.6423737107890484,-0.04346473226024539,0.7500541930843205,0.65899584140629,-0.06992945274793634,0.7379652285606222,0.720046584053065,-0.06686435707822741,0.7465995707843947,0.7579174570695526,-0.05728203573119508,0.0,0.0,0.0,0.0,0.0,0.0,0.0,0.0,0.0,0.0,0.0,0.0,0.0,0.0,0.0,0.0,0.0,0.0,0.0,0.0,0.0,0.0,0.0,0.0,0.0,0.0,0.0,0.0,0.0,0.0,0.0,0.0,0.0,0.0,0.0,0.0,0.0,0.0,0.0,0.0,0.0,0.0,0.0,0.0,0.0,0.0,0.0,0.0,0.0,0.0,0.0,0.0,0.0,0.0,0.0,0.0,0.0,0.0,0.0,0.0,0.0,0.0,0.0,0.27654424119204357,0.4306709375756905,0.02340370805448003,0.3305729253717282,0.43355842614714135,0.005875406096420701,0.415370881392788,0.4265809860164047,-0.004761665974859833,0.4716562103451991,0.4081556075094517,-7.887638262974231e-05,0.37310296025659667,0.5404412941872828,-0.07223103277357243,0.3768192981282993,0.5564888024989159,-0.03491788023149919,0.37140954852993435,0.5227689496053142,-0.07845540265774274,0.37017448731526437,0.49838881736393076,-0.07532667982123994,0.35792873771980427,0.5244561244970698,-0.07565407673716486,0.38532283196380523,0.5211200520071119,-0.07806016108168715,0.32855313566430777,0.620122504969203,0.025325654744752697,0.4480266771651734,0.6089931350508704,0.010850026873350044,0.3826987064836789,0.599825196349013,-0.03088107604636992,0.38703960663148035,0.6551877189827182,-0.0104967733308509,0.31379436675176564,0.6246578910009638,0.027998760202725827,0.46172673192674324,0.6077389567826516,0.011308556370594627,no,2025-11-18T07:29:40.820151
0.7925094643469623,0.855127926806841,-6.789715223675352e-07,0.7312780843966216,0.8089644426841508,-0.004998206083926196,0.6887295593615292,0.7280078859588994,-0.012355577495334967,0.6589950876333985,0.6736823972615974,-0.02522088537307133,0.6215389743895999,0.6319844182961325,-0.03753810743326669,0.7395732632919,0.6008605626181646,0.013218771939662805,0.6840513383653004,0.5583715752275933,-0.02248421569386145,0.6401012816485998,0.5794958091434239,-0.05009677329028263,0.6106428210776804,0.6120082441021044,-0.06394385731186474,0.7726727514238733,0.5954436037917707,-0.001967340287268153,0.7025714453139027,0.5478972247930394,-0.03791964164648842,0.6517277345192044,0.5824636921929227,-0.05649816649075648,0.622608202688637,0.6206385220010385,-0.06102085886326101,0.802627009788673,0.6106965181793578,-0.021986461562357285,0.7189167784431187,0.6181984501278075,-0.05883553126685645,0.7133780161031804,0.6969405313293843,-0.059023810560827825,0.7277913482364211,0.7472562145427486,-0.04888914413496087,0.825013099900932,0.6438360362836538,-0.04356212769485429,0.7508353355253146,0.6606227628700456,-0.07000936667662624,0.7383494389072337,0.7213901898479589,-0.06697504628904313,0.74653104736081,0.7591723468132797,-0.05739177275842362,0.0,0.0,0.0,0.0,0.0,0.0,0.0,0.0,0.0,0.0,0.0,0.0,0.0,0.0,0.0,0.0,0.0,0.0,0.0,0.0,0.0,0.0,0.0,0.0,0.0,0.0,0.0,0.0,0.0,0.0,0.0,0.0,0.0,0.0,0.0,0.0,0.0,0.0,0.0,0.0,0.0,0.0,0.0,0.0,0.0,0.0,0.0,0.0,0.0,0.0,0.0,0.0,0.0,0.0,0.0,0.0,0.0,0.0,0.0,0.0,0.0,0.0,0.0,0.28083629810914434,0.43208874299019207,0.021161435253350472,0.3355001769278456,0.4349020828035664,0.004909718063991276,0.4205784200798626,0.4269328517881096,-0.003747427793743431,0.4761149024576795,0.40740158524505177,0.002073412355521982,0.38053090734673556,0.5407778718441603,-0.07187701430157732,0.3835710959931276,0.5567575347753063,-0.0346766656311152,0.37881939769235823,0.5230500872618398,-0.07809593489038719,0.3772866824679807,0.49861031296548897,-0.07501585343252969,0.3652541412512214,0.5248767043116758,-0.07552763929069012,0.3926751429315944,0.5212346814410254,-0.07749236549324569,0.3340544976150213,0.6212413076260505,0.02415597286057892,0.4527717034984345,0.6100804021735675,0.012483150067478369,0.3902526158570433,0.5994353855070413,-0.030535378922294798,0.3941681111160331,0.6551497245407213,-0.010874439283452183,0.3187452069097039,0.6254053522177823,0.02652408455024168,0.4669937823566517,0.6066623851524953,0.013051162447859112,no,2025-11-18T07:29:40.967524
0.7941291768966104,0.8557169120213557,-6.7971775309701e-07,0.7319856398698196,0.8089938220748787,-0.004971721636728761,0.6891475791631102,0.7280720040928073,-0.01236399324443858,0.6591723241855042,0.6743407575564273,-0.025245184760250398,0.6215278096721406,0.6331875650402476,-0.03762354140398266,0.7397315915248714,0.6016806198634645,0.012693330782248432,0.6840749400509516,0.5584943153218502,-0.02308742085953067,0.6401965160398303,0.5798603999940752,-0.05047875117940016,0.610802814604926,0.6125168056810418,-0.06410873028619093,0.7730231478200147,0.5962718116233634,-0.0025276290478557306,0.7024524180133204,0.547585460130971,-0.03884990382330811,0.6513971082931562,0.5825653426670485,-0.05741545946357797,0.6220594137870981,0.6210290354946904,-0.061701344464851746,0.8030514332848394,0.611341875670642,-0.022528551212172676,0.7190433167804583,0.6184730210500793,-0.0596426979910971,0.7136598845068972,0.6979004989048196,-0.05994167086249857,0.728215862878968,0.7484251534559141,-0.04972134847066914,0.8253921264370535,0.6442612483893244,-0.04404350484180905,0.750860500471016,0.6617741819377999,-0.07061044176688673,0.7386317855127293,0.7227819572496478,-0.06765320727828965,0.7469927558981937,0.7603017820034417,-0.058057009598344235,0.0,0.0,0.0,0.0,0.0,0.0,0.0,0.0,0.0,0.0,0.0,0.0,0.0,0.0,0.0,0.0,0.0,0.0,0.0,0.0,0.0,0.0,0.0,0.0,0.0,0.0,0.0,0.0,0.0,0.0,0.0,0.0,0.0,0.0,0.0,0.0,0.0,0.0,0.0,0.0,0.0,0.0,0.0,0.0,0.0,0.0,0.0,0.0,0.0,0.0,0.0,0.0,0.0,0.0,0.0,0.0,0.0,0.0,0.0,0.0,0.0,0.0,0.0,0.2792963157301398,0.4331406853292864,0.021118204150065052,0.33492599238028176,0.4357057268036997,0.0049765378373468954,0.4208323508089361,0.42730050301388206,-0.0033063646194349825,0.47645379779790104,0.40770171267982264,0.002842660092060598,0.3807186254034093,0.541774218200141,-0.0722957609406904,0.38366993155579077,0.557777864353443,-0.0348743136064111,0.37900678396447285,0.5241269854548792,-0.07852673883372432,0.3774397124555327,0.4996933019295218,-0.07536762361114896,0.36533129580814394,0.5260444236280059,-0.07598071227520689,0.39297587248069743,0.5222416471608661,-0.07786648062560347,0.33415526039179255,0.6225292565275637,0.023037611674430084,0.45265280211809844,0.6114074493835214,0.011900099610313748,0.3910921642422271,0.599467365166393,-0.031183852562939735,0.3948660057933834,0.6550030243682916,-0.011108336630832032,0.3190837855723141,0.6281228864703718,0.025570858700623138,0.4664874987976114,0.6087579391830744,0.012695179307872685,no,2025-11-18T07:29:41.095351
0.7950277844875051,0.8582119783113981,-6.852692754982576e-07,0.7327090558109932,0.8111989824657383,-0.005215396852531194,0.690352701887387,0.730734326726732,-0.012850572195931878,0.6612627942586609,0.6768598123528902,-0.025981847537536296,0.6238765809797165,0.6359388097284521,-0.038571291590319884,0.7413793710779112,0.6024583793420564,0.01280447055900785,0.6857489654249509,0.5604027439036009,-0.0234157943097726,0.6412576506152063,0.5816169136925637,-0.05159543751022372,0.6110243723998904,0.6142202840012569,-0.06581632094076774,0.7747795678370093,0.5972270959113979,-0.0024713508431985953,0.703845201335304,0.5501043958388772,-0.03852561982044178,0.6523378487709067,0.584223347545835,-0.05736282289504086,0.6224218651634312,0.6216898343195345,-0.062228248523987,0.8047745035686893,0.6127585976711365,-0.022607897254934395,0.7204776119882517,0.6199841041663208,-0.05959405346272594,0.7152197072776338,0.6998081629465199,-0.05957137933257356,0.7296093054457553,0.7509327667761748,-0.049366669449320014,0.8269546624998378,0.6463782824473783,-0.044354951579215415,0.7517713547429543,0.663087618160062,-0.07079528297121765,0.7400335672501543,0.7241059844994577,-0.06746184741260522,0.7488193159144899,0.7616893715219692,-0.057729217867418955,0.0,0.0,0.0,0.0,0.0,0.0,0.0,0.0,0.0,0.0,0.0,0.0,0.0,0.0,0.0,0.0,0.0,0.0,0.0,0.0,0.0,0.0,0.0,0.0,0.0,0.0,0.0,0.0,0.0,0.0,0.0,0.0,0.0,0.0,0.0,0.0,0.0,0.0,0.0,0.0,0.0,0.0,0.0,0.0,0.0,0.0,0.0,0.0,0.0,0.0,0.0,0.0,0.0,0.0,0.0,0.0,0.0,0.0,0.0,0.0,0.0,0.0,0.0,0.2697145526709781,0.43368777144424525,0.02662051797085219,0.32275321239764515,0.4364619878239232,0.0076909143546027466,0.4089860096367984,0.42769571649946425,-0.005068830669522836,0.46565941809641453,0.40807797602413065,-0.0016044678481942254,0.3655734543089892,0.5423197174660831,-0.07228496587831754,0.3700175677066063,0.558297387071741,-0.03508666767854983,0.3636372441064506,0.5247784151555708,-0.07843489376273695,0.3623687798632491,0.5004366773433925,-0.07518004702719885,0.3502153474489786,0.5267077660799788,-0.07537904222831122,0.37766924784770955,0.5229368781630288,-0.07827033518599166,0.3235898459294244,0.6234258652652009,0.025443328162611578,0.4425462136906563,0.6121815992092015,0.008072973304130125,0.37510231779215697,0.6013617357715204,-0.03149651863159518,0.38029825002708567,0.65663645328522,-0.011555554641222395,0.30988700963987104,0.6288206380861076,0.02851992308276396,0.4563471236415883,0.610330743711868,0.008489289081675129,no,2025-11-18T07:29:41.222953
0.7946608026727534,0.8588533918236982,-6.809978738456126e-07,0.7319426564722386,0.8113130494298906,-0.005328259537611484,0.6898064135238021,0.72969754451838,-0.012796886185698016,0.6606246451151703,0.6754877052773209,-0.02563053293425782,0.6228852020632683,0.6340152255772693,-0.03798201912372649,0.7409006907498321,0.6031920421490555,0.012308034847203358,0.6845561419341246,0.5600714052159605,-0.02373441201289373,0.6399647926099256,0.5807517048798054,-0.05145658700834291,0.6094387137000978,0.6121838502964506,-0.0653499367162163,0.7739864338036823,0.5982710119831037,-0.00276198844058439,0.7015657118965949,0.5498849234443409,-0.03899062671546438,0.6497664449752818,0.5846141962414844,-0.05766650013863581,0.619994195549779,0.6218571256215287,-0.0622389135297719,0.8037052356500826,0.6140841647680328,-0.022622082771415752,0.7181934571114507,0.6214354703475494,-0.05954255148052279,0.7127328966991197,0.7006378086899805,-0.05957356351555951,0.727628168853325,0.7498810955787154,-0.049323453427906123,0.8253968356539869,0.647948207328578,-0.04402486542803163,0.749806863103365,0.6642809270857836,-0.07016396535006882,0.7382857801022042,0.7250076684010045,-0.06666617425681111,0.7480436983129273,0.7614696952977278,-0.05679910429336867,0.0,0.0,0.0,0.0,0.0,0.0,0.0,0.0,0.0,0.0,0.0,0.0,0.0,0.0,0.0,0.0,0.0,0.0,0.0,0.0,0.0,0.0,0.0,0.0,0.0,0.0,0.0,0.0,0.0,0.0,0.0,0.0,0.0,0.0,0.0,0.0,0.0,0.0,0.0,0.0,0.0,0.0,0.0,0.0,0.0,0.0,0.0,0.0,0.0,0.0,0.0,0.0,0.0,0.0,0.0,0.0,0.0,0.0,0.0,0.0,0.0,0.0,0.0,0.2687765302808397,0.43388953560825394,0.024494408407177592,0.3224445688453069,0.43610195951197533,0.0066743816283247135,0.4082863218979432,0.4257721578474723,-0.004334684223234929,0.46483256339543627,0.4063748970210451,0.00022183580609531016,0.3673413040282739,0.5427614760693147,-0.07274854141751418,0.37139276138568994,0.5582004742365541,-0.035195642407633336,0.36529284983928945,0.5251589066744651,-0.07898044674380095,0.3636871216124946,0.5006227561864973,-0.07577834689216235,0.3516889819701482,0.5271916973710441,-0.07612551296763118,0.37940044843252174,0.5230525719912892,-0.07861231102966613,0.32454898180260283,0.6234347045880906,0.024799335557014274,0.44425417235703163,0.6103565073358477,0.009843801651466632,0.3787944348961014,0.6001042346708096,-0.031288983936020635,0.3839470113851554,0.6545271757316603,-0.011541583723294457,0.31007904697424765,0.6286088428028958,0.027634955118981508,0.4576688338611613,0.6074412679283216,0.010368060666611948,no,2025-11-18T07:29:41.373491
0.7946945408932615,0.8586598595070487,-6.697676239054929e-07,0.7316280319466753,0.8112758777708993,-0.005824324728297234,0.6882283746562645,0.7287430262283825,-0.013359228574927799,0.6580413092976974,0.6735766272777901,-0.026144210800026574,0.6202110820477932,0.632328015172439,-0.03837327216431171,0.7397462106722336,0.6033647412245217,0.01140348510196977,0.6834192352698882,0.5593461674669891,-0.024839341103235272,0.6392414140108802,0.5800075767975077,-0.05238053649251946,0.6095001977237672,0.6119139995615248,-0.0660475158355919,0.7727910155354165,0.5983555017286277,-0.0033395835226681077,0.7013452794159336,0.5485813658168666,-0.040060806390068426,0.6493594645530706,0.5829391076269678,-0.058723977321086016,0.6194293063129449,0.6203911399153328,-0.06303471538109498,0.8025921088109116,0.6139252386836075,-0.022862998031852266,0.7169302034302218,0.6211618815685043,-0.06012447915613206,0.7112146543928033,0.700681741659596,-0.06019451038510386,0.7262497531335564,0.7504874502074943,-0.049721946404156725,0.8243229686463904,0.6474011549700599,-0.04397302088609395,0.7488258093764658,0.6645344674109948,-0.07026927924438178,0.7373375595361943,0.7250569836622485,-0.0669478306293535,0.7472142190943604,0.7614070342619468,-0.057097303609143904,0.0,0.0,0.0,0.0,0.0,0.0,0.0,0.0,0.0,0.0,0.0,0.0,0.0,0.0,0.0,0.0,0.0,0.0,0.0,0.0,0.0,0.0,0.0,0.0,0.0,0.0,0.0,0.0,0.0,0.0,0.0,0.0,0.0,0.0,0.0,0.0,0.0,0.0,0.0,0.0,0.0,0.0,0.0,0.0,0.0,0.0,0.0,0.0,0.0,0.0,0.0,0.0,0.0,0.0,0.0,0.0,0.0,0.0,0.0,0.0,0.0,0.0,0.0,0.27463611675060356,0.4336979675006678,0.020433903094811273,0.32917871116234615,0.4353168539034028,0.004700234836744828,0.41475097275755773,0.42405427870133927,-0.0029711736688950545,0.46990131795164725,0.4040405578702638,0.0035070615741728288,0.37795771370542114,0.5398721850065507,-0.0721878407313401,0.38105884428632797,0.5555903890004487,-0.03479453608189895,0.37593472138075007,0.5223920765996379,-0.07844058095804587,0.373957839480373,0.4980781708674491,-0.0753375573138218,0.36229273722568994,0.524630367165823,-0.07596505579855291,0.38991280716208454,0.5201388591424647,-0.07771494529854928,0.3327732941592436,0.6226459056368645,0.02263171588768091,0.44993177677795737,0.6082848298722238,0.012353268703604113,0.3888739065483162,0.5973814835425276,-0.0309497037355646,0.3937193585206035,0.6524505557155615,-0.011083957347506146,0.3177745386410087,0.6276095311407515,0.025127055642946317,0.4643232340263372,0.6045493888660468,0.01323832961335339,no,2025-11-18T07:29:41.511112
0.796042918163153,0.8600056747639003,-6.842118877520954e-07,0.7330668128616891,0.8123870681807988,-0.00523789043413949,0.6895839005391918,0.7309705960609686,-0.012816563927231309,0.6593074853125298,0.6762763431188755,-0.025785859949635823,0.6216131534907088,0.6344690827548292,-0.03817200066827074,0.7414111483582726,0.6034749326201649,0.0119083416151562,0.6851903834544937,0.5596355638017013,-0.024104274540741932,0.640714206665932,0.5811548947563283,-0.05171374641152863,0.6108707925455079,0.6145930988808753,-0.06545047654024201,0.7744747039823842,0.5984852760222423,-0.0031062853536708277,0.702578998903676,0.5496381839479383,-0.038905420957218356,0.6507792174354556,0.5845699406714704,-0.05726062065049891,0.6210802277547849,0.6230307864798832,-0.06177129329583504,0.8042021742289116,0.6142363946809304,-0.02287067063563944,0.7192192339859239,0.6211095767629509,-0.05952503155737893,0.7139013373587552,0.7006351926052343,-0.05922367022172006,0.7285863750656949,0.7515242414897793,-0.04887193507739784,0.8259153216702259,0.6479240362519672,-0.04419945164258807,0.7502780363048254,0.6644162624835735,-0.07021464783094257,0.7386646122113345,0.7251352556708459,-0.0665943388700509,0.7477456138139191,0.7623268150607372,-0.0567201426824387,0.0,0.0,0.0,0.0,0.0,0.0,0.0,0.0,0.0,0.0,0.0,0.0,0.0,0.0,0.0,0.0,0.0,0.0,0.0,0.0,0.0,0.0,0.0,0.0,0.0,0.0,0.0,0.0,0.0,0.0,0.0,0.0,0.0,0.0,0.0,0.0,0.0,0.0,0.0,0.0,0.0,0.0,0.0,0.0,0.0,0.0,0.0,0.0,0.0,0.0,0.0,0.0,0.0,0.0,0.0,0.0,0.0,0.0,0.0,0.0,0.0,0.0,0.0,0.2735746190585522,0.4354258620595838,0.021036043940327084,0.3275087726048318,0.4376201595776627,0.004855450115555307,0.41321495640765615,0.42629051892449166,-0.003524113881709123,0.468760457931741,0.405846885208783,0.002541493830053436,0.3740315050393942,0.5422911721541542,-0.0723816341615704,0.37747655926054985,0.5580313492949174,-0.03489124245839752,0.3720448023827273,0.5249344320833883,-0.07863138824399181,0.3702704145865305,0.5006689744451076,-0.07549850559134388,0.35846342169245005,0.5271706578165388,-0.07606903164340181,0.38609243592395304,0.5227052268334241,-0.07798003923004704,0.33040442869487907,0.6241439536328701,0.022972880814917516,0.44700075996719524,0.6098854833927616,0.011585354465139096,0.3853321679510151,0.5994708294806907,-0.03134701742850465,0.39022011224274655,0.6548162669706348,-0.010182454054918817,0.315527590336816,0.6302823623301719,0.025689437313846625,0.4612820205413821,0.6078156733415623,0.012557043780458757,no,2025-11-18T07:29:41.702201
0.7980853910235626,0.8607256998640211,-6.777596815691123e-07,0.733952708894376,0.8127541934989687,-0.00518421713666296,0.6896992042502326,0.7304805689979679,-0.012619079895614622,0.6589283970446926,0.67554590952979,-0.02545921425136296,0.6212812705205314,0.6342645837873114,-0.03765516803752549,0.7416940921787853,0.6042811064468012,0.012057847551383508,0.685128035078611,0.5596417109722771,-0.023913405701319224,0.640829880222767,0.5807763993377741,-0.05123718101428272,0.6112222741433136,0.6139218858490527,-0.06476389340217628,0.7748995243086969,0.5988878234817022,-0.0030765583512908775,0.7031656092903238,0.5494733909947364,-0.03943329381853876,0.6512909680374147,0.5845726180598868,-0.05773826654098871,0.6217538456431395,0.6234272444076204,-0.06190505304108788,0.8047903354378964,0.614294668096996,-0.023005898857682353,0.7197049689273949,0.6211275914019527,-0.05998547000720986,0.7144778650866956,0.7003352333170062,-0.059876959625559015,0.7296504375080519,0.7505893566820081,-0.049490845162614594,0.8266645595243829,0.6476105900940622,-0.04450549922255441,0.7511450849515765,0.664977197337139,-0.07086383366655274,0.739026300627762,0.7258413080455365,-0.0676031629025948,0.7478538058998795,0.7628691684861791,-0.0578876349429516,0.0,0.0,0.0,0.0,0.0,0.0,0.0,0.0,0.0,0.0,0.0,0.0,0.0,0.0,0.0,0.0,0.0,0.0,0.0,0.0,0.0,0.0,0.0,0.0,0.0,0.0,0.0,0.0,0.0,0.0,0.0,0.0,0.0,0.0,0.0,0.0,0.0,0.0,0.0,0.0,0.0,0.0,0.0,0.0,0.0,0.0,0.0,0.0,0.0,0.0,0.0,0.0,0.0,0.0,0.0,0.0,0.0,0.0,0.0,0.0,0.0,0.0,0.0,0.26862020719239255,0.43624526976823336,0.02424212367750283,0.3215706920589848,0.4388168437239205,0.006228432461348067,0.4074467443848202,0.4281022135838355,-0.00511477909392215,0.46340246364413895,0.407655920269339,-0.0008654537514008944,0.3654661283150615,0.5443709531463214,-0.07152037503605024,0.36985953955802453,0.5600210571853005,-0.03439120870032627,0.3634187582508424,0.5269515023499827,-0.07771758094278905,0.36193186712049763,0.5025747874010816,-0.0746218632454629,0.35011487465600133,0.5290297864392448,-0.07483803331232629,0.3773630319077468,0.5248738674793647,-0.07740850260409632,0.3249792744985397,0.6245439030287459,0.024566373298291182,0.44091338819664083,0.6117912676973574,0.00903958018640289,0.37628740112371617,0.6021394011943554,-0.030914420108610008,0.38173067899467955,0.6569439456248285,-0.010032433452887799,0.3111068468403898,0.6307355562986003,0.02763207502612068,0.4547706721883775,0.6101823401402483,0.00974406469281653,no,2025-11-18T07:29:41.830385
0.797188371170961,0.8604740793517188,-6.68197469950882e-07,0.7325093487175127,0.8120907145511507,-0.005215881981110454,0.6884206689815006,0.7302090910041872,-0.0128407240213449,0.6581271006391218,0.6757456851630731,-0.025881524732273658,0.620696248778027,0.6344704903170413,-0.038287274917419595,0.7402520176889715,0.6038581325881772,0.011653090931166179,0.6831792900612781,0.5590347012159664,-0.024648787386615995,0.6390308237001744,0.5805181294498472,-0.05223629260384203,0.6099684571419235,0.6139077569847375,-0.06582484256056804,0.7734781413562375,0.5985649339652774,-0.0034645622948918024,0.7019089553009084,0.5488153328588947,-0.040020874157103585,0.649907566595459,0.5838836455606289,-0.058541204608194244,0.6204074790235046,0.6229781371269059,-0.06278371278529728,0.8034037736759794,0.613975594470251,-0.023337216955706182,0.7179339444627819,0.6221586395654173,-0.059896724288835565,0.7121715685659156,0.7009816313317361,-0.05981794737462052,0.7273286281397071,0.7506663729058234,-0.049514341333977585,0.8252483867015072,0.6473957822887761,-0.04481939222349606,0.7497199576369211,0.6658883117079677,-0.07034363132750474,0.7377384863887101,0.7263536574483664,-0.06677737061083376,0.747115935027729,0.7626971548626726,-0.05693156399330636,0.0,0.0,0.0,0.0,0.0,0.0,0.0,0.0,0.0,0.0,0.0,0.0,0.0,0.0,0.0,0.0,0.0,0.0,0.0,0.0,0.0,0.0,0.0,0.0,0.0,0.0,0.0,0.0,0.0,0.0,0.0,0.0,0.0,0.0,0.0,0.0,0.0,0.0,0.0,0.0,0.0,0.0,0.0,0.0,0.0,0.0,0.0,0.0,0.0,0.0,0.0,0.0,0.0,0.0,0.0,0.0,0.0,0.0,0.0,0.0,0.0,0.0,0.0,0.2662811648259021,0.4365687257015681,0.025438610508626083,0.31798440098592856,0.4392935178159016,0.006622722107781415,0.40416735527041303,0.42895925961059755,-0.0061253093805466955,0.46036035500436623,0.40830607497803806,-0.0027592770706940622,0.36162931249813746,0.5446155388671671,-0.07116847948374816,0.3664145137317634,0.5601739955230396,-0.034180335309101736,0.359474718738382,0.5272216849461248,-0.07734486512764262,0.35798284745108744,0.5029422570580848,-0.0742954460677979,0.3462880515133339,0.5292817055441463,-0.07432484924483579,0.37333768894467234,0.5251776649790012,-0.07720016444997449,0.32318940710381544,0.6246008861838676,0.02572087034321021,0.43769909891685527,0.613216973694336,0.008343060183125781,0.3729830386260518,0.6033395467981206,-0.030681705956962513,0.3788212852275491,0.6576484583508969,-0.009305762310913932,0.30883587206960134,0.6306989689738088,0.028910816944880256,0.4519667714169503,0.6103611266588693,0.008889217766206162,no,2025-11-18T07:29:41.969469
0.7937492876000221,0.8567032364512959,-5.578223523850734e-07,0.7306904365257333,0.8104413249975144,-0.0054516052511363626,0.6859187263955813,0.7280598475021394,-0.013822342004701256,0.6528360105418052,0.6752434170558712,-0.027563989895364564,0.612289310578665,0.634689881255475,-0.040788863043216786,0.7357568739415317,0.6057565308746244,0.009790618955934527,0.6845792685772394,0.5498126427470366,-0.02755016364524758,0.6403817880116625,0.5596713438539519,-0.055258497642095686,0.6072945761280296,0.5845760119857922,-0.06850869884504804,0.7703556373361388,0.5998026784408449,-0.005642900912965997,0.7044026301925684,0.5370033795680277,-0.04420709163673356,0.651219863438797,0.564872176660243,-0.06310142009293646,0.6190703893778564,0.6003719797687447,-0.0664464506709842,0.8015917136125869,0.6146813978897275,-0.025727255223832877,0.716726388334754,0.6186030770020232,-0.06357399466890815,0.7077127467062824,0.6976705861355336,-0.06320905681790832,0.7205816059495075,0.7481587196045383,-0.05154947898262352,0.8242461513681029,0.6478283666654757,-0.047330303097436244,0.7491955062385045,0.6656312357604475,-0.07240014290827256,0.736856428910984,0.7266046167433635,-0.0677236093774441,0.7467718547285251,0.7629930946146402,-0.056725187862918476,0.0,0.0,0.0,0.0,0.0,0.0,0.0,0.0,0.0,0.0,0.0,0.0,0.0,0.0,0.0,0.0,0.0,0.0,0.0,0.0,0.0,0.0,0.0,0.0,0.0,0.0,0.0,0.0,0.0,0.0,0.0,0.0,0.0,0.0,0.0,0.0,0.0,0.0,0.0,0.0,0.0,0.0,0.0,0.0,0.0,0.0,0.0,0.0,0.0,0.0,0.0,0.0,0.0,0.0,0.0,0.0,0.0,0.0,0.0,0.0,0.0,0.0,0.0,0.2655188029711175,0.4370762202125776,0.025411163478883794,0.3179772788277726,0.4392711143433222,0.007077579952708604,0.40338993130685263,0.42713317733070466,-0.004803652231037858,0.46010119061901966,0.406329608381353,-0.0008446066965388224,0.3618365552339778,0.5427588383117574,-0.07161218159468208,0.36633820660152316,0.5584532356403192,-0.03475114683607896,0.3596314192656601,0.5252651598520601,-0.077674143276731,0.3579567538494451,0.5010181928333942,-0.07441857819246638,0.3464277070301274,0.5274508744109434,-0.07474791407430312,0.37344032670156896,0.5231064296879869,-0.07742670801915953,0.322618841883321,0.6246381396442104,0.02457367546725368,0.43764616029064196,0.6111826188128052,0.008384857167848968,0.37419573972718756,0.6018571227185183,-0.03146861256922623,0.37981124304712416,0.6565339934176206,-0.010947938169087833,0.3077005038934967,0.6296508858636287,0.02754875147702444,0.4521090581680775,0.6077280777680638,0.008905417704125592,no,2025-11-18T07:29:42.104011
0.7932685687515644,0.855529613668992,-4.1241038965415535e-07,0.7303971136428868,0.8092969407084435,-0.005962784432844788,0.6846590826268067,0.7270885504028336,-0.015546734778247653,0.6487781930398387,0.6764910119928251,-0.030755278089533707,0.60612517649142,0.6384396919857698,-0.04554164419086174,0.7315214871645525,0.6072792459098769,0.008006654240113736,0.6863075571668851,0.5465405424504837,-0.02799707230364281,0.645214306710299,0.5414324112191207,-0.05550774747958571,0.6112969004907727,0.5510418421478338,-0.06965580548054938,0.7678360916497131,0.6005260078185974,-0.00819983273695194,0.7085472666534436,0.5313684252423878,-0.04752151631180264,0.6556440386892319,0.5423980212276893,-0.06809067814963862,0.6195561183034302,0.5634696002283055,-0.0730467462641134,0.8006622887578163,0.615155386435327,-0.028659672453325166,0.7175037989017978,0.6149211657383316,-0.06764473439881565,0.7056127374602732,0.6953321135175958,-0.06658396123022797,0.7146713509750895,0.7489074600067369,-0.05401825699445412,0.8247485673031616,0.6484078001521196,-0.05074023361239305,0.7494582484481555,0.6644690340369925,-0.07564042019852868,0.7347887000092335,0.7260980487376638,-0.06977266811802998,0.7423491093367662,0.7649255977528767,-0.05795324532439594,0.0,0.0,0.0,0.0,0.0,0.0,0.0,0.0,0.0,0.0,0.0,0.0,0.0,0.0,0.0,0.0,0.0,0.0,0.0,0.0,0.0,0.0,0.0,0.0,0.0,0.0,0.0,0.0,0.0,0.0,0.0,0.0,0.0,0.0,0.0,0.0,0.0,0.0,0.0,0.0,0.0,0.0,0.0,0.0,0.0,0.0,0.0,0.0,0.0,0.0,0.0,0.0,0.0,0.0,0.0,0.0,0.0,0.0,0.0,0.0,0.0,0.0,0.0,0.26354544787132383,0.43759626611977753,0.025691539525882746,0.3165893998737862,0.4395115932195966,0.007503583379055918,0.4014003130722114,0.4259622864974599,-0.004122828975513698,0.45815298130728205,0.4045759322348049,3.0371721814341545e-06,0.3606092793898694,0.5412296434123942,-0.07160002481476085,0.3651519185664171,0.5571781265806119,-0.0349212101613466,0.3583242893638176,0.5237196995053452,-0.07757135121132921,0.3565202885267428,0.4995691460697504,-0.07419289457046682,0.3451645812162508,0.5260779037887237,-0.07467423826378654,0.3720825768763658,0.5214630830843499,-0.07729664011616622,0.32191047060329686,0.6244130131795729,0.02380589168453264,0.43649168797632226,0.6104475799580842,0.00792093636905105,0.37394886468895694,0.600288002162787,-0.03188085810226868,0.3795548309037119,0.6554280107888579,-0.01191864819206092,0.3067691271641861,0.6292367552735044,0.02671635461033458,0.45110894216425423,0.6057903835171343,0.008431554981092784,no,2025-11-18T07:29:42.234944
0.7956979311691477,0.8555003143227468,-2.3531695316438562e-07,0.7311140042949694,0.8117807979108318,-0.008696379621066883,0.682906607258075,0.731537928022004,-0.01873290136365214,0.6433997714733801,0.6843284913975661,-0.03404140676999612,0.5989205541919075,0.653066325647197,-0.04904199210063316,0.7240053712964334,0.6086692536159493,0.003271635343747706,0.6807653048342818,0.5474783698752205,-0.027898742576117307,0.6452002164712232,0.5259481821186546,-0.05228281487937167,0.6135337692399084,0.5128324929103885,-0.06668212247494343,0.7621101427734802,0.6009390815135925,-0.012527175880721626,0.7048429113285071,0.5327918781599817,-0.048690479064304716,0.656348516231823,0.5242172706159809,-0.0688419346482446,0.6190291887789429,0.5217633602757433,-0.07571481660515736,0.7976700115664082,0.6163812813695952,-0.032069823227485604,0.7176653508840807,0.6138989991117653,-0.07181903929327607,0.7035324367500035,0.6955541688269742,-0.07102118804142357,0.7077237255668904,0.7511709994239922,-0.05885238097725712,0.8237072187464142,0.6518419301282449,-0.053364710411595656,0.7498239850162378,0.6668355914756648,-0.07955859357123013,0.7298903982166681,0.7271494210019801,-0.07420657944418498,0.7309941159114404,0.7683019929358104,-0.06307543783510866,0.0,0.0,0.0,0.0,0.0,0.0,0.0,0.0,0.0,0.0,0.0,0.0,0.0,0.0,0.0,0.0,0.0,0.0,0.0,0.0,0.0,0.0,0.0,0.0,0.0,0.0,0.0,0.0,0.0,0.0,0.0,0.0,0.0,0.0,0.0,0.0,0.0,0.0,0.0,0.0,0.0,0.0,0.0,0.0,0.0,0.0,0.0,0.0,0.0,0.0,0.0,0.0,0.0,0.0,0.0,0.0,0.0,0.0,0.0,0.0,0.0,0.0,0.0,0.2625126959310156,0.4385015838588771,0.025450809165783895,0.3160581810770298,0.43925979536620696,0.007664322994632453,0.4012859837675129,0.42536508406465556,-0.0033502091673240668,0.45705594207156397,0.40268894444419995,0.0011049075465639564,0.3613724938609656,0.5395723173955892,-0.07143773382671484,0.36584228606829616,0.5557314389979323,-0.03489732551152428,0.3589851111383221,0.5221963680403313,-0.077348528494964,0.3569911685286607,0.498338698463075,-0.07390253522616473,0.345884821850496,0.5247898884025406,-0.07452186420521176,0.37269688433681114,0.5197911495248104,-0.07700866244146781,0.3228632211081136,0.6243021486796302,0.022751497830868005,0.4372421303803731,0.6083732815275803,0.007785169251585757,0.3748867772770346,0.5987183295039399,-0.0321458441807959,0.3809592390631154,0.6537760588364303,-0.012710875854528413,0.3078111680914467,0.6292462634552336,0.025605612122421833,0.4515410859054685,0.6036731635031045,0.00836839630480616,no,2025-11-18T07:29:42.361844
0.7974336463802434,0.8550061750847284,-5.181425051071637e-08,0.732411669811059,0.8136688408613912,-0.011949312648047127,0.682009299331781,0.7360489914005284,-0.022925066612204507,0.6390044373381,0.6915444408396216,-0.03885242072713635,0.5928720982228917,0.6661521139058282,-0.05440180657931019,0.7185431569636006,0.6111092132471073,-0.000989391607484534,0.6757526565942344,0.5492492874480626,-0.030340864668128388,0.6448180793221137,0.5163551645342113,-0.05316577898917295,0.6172014644691974,0.48786978439617323,-0.0678385569781238,0.7579628968567108,0.6011187962709412,-0.016180113274480608,0.7008485725351337,0.5294799632708935,-0.05124642876998538,0.6566545614034176,0.5065053218619455,-0.07191011331830871,0.6208082559838624,0.4869107632706155,-0.08038272582248186,0.7959347391358652,0.6159471838442825,-0.034891746233980156,0.7177002909033898,0.6069804164851276,-0.07713633507894814,0.7018393175113543,0.6902097025546614,-0.07721122912608326,0.7035511080074442,0.7471425864181576,-0.06502068363933962,0.8230546989937972,0.6525234836226246,-0.05539246159353224,0.7508057045518811,0.6651495025955136,-0.08411176753046332,0.7264646848203855,0.7228060633070814,-0.0798930208967999,0.7226988130025647,0.7641202953074743,-0.06937285497350068,0.0,0.0,0.0,0.0,0.0,0.0,0.0,0.0,0.0,0.0,0.0,0.0,0.0,0.0,0.0,0.0,0.0,0.0,0.0,0.0,0.0,0.0,0.0,0.0,0.0,0.0,0.0,0.0,0.0,0.0,0.0,0.0,0.0,0.0,0.0,0.0,0.0,0.0,0.0,0.0,0.0,0.0,0.0,0.0,0.0,0.0,0.0,0.0,0.0,0.0,0.0,0.0,0.0,0.0,0.0,0.0,0.0,0.0,0.0,0.0,0.0,0.0,0.0,0.2624755860083392,0.439200931451991,0.024874953672264104,0.3162975273280275,0.43878660997672836,0.007332282211623058,0.40172109387636357,0.4244509307804967,-0.003244919098030806,0.4573108930652772,0.40150583987690036,0.001448822414688276,0.36271550911557954,0.5387692247797953,-0.07148898142460887,0.3671135322839497,0.5549393412488441,-0.034834365335975684,0.36025277526234495,0.521510400206689,-0.07743225156790512,0.35811860693984454,0.4978248174570166,-0.07401146505585238,0.34716060362181933,0.5242930743797218,-0.07464778162519652,0.37397565338151745,0.5189386126537932,-0.07704327147160747,0.3242794573005015,0.6237470208901843,0.022552908761263014,0.4380371470955515,0.6071757362132377,0.00828701529295482,0.3761708121872157,0.5977870743646256,-0.03213512961040604,0.3823485952901102,0.6530933724262565,-0.012579126760679715,0.3089584992612156,0.6292739355320144,0.025351650391223716,0.45260622594090105,0.6019436734168202,0.008912512619177543,no,2025-11-18T07:29:42.507352
0.7976499954160738,0.8551341676929685,2.2103515540933952e-08,0.7320230539244656,0.8131720392585154,-0.012952686640555221,0.6812224784165009,0.7368239437135699,-0.024392277393261885,0.6369424304419686,0.6941183345784412,-0.04082042402511965,0.5898941234427294,0.6710675628141964,-0.056835762702563644,0.7160534188062022,0.6102264306019778,-0.0020680762358339204,0.6726317787842541,0.5487412194419573,-0.030337433037577816,0.6434495209900211,0.510957244876206,-0.05250197113781024,0.6170774783169046,0.475293986579419,-0.0674515664145437,0.7561484050914871,0.5998632576077454,-0.017313635135007752,0.6984993781064035,0.5276490065892889,-0.05149662583180246,0.6560033981219053,0.4980072435744817,-0.07231003057139343,0.6200895966656372,0.46980068230974625,-0.08171718504406678,0.7951292109604498,0.6147012695058357,-0.036011537184854496,0.7163448871299328,0.6038766072732492,-0.07919342681967884,0.6997077115529946,0.6870988686399253,-0.07952010910730928,0.7002776535177297,0.7437210248451261,-0.06736168425932129,0.8227071006546592,0.6522209474387537,-0.05649303214032634,0.7499540591031042,0.6632787548702208,-0.0859720421433559,0.7241993228674987,0.7198853328887397,-0.08187685440415518,0.7190443601813208,0.7612629903661394,-0.07147893674454377,0.0,0.0,0.0,0.0,0.0,0.0,0.0,0.0,0.0,0.0,0.0,0.0,0.0,0.0,0.0,0.0,0.0,0.0,0.0,0.0,0.0,0.0,0.0,0.0,0.0,0.0,0.0,0.0,0.0,0.0,0.0,0.0,0.0,0.0,0.0,0.0,0.0,0.0,0.0,0.0,0.0,0.0,0.0,0.0,0.0,0.0,0.0,0.0,0.0,0.0,0.0,0.0,0.0,0.0,0.0,0.0,0.0,0.0,0.0,0.0,0.0,0.0,0.0,0.26187108758653654,0.43977573199186465,0.025137711375938895,0.316028667576558,0.43927475015781303,0.007545821636910968,0.40096634816289034,0.4243838175268603,-0.003030692390656114,0.4568573722871857,0.4013715595268062,0.0016878723270257346,0.36208879777735614,0.5387801128114217,-0.07149093100370915,0.36660753272923224,0.555057322830843,-0.03493106131150057,0.35960649326967653,0.5215233454261442,-0.07738619625333198,0.3574730224087498,0.49784360804071837,-0.0738927337741401,0.3465371410147442,0.5243869172386127,-0.07459662351747612,0.3733393792963877,0.5189047811994857,-0.07699665745573629,0.3238757401553777,0.6240857094177942,0.022141480534255565,0.4375616262211156,0.6071935438039455,0.007834703156805227,0.3769255867290601,0.5969745179600533,-0.03245080666726166,0.38302931101556903,0.651829379122369,-0.012906642403611657,0.30878150394979875,0.629967473137101,0.02497133022755518,0.4520678644047767,0.6020056613906458,0.00848437452509008,no,2025-11-18T07:29:42.631359
0.797329076096251,0.8560595107187376,-4.457906893215112e-09,0.732158210655165,0.8141039594352422,-0.012657662098822275,0.6818021733894638,0.7376817601220131,-0.023868384035190093,0.6383531312671269,0.6936475106711023,-0.03999690923336213,0.5909816660323541,0.6705103651263518,-0.05577759608285588,0.7142730317965185,0.6108565817808626,-0.0018576337954194135,0.6714326632358922,0.5505692054832314,-0.029441143705158802,0.6421361446006929,0.5122284610287249,-0.05137609050288225,0.6144935233133443,0.47629677880835575,-0.0663494318507655,0.7541918492399269,0.6001959575220581,-0.017029760484552806,0.6966894251810551,0.5302228735606052,-0.05030742704425244,0.6532065483041167,0.5014733402435092,-0.07049179455229256,0.615655157047876,0.47440292012864327,-0.0798065025924527,0.793079808956177,0.6144851736418491,-0.03562843875117111,0.7149368197284491,0.6049935900440953,-0.07752952285212114,0.6992993478056874,0.6866718272128002,-0.07716409629097268,0.7004695967745814,0.7425691866149917,-0.06509560799427132,0.821271769178419,0.6514887128741925,-0.05607349955180875,0.7486015629663928,0.6624452751478179,-0.08444709393382624,0.7239610691905547,0.7192826487155644,-0.07969916751203128,0.7201273007495349,0.760962176983912,-0.06915548626224838,0.0,0.0,0.0,0.0,0.0,0.0,0.0,0.0,0.0,0.0,0.0,0.0,0.0,0.0,0.0,0.0,0.0,0.0,0.0,0.0,0.0,0.0,0.0,0.0,0.0,0.0,0.0,0.0,0.0,0.0,0.0,0.0,0.0,0.0,0.0,0.0,0.0,0.0,0.0,0.0,0.0,0.0,0.0,0.0,0.0,0.0,0.0,0.0,0.0,0.0,0.0,0.0,0.0,0.0,0.0,0.0,0.0,0.0,0.0,0.0,0.0,0.0,0.0,0.26088334025723464,0.44186572573142124,0.025739453762763265,0.3133766567148003,0.44119004508089016,0.007574963051823642,0.39779119288504167,0.42519584219314815,-0.0040317606998263,0.4534143452660599,0.40209672899359716,-1.4860014850396307e-05,0.35819874618920755,0.539592633519816,-0.07138305281073824,0.3630229760356366,0.5556845247004862,-0.034869185409912115,0.35571559705102174,0.5224758927600692,-0.07729767054201786,0.3536780807711016,0.4989179297184488,-0.07388288469193112,0.3427093764193899,0.5253524356510142,-0.07439435394475986,0.3694225969243474,0.5198399602656516,-0.07703484381475742,0.32094290106733575,0.6251185461704603,0.023410020254045753,0.4343525742418444,0.6077069711150007,0.007513361730653142,0.371629520788198,0.5987015794012456,-0.03233178907128838,0.3784181620251948,0.6531179931367003,-0.011591008750800847,0.3062371608188935,0.6306800356446308,0.02639726533845134,0.4490864785843387,0.6027442221156873,0.008097724885712077,no,2025-11-18T07:29:42.761463
0.795060012720443,0.8580818271691375,-2.116502266583815e-07,0.7312362327079536,0.8145530812114565,-0.007926551480575045,0.6839293936557915,0.7360727855213642,-0.017815361828486198,0.6452249994142336,0.6894186471221264,-0.03328247381122443,0.5998023171146115,0.6601420112241408,-0.04813602089711508,0.7220115642972308,0.6108391826617479,0.004537907382558247,0.6786849743295855,0.5516991759342121,-0.027048835224762247,0.6428227960876542,0.5299327830084115,-0.05191500537402642,0.6107235721119944,0.5180073958090545,-0.06651100887768187,0.7589538264315632,0.6013842887185333,-0.011709853813502404,0.7007839075082064,0.5337885522206712,-0.046223255095650694,0.6527357802841842,0.5227112933250322,-0.06576108376477466,0.6150252685340087,0.5172170180687009,-0.07330065391058144,0.7941630560188447,0.6151927258666399,-0.03186655175450945,0.7145462766569034,0.611770186984099,-0.07072512585720338,0.7031005086539728,0.6903173794228978,-0.06898183259124897,0.7093099274194257,0.7424768399829872,-0.0567688573441272,0.8200162013235235,0.6500062303975913,-0.053745462413328844,0.7470154201932184,0.6627495726744643,-0.07842536301911153,0.7287517855584884,0.7206141758725985,-0.07187443296222482,0.7313754639676782,0.7590189221825994,-0.060549062657558134,0.0,0.0,0.0,0.0,0.0,0.0,0.0,0.0,0.0,0.0,0.0,0.0,0.0,0.0,0.0,0.0,0.0,0.0,0.0,0.0,0.0,0.0,0.0,0.0,0.0,0.0,0.0,0.0,0.0,0.0,0.0,0.0,0.0,0.0,0.0,0.0,0.0,0.0,0.0,0.0,0.0,0.0,0.0,0.0,0.0,0.0,0.0,0.0,0.0,0.0,0.0,0.0,0.0,0.0,0.0,0.0,0.0,0.0,0.0,0.0,0.0,0.0,0.0,0.2539341643541193,0.44551508795001543,0.030391851454970004,0.30479231056755945,0.4443488473705003,0.0095677090082307,0.3876578887084129,0.42934712728191493,-0.00649718013022235,0.4433131935604592,0.4071308575635863,-0.005272954152640948,0.34543620752529836,0.5419969905784963,-0.06968757572010645,0.35165167993046936,0.5584181636201558,-0.03396344685155583,0.34288111049812897,0.5250556739458,-0.07551384240330072,0.3412628637421792,0.5018368623602162,-0.07220759213506048,0.33028037051598463,0.5278828230215062,-0.07213653312062288,0.356455257650635,0.522648283803709,-0.07576410738248972,0.311945270743171,0.6276471577497656,0.025632656108334675,0.42457140857611475,0.6115833556384482,0.003800742060111743,0.35578953451633716,0.6010710214720919,-0.031652350058121816,0.3644653929060605,0.6578818453651947,-0.011048419344278453,0.29980085773126225,0.633006071594288,0.029233591553345657,0.4392583028640993,0.6076239051576514,0.0040674530566191195,no,2025-11-18T07:29:42.899433
0.7952721883765942,0.8592489409473922,-3.661782035270864e-07,0.7303895718803287,0.8146170373842164,-0.006568530734992842,0.6846109082136227,0.7358320389513254,-0.015994512059231636,0.6491000409058473,0.6866763400195746,-0.031123313185431226,0.6050044605592588,0.6508786413962195,-0.04546408302996795,0.7272599330160776,0.6101456555360436,0.00850273340479059,0.6811758402073953,0.5558982265493357,-0.025704919207520625,0.6405002444889107,0.5461451341513768,-0.052550146618521275,0.6060522283796819,0.5480639925326706,-0.06730426661130148,0.761840292217399,0.6016214522968888,-0.00771154279004942,0.6995255942818284,0.5369399141947473,-0.043856618105257525,0.6488842420803398,0.5403485379741616,-0.06335487870024793,0.6130765311614593,0.5500061998073607,-0.06973030130860416,0.7945154944076616,0.6152723802177132,-0.028332906498330354,0.7123463519057223,0.6160822978434747,-0.06676442438761848,0.7032183141528836,0.693656289074776,-0.06523917184648584,0.7133287746685751,0.7436768507776264,-0.05319222269164349,0.8186239282221865,0.6489005067564891,-0.050651017037877416,0.744934292433035,0.6608180324634071,-0.07488252238184351,0.729235741993798,0.7188561463736467,-0.06854143773569958,0.7351214330221997,0.7558618010742861,-0.057218408668142165,0.0,0.0,0.0,0.0,0.0,0.0,0.0,0.0,0.0,0.0,0.0,0.0,0.0,0.0,0.0,0.0,0.0,0.0,0.0,0.0,0.0,0.0,0.0,0.0,0.0,0.0,0.0,0.0,0.0,0.0,0.0,0.0,0.0,0.0,0.0,0.0,0.0,0.0,0.0,0.0,0.0,0.0,0.0,0.0,0.0,0.0,0.0,0.0,0.0,0.0,0.0,0.0,0.0,0.0,0.0,0.0,0.0,0.0,0.0,0.0,0.0,0.0,0.0,0.24887360856379748,0.4475001502572419,0.03324914444982845,0.29966611950191935,0.446456241359887,0.010509756078011759,0.3822015116502346,0.43191714565122663,-0.00879654988827254,0.4378464431766758,0.4103979866984344,-0.00962252282059056,0.3365221431217419,0.5438964540447413,-0.06884798810996358,0.34374532672632785,0.5602517470532267,-0.03346627455750323,0.33393780747494034,0.5270632640664059,-0.07467354595631764,0.33271018498483623,0.5039908420020227,-0.07152301430969867,0.32161030521114786,0.5297488613284106,-0.07095609076785576,0.3474863723498689,0.5247837051571645,-0.07530665530572012,0.3056342955659825,0.6288289409087269,0.02855714732954652,0.418353355798296,0.6143530624971111,0.0022866530749843924,0.3480504563784612,0.6041011917167283,-0.030875309410176344,0.35666801396935716,0.6600633508613846,-0.00987801092632228,0.2946297152978974,0.6329587576523076,0.03241178296346234,0.433232469169629,0.6094032974121997,0.002151981663330732,no,2025-11-18T07:29:43.022854
0.7947476888652685,0.8603607141985191,-5.214034809415162e-07,0.729373860704416,0.8136183617554626,-0.005250085458341648,0.6841871763186491,0.73399499229213,-0.013778286311994015,0.6507275578941774,0.6834325575410678,-0.028019687658477656,0.6088344012429168,0.6470533477214252,-0.041412211693397365,0.7300642724143346,0.6069927350994885,0.009745198523181293,0.6790897609335469,0.5572354978571874,-0.025363456846985887,0.6371230170084019,0.5652757550181933,-0.05225624250324372,0.6064669234397189,0.585384219424218,-0.06619484629212001,0.7634706240902669,0.59987220333274,-0.006144172521886282,0.6956105230091393,0.5413364744027478,-0.041630598306102044,0.6452671315782711,0.5613877218030903,-0.060013306799765194,0.6142070707031051,0.5860511903615966,-0.06536916872261568,0.7943955679245034,0.6139939314647527,-0.026518880716868996,0.7106270972709153,0.6180281276910398,-0.0630340030511243,0.7033353612333174,0.696213286863743,-0.061488713777947776,0.7159299830088024,0.7453333783059122,-0.050301875088149435,0.8170839687154329,0.6473087061751805,-0.048521348937277484,0.7430214741813002,0.660744543890166,-0.07194409154728124,0.7289621400341457,0.7196890068244424,-0.06604225578434417,0.735989453436225,0.7559058875671724,-0.0552927863270549,0.0,0.0,0.0,0.0,0.0,0.0,0.0,0.0,0.0,0.0,0.0,0.0,0.0,0.0,0.0,0.0,0.0,0.0,0.0,0.0,0.0,0.0,0.0,0.0,0.0,0.0,0.0,0.0,0.0,0.0,0.0,0.0,0.0,0.0,0.0,0.0,0.0,0.0,0.0,0.0,0.0,0.0,0.0,0.0,0.0,0.0,0.0,0.0,0.0,0.0,0.0,0.0,0.0,0.0,0.0,0.0,0.0,0.0,0.0,0.0,0.0,0.0,0.0,0.24603141211194635,0.4475344175368012,0.03608568990975538,0.2951186810363982,0.4469349174452709,0.011582860099617127,0.3770410065794737,0.434450186690512,-0.010726923366049655,0.4332495585682039,0.4142785867692459,-0.013447660582541737,0.3282011355142706,0.5475565877897351,-0.0682417994048086,0.33628288195962236,0.5636405818071767,-0.033021114154652836,0.32561904867212443,0.5307264395626524,-0.07411014541968905,0.32479951199563006,0.5075440471854749,-0.07109911918773965,0.313475223134558,0.5331458470899102,-0.07006633017444377,0.33921724337250525,0.5286423735231776,-0.07508516378109492,0.29965006094331537,0.6297255447112604,0.031006386252988134,0.41242222829320624,0.6170296975903371,0.0006953054601740792,0.33932573156237666,0.6066618913200188,-0.030132846460979017,0.34813656838699947,0.6627602103675971,-0.009367157923766047,0.28912768881235507,0.6340589462585573,0.03515112351546072,0.4273386512241425,0.6132977530895685,0.00022800847254660648,no,2025-11-18T07:29:43.162598
0.7963833404062213,0.8620703679329997,-6.118243345818333e-07,0.7301911057767838,0.8152373134117584,-0.004238858044238592,0.6848095071771163,0.7361927786053241,-0.012108903506880014,0.6528862355930543,0.6853549670964159,-0.025784553277457174,0.6125023143852676,0.6493604415132241,-0.038673329967792436,0.7314279375129382,0.6064395972250372,0.010933179053255724,0.6770261109641337,0.5605504009252062,-0.024615152933554686,0.6349457047856341,0.5786361825914178,-0.05177536101118626,0.6069701484264024,0.6083430794558377,-0.06549557624249747,0.7643923035269145,0.599862174025455,-0.004982736315867331,0.6933783887743146,0.5468726444164923,-0.0400433738526913,0.6437051905449949,0.5764371773135172,-0.05796426977377919,0.6155641285751243,0.6095523359702117,-0.06283220763205788,0.7946088025722523,0.6141577306650088,-0.025412322651301205,0.7101822884788263,0.6215064940556334,-0.060751649276416644,0.7042307637885032,0.6998958198959523,-0.05942979254170674,0.718441068107337,0.7485137903645039,-0.04892407316145009,0.8168948362253923,0.6473370189124804,-0.04743046765721067,0.7425840724998145,0.6635290960570215,-0.07049023922719096,0.7300830268614027,0.7230513668155415,-0.0650868211812136,0.7384967516071048,0.7585630819614579,-0.054780884294237095,0.0,0.0,0.0,0.0,0.0,0.0,0.0,0.0,0.0,0.0,0.0,0.0,0.0,0.0,0.0,0.0,0.0,0.0,0.0,0.0,0.0,0.0,0.0,0.0,0.0,0.0,0.0,0.0,0.0,0.0,0.0,0.0,0.0,0.0,0.0,0.0,0.0,0.0,0.0,0.0,0.0,0.0,0.0,0.0,0.0,0.0,0.0,0.0,0.0,0.0,0.0,0.0,0.0,0.0,0.0,0.0,0.0,0.0,0.0,0.0,0.0,0.0,0.0,0.24712275397143185,0.44600822301057286,0.034770540196448166,0.2957249986345397,0.44894490086798305,0.01007513950136477,0.3779121759009734,0.43646704028090966,-0.012698024632861082,0.4352627672554078,0.4189855854035133,-0.015689659678578036,0.3267746371617374,0.5528947754374549,-0.06840211626419858,0.33496856831726696,0.5681954260869226,-0.032470339603223444,0.3244115893032177,0.5361634824709167,-0.07457472138099473,0.3240715882016801,0.512553903733042,-0.07194269537992634,0.3120827832572662,0.5380333970824002,-0.07049449773621443,0.3383657921250191,0.5344156410500714,-0.07558921012731809,0.2976168333548059,0.6325458432536862,0.033257297114903106,0.41138576886881684,0.6229970608618189,0.0023306866889095286,0.33964473285615476,0.6119933602107906,-0.028808971644064204,0.34664150790355985,0.6671994687778537,-0.006524523480218187,0.2877402361269493,0.6350443034801545,0.03756004547660243,0.42668421139526674,0.6194505952566373,0.0019422377148641493,no,2025-11-18T07:29:43.311126
0.7957959270714731,0.8635518780354086,-6.53333714821674e-07,0.7299455971388802,0.8175599127521744,-0.004092552777425301,0.6854697174061546,0.7393000800699503,-0.011800754413994655,0.655382168232547,0.6879291629686791,-0.02526607982216498,0.615877676872657,0.6526967105007985,-0.03804331080046078,0.7316246478584131,0.6077076528548434,0.010598440011386477,0.6754032761241566,0.5638081775667901,-0.0252949060913706,0.6329192291933541,0.5871928400025266,-0.052608431582529855,0.6059400524408165,0.6218127979676649,-0.06616262136891032,0.7648091848197164,0.6012549776987627,-0.0051741978993222245,0.6915766298234061,0.5505194807012881,-0.0402074890582369,0.6419011063007872,0.5846394608682148,-0.05813855154147639,0.6149192555831859,0.6220146180354599,-0.06282239837050091,0.7949523781614314,0.6157797844838105,-0.025402115506904514,0.7100295917148465,0.6253994612745666,-0.06029524221321004,0.7035530995704143,0.7043479784694757,-0.05921838145874152,0.7174978549154849,0.7530089479662181,-0.0489426979580358,0.8172401224564919,0.64936009022864,-0.04720219264525287,0.742866438105376,0.6664200415263593,-0.07006870864052342,0.7300908756133185,0.7264443326043954,-0.06475942679377186,0.738049433142267,0.7621376119760598,-0.05443670536504457,0.0,0.0,0.0,0.0,0.0,0.0,0.0,0.0,0.0,0.0,0.0,0.0,0.0,0.0,0.0,0.0,0.0,0.0,0.0,0.0,0.0,0.0,0.0,0.0,0.0,0.0,0.0,0.0,0.0,0.0,0.0,0.0,0.0,0.0,0.0,0.0,0.0,0.0,0.0,0.0,0.0,0.0,0.0,0.0,0.0,0.0,0.0,0.0,0.0,0.0,0.0,0.0,0.0,0.0,0.0,0.0,0.0,0.0,0.0,0.0,0.0,0.0,0.0,0.262452954706358,0.4469557939536736,0.024727891316637197,0.31409392293367916,0.4496293835032207,0.004664171593147264,0.39892563832165673,0.4378773662946678,-0.010527112581993075,0.455223037689975,0.41901258132461283,-0.008917580382533201,0.35466068002534196,0.5571596942182087,-0.06943535296385206,0.36028398644535375,0.5714657722017865,-0.032188518751163304,0.35246107896099604,0.5403121577717895,-0.07603959988798997,0.35123698516853563,0.5161214338115588,-0.07379354953799326,0.33944187356794886,0.5421647583861708,-0.07278707371151388,0.3664487743822499,0.5382055832050894,-0.07619912566469321,0.3171605288514371,0.6353361976793181,0.030848037854519672,0.4338260860335295,0.6226159708930219,0.010286434449498652,0.3670016988036038,0.6140063045865964,-0.027214156352291713,0.3731666044194618,0.6693729043832811,-0.0048044051473868565,0.3049936769423733,0.6372141077833207,0.034272884828769626,0.44749625558757933,0.618164254365837,0.01055221067117519,no,2025-11-18T07:29:43.452448
0.7968439805626377,0.8637174482645305,-6.641121007144282e-07,0.7310588345363133,0.8178049996252175,-0.0041335667874891815,0.6866127404684429,0.7396070400521413,-0.011708300825701408,0.6566337108309799,0.6875210154004314,-0.025037532967320187,0.6178120915433994,0.6510666815805841,-0.03759225361509512,0.7322950586093824,0.6083904372691729,0.01111476929363827,0.6756682887864893,0.5646831863404629,-0.02453990960701228,0.6333766167977574,0.5901109013073393,-0.051539470108786976,0.6073022229329021,0.6269411630352698,-0.06479912518955541,0.7654226688296886,0.601668376682023,-0.004386956193556643,0.6926240771740474,0.5516211462001008,-0.03934960748993388,0.6430815908624907,0.5870632087322947,-0.05723160615976102,0.6164623252593969,0.6260496855359794,-0.06172397947609251,0.7957035827078824,0.6158006326174241,-0.024377555510887102,0.711322034197801,0.6261421098735046,-0.059235136654476606,0.705338666408132,0.7050043992384,-0.05859557768415515,0.7196689990596101,0.7542341878998876,-0.048556678824565574,0.8183561580872243,0.6487308590276654,-0.0459372682625955,0.7445864883436121,0.6664941007917136,-0.06927514030644678,0.7313074564872317,0.7267688357853825,-0.0645758402751475,0.7385152208359651,0.7634911637856525,-0.0545388270687375,0.0,0.0,0.0,0.0,0.0,0.0,0.0,0.0,0.0,0.0,0.0,0.0,0.0,0.0,0.0,0.0,0.0,0.0,0.0,0.0,0.0,0.0,0.0,0.0,0.0,0.0,0.0,0.0,0.0,0.0,0.0,0.0,0.0,0.0,0.0,0.0,0.0,0.0,0.0,0.0,0.0,0.0,0.0,0.0,0.0,0.0,0.0,0.0,0.0,0.0,0.0,0.0,0.0,0.0,0.0,0.0,0.0,0.0,0.0,0.0,0.0,0.0,0.0,0.2731372687502737,0.4482577263597332,0.018883259559981425,0.3266106423540619,0.45022646447957665,0.0017040103505714466,0.41167411512316204,0.4387321369599331,-0.00872582828870164,0.46757730041446843,0.418258714187163,-0.004162308073419992,0.3720393131819978,0.5584594767210733,-0.06982246159645278,0.37603875285192645,0.5728413670312216,-0.03220800256157866,0.3699433551228549,0.54154353673349,-0.07654557501895379,0.3681607177067196,0.5172274642373986,-0.0743981322647814,0.35660733676833417,0.5436002391288459,-0.07381552331644267,0.3838479888661585,0.5391995704721736,-0.07616912768148487,0.3296495884422896,0.6364368385399765,0.028608667865736875,0.4472183272784682,0.6228321680045706,0.01440519415226817,0.3832419596074522,0.6143052398386931,-0.02701359981686384,0.3886857994297703,0.6702665627415674,-0.004273612399674092,0.31614694883514693,0.6399635888495461,0.03151086525515887,0.4605107259507187,0.6180522805146751,0.015152783102029894,no,2025-11-18T07:29:43.573334
0.7957175546943895,0.8642708716542379,-6.720172402230036e-07,0.7305018894590136,0.8171433247504292,-0.003929927266214254,0.6868628935572805,0.738944711270196,-0.011640406346195068,0.6575731813756492,0.6868337565634359,-0.025147687791283478,0.6195414932738359,0.6498014136338437,-0.03794487331292724,0.734028082311817,0.6081269615411569,0.011166038296506902,0.6774329193032178,0.5646734770775496,-0.024969061511675123,0.6347106489349963,0.590287448620436,-0.05231787294270583,0.6080662778444723,0.6274900529245715,-0.06562607124198115,0.7670839561895177,0.6019935702074666,-0.004361948624755073,0.6943855807050963,0.5533708667745194,-0.03959290279072042,0.6444418655491958,0.589693762616956,-0.057588853495396414,0.6176394995075214,0.6292146086981655,-0.062124510438739386,0.7971073353011611,0.6166011162507287,-0.02437006073022316,0.7126271549849479,0.6280857748998261,-0.059318721143653136,0.7061837661111705,0.707673462837126,-0.05849850664889368,0.7202746047296189,0.7572299803787768,-0.04830392863995918,0.8194464453804347,0.6499220355681388,-0.04593500225518672,0.7456900878436048,0.6685616520556316,-0.06918495125626217,0.7330657291381624,0.7290309292089907,-0.06427598955266622,0.740857433654448,0.7652583768642923,-0.05404117314871716,0.0,0.0,0.0,0.0,0.0,0.0,0.0,0.0,0.0,0.0,0.0,0.0,0.0,0.0,0.0,0.0,0.0,0.0,0.0,0.0,0.0,0.0,0.0,0.0,0.0,0.0,0.0,0.0,0.0,0.0,0.0,0.0,0.0,0.0,0.0,0.0,0.0,0.0,0.0,0.0,0.0,0.0,0.0,0.0,0.0,0.0,0.0,0.0,0.0,0.0,0.0,0.0,0.0,0.0,0.0,0.0,0.0,0.0,0.0,0.0,0.0,0.0,0.0,0.26545289026121477,0.4461749553324621,0.025534706918057003,0.317346760471846,0.449824590786999,0.004862026396178391,0.40309022519082294,0.4417225369190687,-0.011071013651146227,0.460378344826413,0.42177083467842036,-0.00974179723430607,0.35584448032814336,0.559064038640154,-0.06990269630716422,0.36147252860568124,0.5740257009392405,-0.0323674024165916,0.35388456513466965,0.5421938863152771,-0.07656882393172955,0.35305323850156844,0.5180270936680768,-0.07430912286051532,0.3408213650032009,0.5439053365444034,-0.07321247767904386,0.36795282722631506,0.5404207307374143,-0.07678835563790354,0.3187637433292686,0.6358540746731254,0.03112782128917356,0.434140547392057,0.6279451791751673,0.009498457863987684,0.36708876897685233,0.6178211181970108,-0.027650875011536034,0.37262539902823966,0.6729536622969159,-0.00441541470265718,0.3062285378083053,0.6400985527713307,0.03481741525926278,0.4487648582336906,0.6244322243180065,0.009907677055639195,no,2025-11-18T07:29:43.709606
0.7955677595764276,0.8661170332506725,-6.807991131568678e-07,0.7291263636309503,0.8188565391986399,-0.003533583260612668,0.6847799458383174,0.7394691417526518,-0.010349618802901668,0.6551512569113507,0.6866839912520701,-0.02292851272895711,0.6165813640838174,0.6504782639038664,-0.03486797282587337,0.7335589732829074,0.6084825512528325,0.012139816920899401,0.6761711362797217,0.5667284695625632,-0.0234813539549309,0.6331607298458398,0.5925338872550117,-0.050619507358084063,0.6060125018868663,0.6288599418332269,-0.06398847952360232,0.7666978008486651,0.6027492033833811,-0.003577577030537093,0.6925614736907134,0.5547606813902657,-0.03843164241870997,0.6423470490503853,0.5907696971081912,-0.056371907048959155,0.615097263257789,0.6287102818633497,-0.06088526786938266,0.796609697924018,0.6183039877766248,-0.023773615928115596,0.7104256065680965,0.6303298089510727,-0.05825537249358999,0.7046033614796575,0.709155277713729,-0.05759431479054467,0.7196492142338585,0.7569800300148278,-0.04759638777199928,0.818274856048219,0.6528150252665981,-0.04552921518074735,0.7434337637666205,0.6717850937203818,-0.06840282667207068,0.7313224995120896,0.730899106562732,-0.06373303861435725,0.7402276453264458,0.7654104257959615,-0.05379343956140959,0.0,0.0,0.0,0.0,0.0,0.0,0.0,0.0,0.0,0.0,0.0,0.0,0.0,0.0,0.0,0.0,0.0,0.0,0.0,0.0,0.0,0.0,0.0,0.0,0.0,0.0,0.0,0.0,0.0,0.0,0.0,0.0,0.0,0.0,0.0,0.0,0.0,0.0,0.0,0.0,0.0,0.0,0.0,0.0,0.0,0.0,0.0,0.0,0.0,0.0,0.0,0.0,0.0,0.0,0.0,0.0,0.0,0.0,0.0,0.0,0.0,0.0,0.0,0.26547343962599923,0.445368367415758,0.025187861538259287,0.31678536973406146,0.45118793313935673,0.0044599140952195655,0.4032010220144712,0.4436316762554404,-0.011471403944916393,0.4610787610076431,0.4246028928726956,-0.01004832849437462,0.3551501246950928,0.5620655159383479,-0.07044813066505481,0.360848581507316,0.5765877716007544,-0.03253414747721193,0.35326857234032216,0.5450576527294769,-0.07720758610870229,0.3526300770592788,0.5205011500215995,-0.07502108678225886,0.3400379466436369,0.5464055631982729,-0.07385223513592773,0.3675188589151671,0.5435118773716521,-0.07741559531754033,0.317735408985725,0.6372957871935115,0.03184876758986304,0.43370037489994695,0.630788740729704,0.010133032441169618,0.3672845383971557,0.619268606583857,-0.027507082079575734,0.3725710453564813,0.6752628371222739,-0.0037287738810049082,0.30507923138660503,0.6408627534250024,0.03553945336837613,0.44851840912687796,0.6278598399383917,0.010526405290386164,no,2025-11-18T07:29:43.845213
0.7950166209056913,0.8657081886567388,-6.783969768528391e-07,0.7279050199368893,0.8185785124048008,-0.003611411496766896,0.6832015235363766,0.7395209824001449,-0.010728736208347758,0.6536976143679983,0.6870660974078802,-0.023604523893072098,0.615637383663918,0.6514315407520583,-0.035809582444483276,0.7331183953137865,0.607858872252698,0.011614841950904852,0.6743706526258686,0.5656349345207378,-0.024107837968299687,0.6313859619897992,0.5926794115840488,-0.05127070572257536,0.6049347115414251,0.6302524828280056,-0.06462316714164773,0.7657476249803018,0.6027104133066807,-0.00409910110117374,0.6911189090426986,0.5542240375277897,-0.0391120304493147,0.6403239723706516,0.5908673350405305,-0.05715531776524515,0.6129328205193516,0.6297579169345587,-0.06170857817716875,0.7952358713676334,0.618373440402442,-0.024247792423577184,0.708409781853079,0.6300588952306175,-0.0584706784780448,0.7021007475218264,0.7084238908214335,-0.057893313753991205,0.717185119135133,0.7560265502704755,-0.04807396243424984,0.8164296152380073,0.6527792122049085,-0.04598022557490698,0.7411951969982853,0.6724183745064464,-0.06866806367301616,0.7290947598211235,0.731658345014154,-0.06403697148470319,0.7384105353001705,0.7659350348183757,-0.054163950455329235,0.0,0.0,0.0,0.0,0.0,0.0,0.0,0.0,0.0,0.0,0.0,0.0,0.0,0.0,0.0,0.0,0.0,0.0,0.0,0.0,0.0,0.0,0.0,0.0,0.0,0.0,0.0,0.0,0.0,0.0,0.0,0.0,0.0,0.0,0.0,0.0,0.0,0.0,0.0,0.0,0.0,0.0,0.0,0.0,0.0,0.0,0.0,0.0,0.0,0.0,0.0,0.0,0.0,0.0,0.0,0.0,0.0,0.0,0.0,0.0,0.0,0.0,0.0,0.27136032995189274,0.447222912302659,0.02028013411478604,0.32475270550454294,0.4518166902921362,0.002169558952380608,0.41096099131576835,0.44358701875745044,-0.009583024399194551,0.46853214402310867,0.42430649542659743,-0.005646689709136718,0.3677429364453705,0.5641849806025357,-0.07122857883464838,0.3720701365244939,0.5780557867021716,-0.03280351071360825,0.3658437026788357,0.5471779099790879,-0.078108190714845,0.36460636469483865,0.5224361485886806,-0.07598196648063367,0.35222961244096673,0.5486516999417268,-0.07520866471404579,0.38009820223132623,0.5452928592333114,-0.07784871874484309,0.3246495451748922,0.6384039842377776,0.029856583012310613,0.44340186920694674,0.6297288225171043,0.0138952614441666,0.3791636834785156,0.6194268517099735,-0.02724031288411532,0.3839912087706173,0.6752722106925608,-0.003538548116699685,0.3121471900369839,0.64295273544091,0.03305994043300074,0.45756173818999535,0.6263413474670596,0.014650131397257786,no,2025-11-18T07:29:43.971957
0.7973642221845656,0.865682639898743,-6.861052903776829e-07,0.7304311319281309,0.8187133823506243,-0.0033185883973506545,0.6855914751261137,0.740784175940139,-0.010561621182396154,0.6561421178262417,0.6892607308175875,-0.02362720600310658,0.6184047866882212,0.6531339486959602,-0.0360079903018744,0.7343769571707482,0.6082763551861023,0.01186106194827533,0.6761782796134104,0.5661110423088156,-0.024063200649236588,0.6331630844971732,0.5926045330434587,-0.05159254794955501,0.6063650048204714,0.6307940494698805,-0.0650583307069399,0.7671518416935659,0.6028995749203997,-0.003965166650309554,0.6933772927133354,0.5554440137742709,-0.03859658302505999,0.6428010938894884,0.5919121178185746,-0.05649477203774915,0.6152363217873095,0.6318217992818698,-0.061070956889726115,0.7966360743308962,0.6183156007020145,-0.024258546933934626,0.7110721149045821,0.6302887850405408,-0.05815806098260608,0.7054042486827119,0.7083198915681722,-0.057335170129134694,0.720141877404328,0.7572657387144156,-0.04750292194590853,0.8180040122164768,0.6523758722386237,-0.04615623097714599,0.7429202472627993,0.6723299715359075,-0.06868341003489331,0.7310566982623073,0.7318801609428223,-0.06381058253600318,0.7397357537569578,0.7673381424282613,-0.05381839673824182,0.0,0.0,0.0,0.0,0.0,0.0,0.0,0.0,0.0,0.0,0.0,0.0,0.0,0.0,0.0,0.0,0.0,0.0,0.0,0.0,0.0,0.0,0.0,0.0,0.0,0.0,0.0,0.0,0.0,0.0,0.0,0.0,0.0,0.0,0.0,0.0,0.0,0.0,0.0,0.0,0.0,0.0,0.0,0.0,0.0,0.0,0.0,0.0,0.0,0.0,0.0,0.0,0.0,0.0,0.0,0.0,0.0,0.0,0.0,0.0,0.0,0.0,0.0,0.2813097348640613,0.4490699291184773,0.014434623622975772,0.33673692604405003,0.4515233697127185,-0.0003192974548765072,0.42378153857227474,0.44111864949732416,-0.006627230717720306,0.47852978060301554,0.42099358808919896,0.0005437022038500341,0.38647884658629456,0.5618295158006117,-0.07063268132453931,0.38914422832789786,0.5762606499657709,-0.03261631234885811,0.3846524006748976,0.5446965988322411,-0.07742574399686303,0.3827101807433391,0.5200372669422743,-0.0752549391612515,0.3709338393663879,0.5465583228674393,-0.07514260747966542,0.39854914367337946,0.542535992938723,-0.07656936778740529,0.33912705015244854,0.639383600318962,0.026108905627413567,0.4573773424174993,0.6258323334692455,0.01746945798770353,0.39535181275232695,0.6178126361172853,-0.02711906993879037,0.4002871796979231,0.6747996728893102,-0.004245145530037994,0.32539434227477093,0.6434197104061545,0.028591363104927152,0.47086087211814526,0.6226744972522829,0.018647951450353136,no,2025-11-18T07:29:44.099356
0.7976852889735236,0.864528496176941,-6.817612618983236e-07,0.731733795210205,0.817304052644581,-0.0034721237182973553,0.6871580858811568,0.7386904993393932,-0.01092651178724276,0.657183856888661,0.6868227172268785,-0.02418521012635874,0.6191685998947087,0.6499787966670109,-0.0368051348185674,0.7366391073428509,0.6078143059805023,0.011459576101469877,0.6779096141929204,0.5654163431167644,-0.024768213255512192,0.6344321021984615,0.5923290030196084,-0.05234470802366857,0.6078516739819673,0.6306819921574256,-0.06585380187242518,0.7693349168566096,0.6024824796541848,-0.004429061092234845,0.6954515757962123,0.5545413850247239,-0.03972335972706571,0.6444497346049615,0.5918117598789834,-0.05773514675641291,0.6170594293377161,0.6327124774474077,-0.06222440332369873,0.7987631706130952,0.6178710874661043,-0.024786860883437366,0.7121141392985282,0.6298165645898199,-0.05938791971642835,0.7065911724408738,0.7082781439404429,-0.05853705208460214,0.7219783016400912,0.7571791669074093,-0.048507654133965,0.8200425506181261,0.6517761922399936,-0.04671032151131241,0.7445403772324739,0.6717218207040957,-0.07005198764121451,0.7335102896390424,0.7315333648399261,-0.06530228410042385,0.74330256949971,0.7668312716650278,-0.05521662695262368,0.0,0.0,0.0,0.0,0.0,0.0,0.0,0.0,0.0,0.0,0.0,0.0,0.0,0.0,0.0,0.0,0.0,0.0,0.0,0.0,0.0,0.0,0.0,0.0,0.0,0.0,0.0,0.0,0.0,0.0,0.0,0.0,0.0,0.0,0.0,0.0,0.0,0.0,0.0,0.0,0.0,0.0,0.0,0.0,0.0,0.0,0.0,0.0,0.0,0.0,0.0,0.0,0.0,0.0,0.0,0.0,0.0,0.0,0.0,0.0,0.0,0.0,0.0,0.28319910719147584,0.4504090160109217,0.012584039986919376,0.3389866692846135,0.45188194819444827,-0.0014875569760788505,0.4263759228420074,0.4410991330219775,-0.0066318455147155704,0.48099303220538503,0.41999639159403795,0.0012381869815638082,0.39034687246707456,0.5631522876549445,-0.07032491642954833,0.3926332078519601,0.5773717581265012,-0.032069378864772916,0.38851484391216345,0.5461238769612866,-0.07726160231220944,0.38637010358959556,0.5213897095781623,-0.07525801641867087,0.3747126205193756,0.5481672596736183,-0.07509617526798136,0.40241062849829556,0.5436943632753918,-0.07627079478957477,0.34193567251713464,0.6398596396866112,0.025411921530506996,0.459883182264696,0.6252999078749883,0.01834739171155177,0.3988167720597191,0.6185883594652741,-0.026557165952986267,0.40342228042551487,0.6748360356328875,-0.003756008485596833,0.32854204373126517,0.6455091971201152,0.027917044409984156,0.47302599422557656,0.6229926508096741,0.01979600703537726,no,2025-11-18T07:29:44.220346
0.7977142749169834,0.8634768521343384,-6.827920616726468e-07,0.732236532471817,0.8169476279286595,-0.004779142073559698,0.687487054853878,0.7395309229065435,-0.013295214947495396,0.6568962192158149,0.6873878860659082,-0.02732144744829261,0.6186275881782504,0.6495697995156802,-0.04072607895017344,0.7369430487733541,0.6070855527915054,0.00933875941925639,0.6782362170753268,0.5646820997715016,-0.027211616038435436,0.634797049043109,0.5920413919307179,-0.05477784866005244,0.6081843027578904,0.6306365135233234,-0.06824557359322553,0.7701227389706784,0.601918837349828,-0.006051829613644479,0.695263335248036,0.5540220319479394,-0.042043289509018734,0.6440659284177457,0.5925187983164143,-0.06024598786008474,0.6166110733400464,0.6343792647132362,-0.06462638467648063,0.7995000256961808,0.6176419465116776,-0.02589957100163041,0.7127172866960018,0.6307494206577945,-0.061381737347637924,0.7064783490816887,0.7100696089556188,-0.060878493393260846,0.7211349580862809,0.759369505462219,-0.05078194524523091,0.8205558061871301,0.6517835247775285,-0.04731360535099312,0.7448922315106004,0.6723182820637787,-0.07139929616111476,0.7334316541998618,0.732973553929515,-0.06693666504759123,0.7426339316919937,0.7688448691451207,-0.05681358917580811,0.0,0.0,0.0,0.0,0.0,0.0,0.0,0.0,0.0,0.0,0.0,0.0,0.0,0.0,0.0,0.0,0.0,0.0,0.0,0.0,0.0,0.0,0.0,0.0,0.0,0.0,0.0,0.0,0.0,0.0,0.0,0.0,0.0,0.0,0.0,0.0,0.0,0.0,0.0,0.0,0.0,0.0,0.0,0.0,0.0,0.0,0.0,0.0,0.0,0.0,0.0,0.0,0.0,0.0,0.0,0.0,0.0,0.0,0.0,0.0,0.0,0.0,0.0,0.2759755430328412,0.4493593975890485,0.016584710240756976,0.3308561167630114,0.4529259369182309,7.868068488369264e-05,0.41829895838259734,0.4435024539268747,-0.0089061753356163,0.4744123219193429,0.4233132952747869,-0.0032569935321633808,0.3768282471389938,0.5633759966755252,-0.07013782674433235,0.3803719173939595,0.5782456606146117,-0.0320041130095759,0.3750747130966381,0.5463734640639105,-0.07706516505771986,0.37361057650640667,0.5218015246918827,-0.07506773239933215,0.3615821323507904,0.5481343126199361,-0.07447717348470631,0.38903215631877364,0.544430964310578,-0.07649860080112131,0.33335690605417584,0.6406819935054913,0.02810679887212415,0.4498886610156946,0.6288957184314364,0.015750145466068795,0.38789998380150414,0.6222368634293839,-0.02662685877207209,0.39216259830926165,0.6776571254252389,-0.003211201355924933,0.31894286968591457,0.6442435750386343,0.031044480477210784,0.46353409524969014,0.6264734944417023,0.016882527480871795,no,2025-11-18T07:29:44.348003
0.7970185189415697,0.8636838692205506,-6.856020598489626e-07,0.7310812612882461,0.8180150036348925,-0.004084453907431631,0.686247075095396,0.7407155344570406,-0.012044601304547754,0.6564443039705479,0.6884490859601239,-0.025682719805021702,0.6178540787227617,0.6506777654156465,-0.03881456996143201,0.7346376987984508,0.6076026394862679,0.010400556294587224,0.6762619469432725,0.5655808317422877,-0.0256587808202474,0.6332726838576446,0.5932929311204646,-0.05308049876943262,0.6071054165118492,0.6315883101483499,-0.0665934116905165,0.7679338019556609,0.6022251948322932,-0.005336626930111944,0.6936616346936438,0.5542256027087414,-0.04097308142314378,0.6430982112677412,0.5924950797383464,-0.05924656842535792,0.6159531225388586,0.6338207110767109,-0.06370973408271091,0.7976994402143471,0.6179012759711403,-0.025472598433544928,0.7115881701061948,0.6313253126219118,-0.060521361706751244,0.7056213576157955,0.7103433669949755,-0.06015818404893011,0.7205124782611275,0.7588550811097869,-0.050258272566777826,0.8192469179766064,0.6522228413949593,-0.04712680769599579,0.7440493364565178,0.6724399637857956,-0.07069588568636755,0.7328046048804637,0.7326961647439934,-0.06616874077388907,0.7424905860699959,0.7679418158572742,-0.05612112901621445,0.0,0.0,0.0,0.0,0.0,0.0,0.0,0.0,0.0,0.0,0.0,0.0,0.0,0.0,0.0,0.0,0.0,0.0,0.0,0.0,0.0,0.0,0.0,0.0,0.0,0.0,0.0,0.0,0.0,0.0,0.0,0.0,0.0,0.0,0.0,0.0,0.0,0.0,0.0,0.0,0.0,0.0,0.0,0.0,0.0,0.0,0.0,0.0,0.0,0.0,0.0,0.0,0.0,0.0,0.0,0.0,0.0,0.0,0.0,0.0,0.0,0.0,0.0,0.28478153932628847,0.4481372885400458,0.011775036586645,0.3406416486458261,0.4517269216680388,-0.0018509812689849244,0.42752923003911514,0.4406917830127843,-0.006169401435055052,0.48234225803322645,0.42041209609797237,0.0022495390493509774,0.39156429163075335,0.5609174008798768,-0.07040931937278033,0.39370037074245856,0.575606952583612,-0.032325943316521194,0.389883115224848,0.5437610931178469,-0.07729417965558227,0.38789134746588794,0.5190993812347964,-0.07523917588871103,0.37607899416058654,0.5456323552082835,-0.07522837822504015,0.403771281764085,0.5416065420307773,-0.07621803281719045,0.34378940814622094,0.6393892822370596,0.02526418468344758,0.46049874251517914,0.6258770617723284,0.01928219009237459,0.40121118171913434,0.6181818026577615,-0.026658535890893585,0.4052421784089719,0.6746768047570684,-0.004000766762132808,0.3278150384539497,0.6426108364771419,0.027534997599540603,0.47416456459071116,0.6218833665407669,0.020672641625181495,no,2025-11-18T07:29:44.502957
0.7969592764461877,0.8640323528536835,-6.796584270119236e-07,0.7310029338057442,0.818316769815188,-0.004373558558807507,0.685951245076766,0.740472391728795,-0.012398560612508042,0.6563456916714769,0.6879785364912618,-0.026019996222446173,0.6182254354719154,0.6506841604940781,-0.039023913046421305,0.7343256579185888,0.608308485890366,0.010107972326858327,0.6761707292928643,0.5658507877469068,-0.026340949404774543,0.6332372308963363,0.5937337475025999,-0.05382993052132443,0.6071748944398541,0.6323771924505788,-0.06727061203446151,0.7674420258137984,0.6027688436014493,-0.005456642496374398,0.6934779607107746,0.5542724922113043,-0.04107880926792832,0.6432264327899375,0.592583356252535,-0.059056139759153414,0.6165554697128802,0.6339422456922403,-0.06338833183074602,0.7971634212599751,0.6181996218455861,-0.025506115660096553,0.7112396190439574,0.6311604123152894,-0.06054956154430789,0.7056114653031065,0.7104710072947137,-0.059837804301281425,0.7208737575555515,0.7588917794369583,-0.04978403135060388,0.8187395483323279,0.6523084488575749,-0.04712651877421688,0.7436796555634639,0.6729013478596947,-0.07065436302040506,0.7329308134875951,0.7333212738717068,-0.06600446273122859,0.7430047077078494,0.7680523610135828,-0.05595040481295876,0.0,0.0,0.0,0.0,0.0,0.0,0.0,0.0,0.0,0.0,0.0,0.0,0.0,0.0,0.0,0.0,0.0,0.0,0.0,0.0,0.0,0.0,0.0,0.0,0.0,0.0,0.0,0.0,0.0,0.0,0.0,0.0,0.0,0.0,0.0,0.0,0.0,0.0,0.0,0.0,0.0,0.0,0.0,0.0,0.0,0.0,0.0,0.0,0.0,0.0,0.0,0.0,0.0,0.0,0.0,0.0,0.0,0.0,0.0,0.0,0.0,0.0,0.0,0.2910068302777301,0.44766801856430394,0.007911411468969162,0.34804824048063554,0.44944146686314845,-0.0034839967284117394,0.43501248176932106,0.43851537206860225,-0.004180659586500483,0.48820499327633304,0.4175163371935022,0.006375398096632838,0.4026218115859074,0.5590054211831177,-0.06989935739428163,0.40370110151846134,0.573674773412854,-0.032169473049790634,0.40101351555824766,0.5418711099515626,-0.07669552110506622,0.3986325389434771,0.5173015428913392,-0.07459618242224744,0.3872165387301117,0.5439669156050115,-0.07503839584622368,0.4146039488539969,0.5395304245550463,-0.07522654979434885,0.35190681096855725,0.6381553440146479,0.022517855159881462,0.46766554924564196,0.6226988033890634,0.021308754552389036,0.4103207188045135,0.6144927629965138,-0.026637249138512436,0.4142550843798476,0.6721956575989474,-0.003932705195886574,0.33639662588209573,0.6421471180772093,0.02438833031168503,0.4812855815793369,0.6189900805730111,0.023056191357560783,no,2025-11-18T07:29:44.626177
0.798717913751048,0.865251732314064,-6.856329689142311e-07,0.7332376872626744,0.8193679810646679,-0.004163328671969838,0.6885075033939433,0.7419400590083184,-0.012127994600240579,0.6592569482279351,0.6897449347400004,-0.02573271477798115,0.6214869221331593,0.6521934779998009,-0.0386653745426246,0.7359514587295733,0.6096818704132921,0.010257539638868711,0.678272795028207,0.5670544770300391,-0.02619901441958469,0.6355435193177971,0.5942614176374846,-0.053840204972662106,0.609427462631304,0.6331046745543757,-0.06733918453915,0.7691468487547538,0.6039324726811568,-0.0053292353483722354,0.6960696440364176,0.5559915102925113,-0.04053477551373348,0.6459621429391582,0.5932717611150065,-0.05837753937737658,0.6190094736622109,0.6344862278551991,-0.06281163685036008,0.7989902468257426,0.6191075619107996,-0.025420483738196567,0.7141813849347289,0.6314659287948212,-0.06016546145779333,0.70922604100307,0.7102281019425687,-0.059309360168228374,0.7243972044957018,0.7596905918192329,-0.04931821703373948,0.821015007797298,0.6528476996752168,-0.04710248775193369,0.7460336749611448,0.6733309405962598,-0.07054863899158681,0.7351624241750567,0.7336561801773542,-0.06586815053837812,0.7445741137931184,0.7693719673167126,-0.05587326628966477,0.0,0.0,0.0,0.0,0.0,0.0,0.0,0.0,0.0,0.0,0.0,0.0,0.0,0.0,0.0,0.0,0.0,0.0,0.0,0.0,0.0,0.0,0.0,0.0,0.0,0.0,0.0,0.0,0.0,0.0,0.0,0.0,0.0,0.0,0.0,0.0,0.0,0.0,0.0,0.0,0.0,0.0,0.0,0.0,0.0,0.0,0.0,0.0,0.0,0.0,0.0,0.0,0.0,0.0,0.0,0.0,0.0,0.0,0.0,0.0,0.0,0.0,0.0,0.2855118497921472,0.44334767889217547,0.011829171041541485,0.3415476831484904,0.44722406771540296,-0.0013307344061205414,0.42829130200564747,0.4364341234122308,-0.004877806198751607,0.4830427802942868,0.4166483215279645,0.0040465060533046125,0.3922012775924227,0.5577419011700195,-0.0709367168624717,0.393985407936965,0.5721578773051056,-0.03268021748848308,0.39064900187969454,0.5405757026617859,-0.07779309001005455,0.3887173596168496,0.5158035374349732,-0.07557530374149825,0.37671636071942594,0.5424610209452823,-0.07578943671004765,0.40460123134781295,0.5383696100512658,-0.07661074622972447,0.3423094475117521,0.6349789812591092,0.023745091106714182,0.45916081772603906,0.6224927105724767,0.018725731866550868,0.4002670743661697,0.6123059038886225,-0.027219681291062746,0.40368948965486673,0.668974213057744,-0.005394820380157571,0.32764471632525655,0.6392792732643737,0.025982726492538664,0.4739446687651323,0.6186512197146061,0.020252945349905804,no,2025-11-18T07:29:44.753453
0.7998347867152305,0.8671337129893074,-6.796634507771968e-07,0.734220744924138,0.8220301747860266,-0.004087506617490385,0.6895005733388937,0.7443929502080471,-0.01180759260595053,0.6608772343373562,0.6912076400231985,-0.025177868130701237,0.6229935983956811,0.6545942084251019,-0.037999189359620635,0.7356123503631693,0.6120435425999109,0.010697331429268788,0.6786494013402449,0.5694180263549091,-0.02545885067893526,0.6363109320698634,0.5961082328608718,-0.05292976456316192,0.6102581076889431,0.6340593658568998,-0.06631572304001987,0.7691166048430751,0.6060933334704002,-0.004807366236805208,0.6963459184480336,0.5581169623834993,-0.04007513997868948,0.6464664459202627,0.5958578432478566,-0.058119715010605824,0.6196821524404652,0.6377330569550959,-0.062481415234567246,0.7993360743787526,0.6211129812422651,-0.024761877290910818,0.7150608109900085,0.6343096877345841,-0.059571797180684616,0.7088354373792816,0.7133134983647017,-0.059159452359800455,0.7230970969683099,0.7629018769299717,-0.04924291573196431,0.8217535652237222,0.6547988615201188,-0.046278081421600156,0.7475770446090972,0.6762921997865027,-0.06972448542320353,0.7360966439684793,0.7366715134552237,-0.06537257698484916,0.7450239281390825,0.7723962569241949,-0.05545210785172058,0.0,0.0,0.0,0.0,0.0,0.0,0.0,0.0,0.0,0.0,0.0,0.0,0.0,0.0,0.0,0.0,0.0,0.0,0.0,0.0,0.0,0.0,0.0,0.0,0.0,0.0,0.0,0.0,0.0,0.0,0.0,0.0,0.0,0.0,0.0,0.0,0.0,0.0,0.0,0.0,0.0,0.0,0.0,0.0,0.0,0.0,0.0,0.0,0.0,0.0,0.0,0.0,0.0,0.0,0.0,0.0,0.0,0.0,0.0,0.0,0.0,0.0,0.0,0.26883475406534696,0.4388108632526597,0.02524750292792578,0.3210938946748311,0.4426791901725513,0.005963431117829202,0.40640436663240137,0.4351547228770749,-0.00757618971400245,0.46302563137524705,0.4165267910454306,-0.00470285360212329,0.3602433964504014,0.5505024894529602,-0.07080843660630376,0.3649003890099101,0.5661230472817795,-0.033423222757317364,0.35848723902464036,0.5333383479091095,-0.07726649118680141,0.3576357545030583,0.5092233825060913,-0.07455583870818389,0.345312006906382,0.5350140547746278,-0.07413808256992098,0.3724490777310201,0.5318202744622784,-0.07719227783135393,0.32004170238212726,0.6303539432300338,0.027266056014210668,0.43579163306136093,0.6226590175539233,0.009077488934912371,0.3699857492545036,0.6104561807994443,-0.02926200173709746,0.37425936057774617,0.6670727691322502,-0.008221653418216278,0.3064305835082398,0.6343362466060943,0.03063142119748126,0.4498296701884591,0.6198074561898531,0.009643916439442046,no,2025-11-18T07:29:44.899952
0.7996618444036052,0.8687126518399602,-6.733368102704339e-07,0.7341852494857659,0.8234680831701434,-0.004167676582502292,0.6891314700552958,0.7454797719275251,-0.011880307002813666,0.6607807311403884,0.6916884147381617,-0.025176425488242234,0.6233963718086957,0.6556065507858084,-0.03789209522936514,0.7357552437278798,0.6132199977518292,0.010572914109004473,0.6786427079008811,0.5709387428298593,-0.02539959958053361,0.6362503156214185,0.5969139809037788,-0.052845775124589,0.610224845661183,0.6339561026634047,-0.0662852662694034,0.768992346782652,0.6073507896600048,-0.00488449525634909,0.6965811218178584,0.560174221729393,-0.03987757204928126,0.6467423796640803,0.5972344202239344,-0.057867210733633524,0.6197837389361445,0.6384533717297299,-0.06229123508560733,0.7991491549147487,0.6224881901355216,-0.024788996804508735,0.7146534228061004,0.6374483895902534,-0.05922462705697229,0.708410031836232,0.7155240964227989,-0.05882233860141283,0.7228294964078152,0.7644820981043443,-0.0490028253556777,0.8216184098282002,0.6564319114767647,-0.04630224944876948,0.7474939690246719,0.6777052377144488,-0.06938301779132894,0.7360036192159138,0.7377801567997097,-0.06490314661119709,0.7450808992254098,0.7736660790446017,-0.05495570387195385,0.0,0.0,0.0,0.0,0.0,0.0,0.0,0.0,0.0,0.0,0.0,0.0,0.0,0.0,0.0,0.0,0.0,0.0,0.0,0.0,0.0,0.0,0.0,0.0,0.0,0.0,0.0,0.0,0.0,0.0,0.0,0.0,0.0,0.0,0.0,0.0,0.0,0.0,0.0,0.0,0.0,0.0,0.0,0.0,0.0,0.0,0.0,0.0,0.0,0.0,0.0,0.0,0.0,0.0,0.0,0.0,0.0,0.0,0.0,0.0,0.0,0.0,0.0,0.26083337477628005,0.43688200819302603,0.030882170351816514,0.3124028780234126,0.4415586707660547,0.008841170186994731,0.3966041011314091,0.4348199599721678,-0.009234640636706273,0.45424763951059866,0.41623481938707996,-0.009209200090146079,0.34700939878290943,0.5487199775603424,-0.06996620626945094,0.35315049126456044,0.5646888508446404,-0.03338637024508801,0.3451258493173128,0.5315018196092332,-0.07617454192647527,0.34472184785070364,0.5075197720693145,-0.0733016069253791,0.33234420798009223,0.5330599951741029,-0.07256441936199068,0.35900077599567515,0.5301853900502005,-0.07663154657806863,0.31065817981578897,0.6296901780969505,0.02913370482529734,0.425975467528796,0.6221739897683252,0.00481237705159589,0.35655280447496907,0.6094157458486358,-0.029834461919535975,0.36209899581774274,0.6654754857853024,-0.008626658067838931,0.2993034299768143,0.6329734690767441,0.0329710552786923,0.44022818028809246,0.6200960150631578,0.004901539551822975,no,2025-11-18T07:29:45.031209
0.7982666936671041,0.8695755839899721,-6.731765846788877e-07,0.7330338810275967,0.8247495263949471,-0.004362537365191661,0.6882164038871297,0.7459113346713431,-0.01191501296632044,0.66021418735326,0.6918580811846173,-0.02493629838598208,0.6227195436790823,0.6559508059486293,-0.037441208701003446,0.734808762286761,0.6131697403729544,0.010023209769464005,0.6767419069194194,0.571538794375211,-0.0259462522261179,0.6345835916772101,0.5981900629711918,-0.05334518243231346,0.6091924620933631,0.635597749617759,-0.06676115408001229,0.7682844014262992,0.6077774878113409,-0.005379668132342221,0.69488975233616,0.5607602571125603,-0.04037274278182847,0.6452580571168149,0.5978642365554486,-0.05831291731583142,0.6185951728051694,0.6388655043672911,-0.06274057569915094,0.7985298332042158,0.6235189087197994,-0.025209380613641523,0.7136248600350998,0.6383591389956424,-0.05971684264106358,0.7074162101949257,0.7163775658276714,-0.059295444349677595,0.7219605026365858,0.7648335483083062,-0.049486828538849406,0.8208971181888651,0.6581029286425877,-0.04662992888056894,0.7467361920185158,0.6781814741333322,-0.06984060261300112,0.735444298278306,0.738319756124693,-0.06527797832416658,0.744810556881992,0.7738863801957475,-0.05528454189872164,0.0,0.0,0.0,0.0,0.0,0.0,0.0,0.0,0.0,0.0,0.0,0.0,0.0,0.0,0.0,0.0,0.0,0.0,0.0,0.0,0.0,0.0,0.0,0.0,0.0,0.0,0.0,0.0,0.0,0.0,0.0,0.0,0.0,0.0,0.0,0.0,0.0,0.0,0.0,0.0,0.0,0.0,0.0,0.0,0.0,0.0,0.0,0.0,0.0,0.0,0.0,0.0,0.0,0.0,0.0,0.0,0.0,0.0,0.0,0.0,0.0,0.0,0.0,0.2634768893906654,0.43769153410101436,0.02766357731196945,0.3162723947650327,0.44168741095408753,0.007646750287561744,0.4019568315496294,0.4327425476778869,-0.007010836564582547,0.45869768457291865,0.41410316442185724,-0.004735592165903382,0.3560045104447308,0.5477307017757004,-0.07130023927340307,0.3611611745492114,0.5634207970920895,-0.03415477000349207,0.3539967215412858,0.5304416069977623,-0.07753790150885378,0.35297731761069273,0.506361777790715,-0.07453248329562488,0.34082651327940616,0.5322051250933075,-0.07429882697912156,0.36800079235574773,0.528811210659637,-0.07758849514586683,0.3170362527649502,0.6299827733937207,0.02677919220132398,0.43284860043023815,0.6196111564613873,0.007118171319903952,0.3673050378585554,0.6070917428107162,-0.030716837178702047,0.372876661009114,0.6640117158807799,-0.009535408378013265,0.30421953780239486,0.633791822581585,0.03023401137168887,0.4475006541603884,0.6172739501432732,0.007522406996592202,no,2025-11-18T07:29:45.159853
0.7992419822591197,0.8701983511723848,-6.829524670142619e-07,0.7343200968896834,0.8253813073106328,-0.005197164988037687,0.6893691498862986,0.7475609057733241,-0.013344823268912993,0.6603792914000186,0.6941842576676566,-0.026806662097933073,0.622314432016772,0.6581629024974776,-0.0396478603237216,0.7357727981679929,0.6108219974905543,0.00977508888589167,0.6773215278577505,0.5725111903432757,-0.02651925393903437,0.6351529654152499,0.5996828644132998,-0.05454969661612297,0.6090273118648578,0.6370825390354115,-0.06850428290395878,0.769778411154739,0.6056499538704226,-0.005492848191846074,0.6959472141006666,0.5634414541063595,-0.04039859141895703,0.6464076876637084,0.601596368413146,-0.058738491591746926,0.6191439578148619,0.6420418489491637,-0.06368729294744152,0.8002851156625479,0.6226392511032927,-0.025285775923170935,0.7147969430619072,0.6403436112554048,-0.059973742599103874,0.7091468441588185,0.7189343023134787,-0.05968997560949685,0.7236332683623603,0.7672561002974179,-0.050118027971721914,0.8227262874136007,0.6586163635274553,-0.04676132318061421,0.7475199517164265,0.6819167160610355,-0.07038513200308336,0.7361938312108388,0.7419416316023856,-0.06614119164311472,0.7452421066728075,0.7770013201237373,-0.05635006951975534,0.0,0.0,0.0,0.0,0.0,0.0,0.0,0.0,0.0,0.0,0.0,0.0,0.0,0.0,0.0,0.0,0.0,0.0,0.0,0.0,0.0,0.0,0.0,0.0,0.0,0.0,0.0,0.0,0.0,0.0,0.0,0.0,0.0,0.0,0.0,0.0,0.0,0.0,0.0,0.0,0.0,0.0,0.0,0.0,0.0,0.0,0.0,0.0,0.0,0.0,0.0,0.0,0.0,0.0,0.0,0.0,0.0,0.0,0.0,0.0,0.0,0.0,0.0,0.2606071586702854,0.43983496454310667,0.029038178716469132,0.3135174447837539,0.4441323309557883,0.008128148783668444,0.3987216527933999,0.4347108362550201,-0.00794137662305532,0.4565416763061203,0.4152069758113925,-0.006553799551882412,0.35143259372429564,0.5487996129251274,-0.07076811835591693,0.3571160297461099,0.5645544949682402,-0.03387022066947541,0.34943273546069875,0.5316787784096173,-0.07697229450347322,0.3486188113884686,0.5077226734202751,-0.07399398300847682,0.336415500396951,0.5334695678948593,-0.07357610669062584,0.3634073520160773,0.5300521226065824,-0.0771912132852423,0.31322686947787304,0.6315115411730261,0.027420442867789503,0.429576127669686,0.6210093858230856,0.005681580750540903,0.36220319444063787,0.6098411470935294,-0.030625210506734696,0.36837289581026683,0.6661083693463348,-0.008780315883640593,0.30232642284425926,0.6350871415878812,0.031163140440859806,0.44377392932743237,0.6191024003245511,0.006097152367882092,no,2025-11-18T07:29:45.299122
0.7985302916952794,0.8701189667124436,-6.906708125372853e-07,0.7344735228615744,0.8256839953396578,-0.005628358998282125,0.6897691825443151,0.7473045524750562,-0.013931862487327439,0.6609949771685915,0.6937695215550044,-0.02735865686851848,0.6236965848762601,0.6573571913953757,-0.040183839323786115,0.7378558564719206,0.6106663819983746,0.008474100506910798,0.6785739235377162,0.5724566549899057,-0.028240907050491287,0.6362375466171556,0.600234655969162,-0.056103804494832876,0.6104163456277871,0.6382326593168237,-0.06981652680649827,0.7723312579417189,0.605518969788376,-0.00668826412245068,0.6967383544315436,0.56219711836864,-0.04231923503671851,0.6474661350248626,0.6029869382882991,-0.060316109611061874,0.6214812670753844,0.6455877656000701,-0.06457208380801985,0.8029257728772029,0.6229005815338546,-0.026366064865608163,0.7157637390461361,0.6396563673094499,-0.061960363653706524,0.7095655435374628,0.719380679122285,-0.06158764254555882,0.7242617800265934,0.7681128478648497,-0.05151512416528524,0.8250466475729961,0.6594386694441629,-0.047670427916853775,0.7487664727644938,0.6822222482969362,-0.07236126997483498,0.73698729050433,0.7429416183467403,-0.0683328340558389,0.7459398447258692,0.7782723301649418,-0.05831041113877152,0.0,0.0,0.0,0.0,0.0,0.0,0.0,0.0,0.0,0.0,0.0,0.0,0.0,0.0,0.0,0.0,0.0,0.0,0.0,0.0,0.0,0.0,0.0,0.0,0.0,0.0,0.0,0.0,0.0,0.0,0.0,0.0,0.0,0.0,0.0,0.0,0.0,0.0,0.0,0.0,0.0,0.0,0.0,0.0,0.0,0.0,0.0,0.0,0.0,0.0,0.0,0.0,0.0,0.0,0.0,0.0,0.0,0.0,0.0,0.0,0.0,0.0,0.0,0.2559272823380724,0.44071967019117003,0.03295481716313378,0.30639266642645335,0.4454854145356639,0.00974283847060033,0.39078714826082805,0.4360906957802505,-0.010081633096705367,0.4499191885110695,0.4169173722831758,-0.011035892965723111,0.34098881585457186,0.5513226880658046,-0.06981105752500245,0.3478458603654179,0.5669405670718276,-0.03332624049900334,0.3388616138784588,0.5343218656776633,-0.07599124121369072,0.3383484959699988,0.5104442822953884,-0.07310253115396337,0.3261565123768965,0.536052589714489,-0.0721846180971764,0.35279518785362735,0.5327705130645369,-0.07663828234638512,0.3072323157261039,0.6323439041600452,0.029660025769727347,0.4217861438500255,0.623181659101881,0.0028719453782141574,0.35165391054810824,0.6110158756517147,-0.030141381262748165,0.35848577742440524,0.6676745114305984,-0.008309300705881987,0.29694052632348156,0.6366406426800032,0.03388756106539488,0.43619810245916446,0.622040471326216,0.002973045501134189,no,2025-11-18T07:29:45.447031
0.7991923447345111,0.8683069303700768,-6.81333700345132e-07,0.7340209764042369,0.8235692005621323,-0.005842162974617566,0.6883354653623522,0.7450640170174048,-0.013957800082331589,0.6583641024491944,0.6910221313638975,-0.02707238221922571,0.6195578075328871,0.6537884053347576,-0.03954475975169103,0.7372333133487228,0.6082089482165945,0.009038028835807798,0.6780320193517133,0.5715548083604314,-0.02677187744891689,0.6360638662250664,0.5992382309997177,-0.054028109354721965,0.6104508900799763,0.6359590048674573,-0.06756103264100587,0.7710225682866554,0.6034883424114305,-0.005697928330969975,0.694294478529172,0.5610373166039062,-0.03960081032412631,0.6463861823081161,0.6002688440335233,-0.056879103905691536,0.6215540307068054,0.6387841519841476,-0.06131914399913703,0.801570210561984,0.6214928508674827,-0.024989909762749646,0.7143712298555571,0.6369077873267526,-0.059857216610216604,0.7083453056241696,0.7161147904354711,-0.05936463719360918,0.7232252455964876,0.7635681081117309,-0.04961863317751319,0.8237342779757986,0.6583374439483083,-0.045899020611449654,0.7482951535918722,0.6795569366122285,-0.07056202088004712,0.7362551677836744,0.739777296972061,-0.06669966405174033,0.745050486861836,0.7746626433730288,-0.05697550774288106,0.0,0.0,0.0,0.0,0.0,0.0,0.0,0.0,0.0,0.0,0.0,0.0,0.0,0.0,0.0,0.0,0.0,0.0,0.0,0.0,0.0,0.0,0.0,0.0,0.0,0.0,0.0,0.0,0.0,0.0,0.0,0.0,0.0,0.0,0.0,0.0,0.0,0.0,0.0,0.0,0.0,0.0,0.0,0.0,0.0,0.0,0.0,0.0,0.0,0.0,0.0,0.0,0.0,0.0,0.0,0.0,0.0,0.0,0.0,0.0,0.0,0.0,0.0,0.2549113570475228,0.44187996096152127,0.033274077573013386,0.30595087842501867,0.44675798787219445,0.009763761493544918,0.38982584763753225,0.43727415200160596,-0.010519676427429164,0.4485232057629505,0.4179107936903016,-0.01178425403427533,0.33965694955516984,0.5512154645735212,-0.06936610315100525,0.3469161282198565,0.5671894059457343,-0.03328389593421599,0.33747351140223447,0.5341380642055613,-0.07544451856464718,0.336997145419234,0.5103890591870162,-0.0725321905409328,0.3250224667177757,0.5358924593031216,-0.07160829170625918,0.35123156220855956,0.5326734178100394,-0.07616123979670673,0.30715518960705523,0.6333633442633264,0.030393082727619466,0.42144808891948904,0.624532648980338,0.0029228517640531243,0.35030822797150285,0.611980805553137,-0.030104947134360037,0.3575813567870012,0.6697720735062843,-0.0078018157259087135,0.2967602267647605,0.6365244560426842,0.03450100292883277,0.43595408748827974,0.6218046947771827,0.0028150656955422916,no,2025-11-18T07:29:45.639913
0.7964593944894479,0.8682839848135632,-6.759471266037151e-07,0.7323866030473943,0.8222639968627159,-0.005736358570154351,0.687690191949746,0.7437286361255847,-0.013963062651190008,0.6568768547009308,0.6899285482964659,-0.027349605720535193,0.6180326688726447,0.6508486656724447,-0.03984442281789263,0.736082093132949,0.6080203025747126,0.010553392845916032,0.6782217217558585,0.5703223787457217,-0.025228374881625402,0.6366589627698971,0.5984025966209221,-0.052255673653357954,0.611220730551005,0.6359704015197272,-0.06542635449174661,0.769526218444704,0.6031876586114922,-0.0041230798042924035,0.6938510368433977,0.5600160135246551,-0.03697256106385282,0.6467765152453971,0.5980579869276503,-0.05377025565839501,0.6223628589164825,0.6354540495638512,-0.05824648846115547,0.8000243473578658,0.6204788923698528,-0.02352386679977654,0.7134874590478042,0.6359079337138829,-0.057957396350157016,0.7079376338435026,0.7159175729730913,-0.057077673180664035,0.7227845240242875,0.7641683840901214,-0.047233369989511526,0.8225060972036128,0.6566849499347407,-0.04459591308196613,0.7478776998389964,0.6781630966020127,-0.0690701571315843,0.7358681851930304,0.7392212302445296,-0.0650495043672169,0.7440250500734503,0.7752542345225892,-0.05530458949840033,0.0,0.0,0.0,0.0,0.0,0.0,0.0,0.0,0.0,0.0,0.0,0.0,0.0,0.0,0.0,0.0,0.0,0.0,0.0,0.0,0.0,0.0,0.0,0.0,0.0,0.0,0.0,0.0,0.0,0.0,0.0,0.0,0.0,0.0,0.0,0.0,0.0,0.0,0.0,0.0,0.0,0.0,0.0,0.0,0.0,0.0,0.0,0.0,0.0,0.0,0.0,0.0,0.0,0.0,0.0,0.0,0.0,0.0,0.0,0.0,0.0,0.0,0.0,0.2546550750148121,0.44267025742301375,0.03363218565711979,0.3055011025883638,0.44736369735768994,0.009879030322274138,0.3885752990304818,0.4373824268385105,-0.010837335397991163,0.44711687279038026,0.4173121796391495,-0.012428692272511381,0.3377109321531113,0.5525029275325034,-0.06925956444867538,0.3451064770528146,0.5682309620518466,-0.033195530590708955,0.3355054108820483,0.5353130899965337,-0.07534082186147856,0.3350803971314996,0.5113898661737846,-0.07245422460610826,0.32313006010582845,0.5370405180007124,-0.07145711116036531,0.34925335005493285,0.5338087972419643,-0.0761124885349615,0.30581757311697366,0.633894581591731,0.03096096035322967,0.4196111297783099,0.6245338365732226,0.002974893634401271,0.3490612449424012,0.6132686782663757,-0.029859245218090396,0.3562056321021493,0.6695723160500171,-0.007632995186396458,0.29519814028267166,0.6369076457116192,0.03504380481999099,0.4343181369267036,0.6222765646603962,0.0027564480084047694,no,2025-11-18T07:29:45.765247
0.7980944006615482,0.8688694525527318,-6.835832268564267e-07,0.7331940899739382,0.822992166411552,-0.004854410474298319,0.6881638434953198,0.7448026232023339,-0.012632403690235241,0.6573474072431962,0.6920467996399474,-0.025823758697159725,0.61836569251814,0.6549087955742594,-0.0382805202308629,0.7361911913819195,0.6092810913527402,0.011658222546690345,0.6774645543631892,0.5708566825941438,-0.024190439498961085,0.63530191590567,0.5980055516502285,-0.05162748989784406,0.6092568701545003,0.6351433633537051,-0.06505758185388455,0.7696269924792642,0.6044260751324673,-0.003521530064548593,0.6948276077790749,0.5609106010902543,-0.037063995913906356,0.6464881688356197,0.5987688907149543,-0.05431777815688,0.6207957897907302,0.6378555848481487,-0.05871880928141811,0.7998724663520438,0.6214507341602377,-0.02339321078971266,0.7140849296371986,0.636719875336632,-0.05771502874386894,0.7086641072488234,0.7159619557847177,-0.057088450021428094,0.7234803760353523,0.7646524024084488,-0.04732937591439344,0.822053595009506,0.657202251225839,-0.044926642000477655,0.7472171399528387,0.6790775285637627,-0.06889936537595184,0.7356259671006046,0.7398262396931113,-0.06484068067257825,0.7443240873364536,0.7756611629575532,-0.0551050784083007,0.0,0.0,0.0,0.0,0.0,0.0,0.0,0.0,0.0,0.0,0.0,0.0,0.0,0.0,0.0,0.0,0.0,0.0,0.0,0.0,0.0,0.0,0.0,0.0,0.0,0.0,0.0,0.0,0.0,0.0,0.0,0.0,0.0,0.0,0.0,0.0,0.0,0.0,0.0,0.0,0.0,0.0,0.0,0.0,0.0,0.0,0.0,0.0,0.0,0.0,0.0,0.0,0.0,0.0,0.0,0.0,0.0,0.0,0.0,0.0,0.0,0.0,0.0,0.24989750829397755,0.4426837720144243,0.03642686473791601,0.2995955492962342,0.44699312392260415,0.011160862649599994,0.3816038436919148,0.4374514505169954,-0.012104839681432954,0.44106396591808594,0.4172581010233406,-0.01526410352001948,0.32942345006150286,0.5536270426465617,-0.0689412071651622,0.3377081277523671,0.5690574821302782,-0.033030857129541985,0.3270831628899835,0.5364038747101809,-0.07500912225209319,0.32685998678329437,0.5123522652688228,-0.07215773839739541,0.3148670439269682,0.5381153455749106,-0.07085113640646515,0.3409238276659018,0.534841880024333,-0.0760710883274249,0.3005102420085448,0.634022662538114,0.032795173135804254,0.4146643298952203,0.6244048498719232,0.0013196380161484748,0.3414436252006165,0.6132372045907226,-0.029448364127304248,0.34917172283513226,0.6696540526745142,-0.0076786911459754,0.290307580301782,0.6364351851986441,0.03708990798672527,0.4290409295540119,0.6222837667776773,0.0008046443747848759,no,2025-11-18T07:29:45.898733
0.7978109463539522,0.8696681702518145,-6.762850916772005e-07,0.7323202376787721,0.825153092807369,-0.004660125615595739,0.6878515316757909,0.7476753439555218,-0.012304103085704855,0.6593274902808388,0.6941611957451141,-0.025441997575584865,0.6208031115045076,0.6583518482342122,-0.03794109803454747,0.7332655082676351,0.6119884691935973,0.011570505863931596,0.6752576577930143,0.5727136394061265,-0.02431345946666604,0.63352979625354,0.6000593396793318,-0.05181441044968211,0.6080723437686564,0.6374338089809297,-0.06526116961837714,0.7671552983598409,0.6063099747457991,-0.0037195107968427447,0.6930366116307026,0.5619559976810524,-0.0378012501529075,0.6447646811604398,0.5995828215362187,-0.05558510040575437,0.6188989894750618,0.6391862906159078,-0.060111338915740144,0.7978182178867153,0.6223031342138317,-0.023612175519840118,0.7131105395218158,0.6387791895871087,-0.057890404125514563,0.707749152146598,0.7176558190579014,-0.05753068088336896,0.7222519976051548,0.7660182869471748,-0.04784323015394736,0.8204616226867141,0.6571864224821975,-0.045168509021302636,0.7462180660930575,0.6792302542168026,-0.06846925348565773,0.7349616213219088,0.7399535067617626,-0.0640969196030757,0.7438052292837664,0.7756998501345536,-0.05420652376571289,0.0,0.0,0.0,0.0,0.0,0.0,0.0,0.0,0.0,0.0,0.0,0.0,0.0,0.0,0.0,0.0,0.0,0.0,0.0,0.0,0.0,0.0,0.0,0.0,0.0,0.0,0.0,0.0,0.0,0.0,0.0,0.0,0.0,0.0,0.0,0.0,0.0,0.0,0.0,0.0,0.0,0.0,0.0,0.0,0.0,0.0,0.0,0.0,0.0,0.0,0.0,0.0,0.0,0.0,0.0,0.0,0.0,0.0,0.0,0.0,0.0,0.0,0.0,0.25941778643458646,0.4403744865292535,0.0306344023841858,0.3097065610641709,0.4447769877482741,0.008594059394111377,0.3942812714591471,0.4341231577049775,-0.009582711215489264,0.45177900570703644,0.41427912678177375,-0.009672040518052195,0.3460169993980839,0.551193311152535,-0.07025403973193985,0.35257338596156407,0.5663495747481531,-0.03360833822868663,0.34381593387628906,0.5339001020565523,-0.07647545623760742,0.3430883914238356,0.5096788889916044,-0.07366218308104863,0.3310640277637313,0.5357224460132396,-0.0728749280970314,0.3578057049601558,0.532072715372274,-0.07695845753622908,0.31138078094689936,0.6316894638030841,0.030725998348199883,0.4278725692673733,0.6198567163273343,0.005931271952799989,0.3596035078708466,0.6082029652790649,-0.029570614086402502,0.3660230611293658,0.6647317614256054,-0.008209335541824007,0.2994092697250945,0.6340015403055446,0.03430852361659452,0.44227286720181824,0.6168873658336018,0.005736610534904921,no,2025-11-18T07:29:46.035925
0.7973952166481217,0.8705801588487466,-6.727936508880885e-07,0.7324804308625489,0.8264285227983379,-0.004540708045735439,0.6881936407940265,0.7488679511373069,-0.012069996488247421,0.6602493738883595,0.6947802996585983,-0.02509281732282232,0.621982660746074,0.6599431384153545,-0.037442132741295646,0.7323000674711436,0.6138438504091003,0.011501902281744688,0.6756377691163863,0.5730152855653374,-0.024411606749281316,0.634258247440506,0.6007389174287772,-0.051959570304363184,0.6093116121003926,0.6387678891115128,-0.06541478601396533,0.7660611613430827,0.6077197316069847,-0.00370822442108282,0.6936871090303782,0.5623033093091999,-0.037638626661460464,0.6454411841928909,0.5997803362251101,-0.055315464314491414,0.6195439108790409,0.6401515442699748,-0.059810919077354016,0.7967939844793226,0.6231398016268743,-0.02351876646805614,0.7133967743347299,0.6400573980810604,-0.05738397320631292,0.7076098739916187,0.7185866144296923,-0.05700437269530749,0.7217400899604907,0.7671616750974277,-0.04744383190365101,0.8198131878234596,0.6575871873572792,-0.04503021075571605,0.7464366757257432,0.6804386880615416,-0.06785798684023717,0.7347418329902848,0.7414517048865423,-0.06345621839509712,0.7430795727259896,0.7775689344666908,-0.05369830117602642,0.0,0.0,0.0,0.0,0.0,0.0,0.0,0.0,0.0,0.0,0.0,0.0,0.0,0.0,0.0,0.0,0.0,0.0,0.0,0.0,0.0,0.0,0.0,0.0,0.0,0.0,0.0,0.0,0.0,0.0,0.0,0.0,0.0,0.0,0.0,0.0,0.0,0.0,0.0,0.0,0.0,0.0,0.0,0.0,0.0,0.0,0.0,0.0,0.0,0.0,0.0,0.0,0.0,0.0,0.0,0.0,0.0,0.0,0.0,0.0,0.0,0.0,0.0,0.26687613836690566,0.43860037271351743,0.02625458086521626,0.31915729855271535,0.4419098375821754,0.00685270363902556,0.40386347639634446,0.431562274319484,-0.00704494785488802,0.46054248401558945,0.41148875338760627,-0.004495166208434509,0.35949322398226036,0.5489519905734446,-0.07053348643944671,0.36463698304082537,0.564009492011604,-0.03365193791281381,0.3573790397311514,0.5315806667394882,-0.07678254687776825,0.3561690613630485,0.507216954566603,-0.07391007562226946,0.34426406632727735,0.5335403440240758,-0.07364241509641303,0.37138575607981694,0.5295730493517864,-0.07678170621729324,0.32138055921181485,0.630045103405372,0.027357606920701046,0.437298849674275,0.6165746158025984,0.008463623358513929,0.37246154921969454,0.6053844547369294,-0.02967547956199102,0.37831443421687405,0.6621896428912237,-0.009429570249517513,0.3075075742775253,0.6329675849091657,0.03052149374355994,0.45146801841211975,0.6135636742192911,0.008731809751748306,no,2025-11-18T07:29:46.163924
0.7985272642097573,0.8713964334225575,-6.819249186925481e-07,0.7332974196777955,0.8264801453217459,-0.0040234041583162945,0.6899763453432259,0.7495623043688548,-0.0116756875277331,0.6630316185828974,0.6959771263574669,-0.02501354340534007,0.6256872846958519,0.6604522341761678,-0.03774999822680322,0.7352585616343603,0.6157579978878844,0.011420462995520934,0.677991175360195,0.574326938904266,-0.024988985228233056,0.635718960079277,0.6015272312554347,-0.052960634135111775,0.6097684361790567,0.6402790501561135,-0.06662127359360681,0.768610554130785,0.6094462336490276,-0.004108321458890481,0.6959329087918462,0.5637005888758677,-0.038434579802831444,0.6467256296426033,0.6008134857833771,-0.056287392763629984,0.6199225489587312,0.6417986968443075,-0.060936930284478934,0.7990152175757361,0.6246442511704928,-0.024205398375932424,0.715298914215476,0.6397567456961851,-0.05818801748515738,0.7103959828522852,0.7184353722630639,-0.05754681449096429,0.7251277680732782,0.7673208752283861,-0.047897110975242976,0.8217456022430286,0.658847459588216,-0.045959374230330335,0.7478112083367333,0.6808901382793517,-0.06871891699861933,0.7370681892726998,0.7411692263618045,-0.06402421914213055,0.7463143317941319,0.7765445997845386,-0.05413908318171648,0.0,0.0,0.0,0.0,0.0,0.0,0.0,0.0,0.0,0.0,0.0,0.0,0.0,0.0,0.0,0.0,0.0,0.0,0.0,0.0,0.0,0.0,0.0,0.0,0.0,0.0,0.0,0.0,0.0,0.0,0.0,0.0,0.0,0.0,0.0,0.0,0.0,0.0,0.0,0.0,0.0,0.0,0.0,0.0,0.0,0.0,0.0,0.0,0.0,0.0,0.0,0.0,0.0,0.0,0.0,0.0,0.0,0.0,0.0,0.0,0.0,0.0,0.0,0.2683100884743769,0.43673307271883455,0.026013333139276507,0.3199305217205105,0.44013764851215703,0.0067258419025217845,0.40501941078938164,0.43007551114884723,-0.006876127170255571,0.46202789936977895,0.4111023455010236,-0.004065084137873554,0.360266297140323,0.5466908550107671,-0.07068128994785751,0.3652335532326777,0.5621889851548956,-0.033757083674724894,0.35831386874443616,0.5293615361247185,-0.07690507543082367,0.35727400407210347,0.5051251174696113,-0.07395573864254801,0.3451295823398548,0.5312396167637774,-0.07379339128238506,0.3723080172858954,0.5275507103429311,-0.07686153486538147,0.32125654995731734,0.628448152231403,0.026472190746715557,0.4366319554310096,0.6160694214533927,0.007999342811582495,0.3717734474823906,0.604222141509166,-0.03017814995393481,0.3773386472098317,0.6607513925954379,-0.008985229748884714,0.30777695760995405,0.6317450074261253,0.029787325469504407,0.45099402850842807,0.6140981403628194,0.008481587902485958,no,2025-11-18T07:29:46.301935
0.797886115119939,0.8700951989042719,-6.5710949678426e-07,0.7331010163479157,0.8241193270019984,-0.004904994657095393,0.6887228542779057,0.7459107841805822,-0.01301578619632972,0.6583461666046049,0.6922694915520702,-0.02658332871308225,0.6193851746259869,0.6524769601361796,-0.039504336170872886,0.7367399544831805,0.6147592346159393,0.010858906324829512,0.6802523849937877,0.573107722658386,-0.02521403347089515,0.6370390447540702,0.5958553936676496,-0.052829034578256114,0.6092103351282552,0.6288475669844136,-0.06652847669348233,0.7696037973920069,0.6090130240415396,-0.0043509656455588555,0.6962193170878024,0.5633922677903661,-0.03934066548113049,0.6453029686585057,0.599311698278804,-0.05726894353247455,0.6171616466984513,0.6377711405001719,-0.06179350739001169,0.7995374170707202,0.6250379540039781,-0.024155078736515866,0.7138309296476397,0.6409595045447936,-0.058725092573769754,0.7078202024056043,0.7186211771517346,-0.05792631840189809,0.7225771007705716,0.7659296412770653,-0.04785166462086505,0.8215038915241175,0.6599535983968607,-0.04563110429606097,0.7469301572288982,0.6826117909605072,-0.0687146332493993,0.7359014218496372,0.7414098144538668,-0.06415889870461401,0.74592962111252,0.7754092360800134,-0.05416525431220605,0.0,0.0,0.0,0.0,0.0,0.0,0.0,0.0,0.0,0.0,0.0,0.0,0.0,0.0,0.0,0.0,0.0,0.0,0.0,0.0,0.0,0.0,0.0,0.0,0.0,0.0,0.0,0.0,0.0,0.0,0.0,0.0,0.0,0.0,0.0,0.0,0.0,0.0,0.0,0.0,0.0,0.0,0.0,0.0,0.0,0.0,0.0,0.0,0.0,0.0,0.0,0.0,0.0,0.0,0.0,0.0,0.0,0.0,0.0,0.0,0.0,0.0,0.0,0.2700934800301114,0.4360865979000209,0.02641760361068249,0.32160042130642225,0.4394637018090647,0.007363830112083522,0.40656300303358395,0.42927639922066385,-0.005784225105236366,0.4633887668178393,0.41047980930141514,-0.002632096634206277,0.3621115977955872,0.5449566411894655,-0.07117985244434577,0.3669607851812879,0.560546280049219,-0.03428660919788281,0.3601264110720472,0.5275987933175625,-0.07730206286904877,0.3589631509036588,0.5033783973101689,-0.07415767093436643,0.3468623027475336,0.5295179128111337,-0.07423026233664426,0.3741402186315418,0.5257676308863398,-0.07720034413123238,0.3234487482919903,0.6276432691451053,0.02530514187070275,0.43841614212895696,0.6148867534017146,0.007412159089608992,0.37540606950154076,0.602461766603048,-0.031038544036673138,0.3807741400416834,0.6585921298228044,-0.010286824768235225,0.3089728354705883,0.6310972704443248,0.02857846076679757,0.4525026151834743,0.6128291233201426,0.00793048141749185,no,2025-11-18T07:29:46.497087
0.7977276354064966,0.8622132865363339,-3.560845970151058e-07,0.7342985302534256,0.8194317805435407,-0.005760193760422925,0.6857849982487245,0.7403824431576433,-0.013194053904731336,0.6480684828727675,0.6918419834965246,-0.026193880411040274,0.6039985079138845,0.6600667803057454,-0.03903213607893429,0.7288098142205026,0.6160682579024521,0.010383085759294954,0.6777450799213629,0.5688562707396697,-0.019005404454393318,0.6394762293777676,0.5631409777500388,-0.04218471979173635,0.6102782899701334,0.5633924592248194,-0.055617541034147705,0.7625680906553846,0.6076841965662867,-0.005418612057540427,0.6947775443242357,0.5545576444103961,-0.03756299890162558,0.6448343780823046,0.5592172686264015,-0.05573487462807085,0.611095912861097,0.5657922232966939,-0.061958386253709266,0.795338778086828,0.6213963557041527,-0.02517725541322034,0.7118504552298562,0.6329016105830962,-0.06140932255179081,0.7048270530975622,0.7125237498059546,-0.060908641097349496,0.7162776320064559,0.7628706703337383,-0.050223330804819194,0.8198961088937726,0.6547136923754628,-0.046550211104558196,0.746036964200234,0.6775907415476822,-0.07167231274801356,0.7341845664107347,0.7390376508716477,-0.0670990929570624,0.7429379038275155,0.7778064680728132,-0.05688944783183373,0.0,0.0,0.0,0.0,0.0,0.0,0.0,0.0,0.0,0.0,0.0,0.0,0.0,0.0,0.0,0.0,0.0,0.0,0.0,0.0,0.0,0.0,0.0,0.0,0.0,0.0,0.0,0.0,0.0,0.0,0.0,0.0,0.0,0.0,0.0,0.0,0.0,0.0,0.0,0.0,0.0,0.0,0.0,0.0,0.0,0.0,0.0,0.0,0.0,0.0,0.0,0.0,0.0,0.0,0.0,0.0,0.0,0.0,0.0,0.0,0.0,0.0,0.0,0.27013285919001295,0.43530132018547646,0.025919862970077992,0.32205118936147836,0.4380629792633733,0.007438173459924145,0.40732596276709715,0.4276552758642229,-0.004713573919107712,0.4632922390960611,0.4089529640760616,-0.0008937400083322584,0.36367365695004733,0.5430118823012757,-0.07199577642401805,0.36812488307106694,0.558604717802472,-0.03487717839838465,0.3617144848662772,0.5256664728173048,-0.07808347138761315,0.3604372834787154,0.5014938444318331,-0.07478863040574751,0.3483157389000882,0.5275946676463352,-0.07511195972438292,0.3757699061116159,0.523794356262338,-0.0778544723619228,0.3237549816079245,0.6263435988841524,0.024191552395386222,0.4386400376076761,0.6131873690295011,0.00768355150737564,0.37641587006266003,0.6005314347160138,-0.03183258086826733,0.3815564511625043,0.657696170149363,-0.01107117207246519,0.30883313711948757,0.6296752757804052,0.027367749526562943,0.45319918142253246,0.6110085419724187,0.008323816853769032,no,2025-11-18T07:29:46.745555
0.7968402757759107,0.8568120165553679,-1.6701829635197327e-07,0.73454117925597,0.8154985600544089,-0.008577327688648334,0.6839634491556428,0.7361506274778695,-0.016947828003028662,0.6428934609874701,0.6897000788149127,-0.03036450451714371,0.5967056581660792,0.6615341588143717,-0.0436040037255786,0.7230058811931981,0.6147354910842522,0.005705305057081295,0.6750938176744571,0.5635752536998366,-0.020968825390896763,0.6402300246696577,0.5421251005579113,-0.042036623681945676,0.6115694251936543,0.5236513609047528,-0.055512696484290344,0.7589074841628363,0.6040603824132398,-0.009356607866572147,0.6949599961363457,0.5469961579061868,-0.040464227532754395,0.6478643609676507,0.5344011159740436,-0.058651630740406045,0.6125320829983891,0.5228523117711802,-0.06598549274176094,0.7940611682277554,0.6165206098932445,-0.027982669952653853,0.7121272339549549,0.6256275781244186,-0.06566932332113581,0.7041216704982898,0.7071831183321613,-0.06461546355356901,0.7133225663942344,0.7593492870406484,-0.053205958952066465,0.8199094270607932,0.6498969803792445,-0.04831400168081437,0.7459702578893779,0.6734144756360543,-0.07485100991108945,0.7335460202258599,0.735024401569552,-0.07004481854870065,0.741560181590958,0.7742503321485129,-0.05962860187576431,0.0,0.0,0.0,0.0,0.0,0.0,0.0,0.0,0.0,0.0,0.0,0.0,0.0,0.0,0.0,0.0,0.0,0.0,0.0,0.0,0.0,0.0,0.0,0.0,0.0,0.0,0.0,0.0,0.0,0.0,0.0,0.0,0.0,0.0,0.0,0.0,0.0,0.0,0.0,0.0,0.0,0.0,0.0,0.0,0.0,0.0,0.0,0.0,0.0,0.0,0.0,0.0,0.0,0.0,0.0,0.0,0.0,0.0,0.0,0.0,0.0,0.0,0.0,0.2631143131055961,0.43264680426826774,0.029489437557440996,0.3143819232873447,0.43470176233962576,0.009486249153542958,0.399124105565296,0.42430206944685145,-0.005061765647242564,0.4560955454837758,0.40663481390906353,-0.002665520425293806,0.3542441426563515,0.5383041393737519,-0.0725318697736698,0.3592006170230518,0.5545039477703309,-0.03557120875895719,0.3523028356710155,0.5209734129433051,-0.07850347132980244,0.3512675511650932,0.4971392318815965,-0.0749938191968618,0.33904079758305494,0.5228977113828295,-0.07525126852033355,0.3662745023111791,0.5193243639050185,-0.07852314559763697,0.3146852033588939,0.6233604505269761,0.025086838563165428,0.4298486309406789,0.6110834163033858,0.005403095791268847,0.3633780288061256,0.5968356011814017,-0.03286211446119513,0.36907538763722136,0.6552929195454305,-0.01203500781902421,0.3010675981465358,0.6262344453223773,0.02848749109330905,0.44606310301271124,0.6091758694206576,0.0057727726135439715,no,2025-11-18T07:29:46.881072
0.7952764160690313,0.8574981770856673,-1.0381755379982337e-07,0.7336353369138279,0.8161135163820323,-0.008911621979183968,0.6824737048920761,0.7360216404715703,-0.01775217417292775,0.6404934364549625,0.6905773936955575,-0.03160231302729534,0.5934698794923566,0.6640005550923055,-0.045589764832521584,0.7220767390146441,0.615868244075375,0.003260358717975623,0.6744131088074738,0.5632005263440895,-0.022284653420727236,0.640848082708364,0.5342414948666632,-0.042788472486219344,0.612099628015452,0.5066799518642722,-0.05658281779764234,0.7591598566119815,0.6050440523859717,-0.012017054575079086,0.6959131648104977,0.5464141873229207,-0.04280464978784822,0.649638960440643,0.5257194028299326,-0.061245749225736626,0.6134480554876894,0.5057843676413427,-0.0693902183948444,0.7951070289781508,0.6172419917771429,-0.030507767142426475,0.711652559743667,0.6242750589177086,-0.06889230525292554,0.7021980391809534,0.7067781069222757,-0.06745254886085852,0.7100385062119488,0.7604807617702174,-0.05571530545729258,0.8216239082287303,0.6506319647303327,-0.05062949484656411,0.7457459910567342,0.6720914577028996,-0.07753072116066481,0.732282043316055,0.7348734781266186,-0.07200850324250332,0.7398926122054674,0.7757913786330028,-0.061115285260906906,0.0,0.0,0.0,0.0,0.0,0.0,0.0,0.0,0.0,0.0,0.0,0.0,0.0,0.0,0.0,0.0,0.0,0.0,0.0,0.0,0.0,0.0,0.0,0.0,0.0,0.0,0.0,0.0,0.0,0.0,0.0,0.0,0.0,0.0,0.0,0.0,0.0,0.0,0.0,0.0,0.0,0.0,0.0,0.0,0.0,0.0,0.0,0.0,0.0,0.0,0.0,0.0,0.0,0.0,0.0,0.0,0.0,0.0,0.0,0.0,0.0,0.0,0.0,0.25310283642006565,0.4278740700160995,0.04029116708396971,0.3018887917246584,0.4301542896733453,0.015777352484429102,0.38437224417554655,0.4208358963834294,-0.006548793743704805,0.44200932929572856,0.40278396326518545,-0.009243317303883017,0.33138331765176127,0.5309986418475967,-0.0707251309179285,0.33891757843282866,0.5484388919054138,-0.035668575472537184,0.32929592643574274,0.5136298084022708,-0.07612319499998996,0.3293324881699031,0.49034176097368093,-0.07219728092344692,0.31703752857038947,0.5155534401469049,-0.0720254230868708,0.3430743497779116,0.5124319799928992,-0.07706606089147938,0.30025947477686665,0.6186173833712456,0.02719876440111864,0.4128846475063578,0.6089253267449088,-0.0026401263055560484,0.3424403720776615,0.5919162868711421,-0.03411249943173511,0.3490705489716945,0.6504770772005412,-0.015048760570331159,0.28792751207070444,0.6208690868560587,0.031242217238859,0.4286413648389133,0.607620958782976,-0.003236496171167143,no,2025-11-18T07:29:47.025055
0.7955688301353457,0.8581105511359123,-8.284680592745018e-08,0.7334953401278277,0.8169504030007391,-0.009428077488545088,0.6818462539105004,0.7362798465152346,-0.017952856550181813,0.6386482337113375,0.6913937657698216,-0.03140316122795784,0.5907241808693777,0.6659194450647685,-0.045020491465461804,0.7216354733414743,0.616425292444029,0.0036453411526668105,0.673524183025792,0.5646340513762378,-0.02048580740167736,0.6403700919981029,0.5322450088125735,-0.04033228591714379,0.6113279364328054,0.4999077169685512,-0.05435020755468875,0.7585082022222353,0.6052140818951953,-0.011362107982185187,0.6953268195172941,0.5482101692611308,-0.04120658465609204,0.6489930200972593,0.5241054289540288,-0.05946374241536904,0.6119281212001131,0.49986510233110837,-0.06814146957687967,0.7940701356018989,0.6173668867443607,-0.029598702461307996,0.710935315840614,0.6236978026293255,-0.06750700878996452,0.7019945138131176,0.706809132215563,-0.06577803140846424,0.7098144110153677,0.7608380914945447,-0.054229390670745864,0.8199786776041265,0.6507835092778556,-0.049594893187632945,0.7444924584952861,0.6729422973882082,-0.07636700289095176,0.7318294946442487,0.7358917914391028,-0.07103609555173453,0.7400867096118737,0.776606813975086,-0.06059216422509704,0.0,0.0,0.0,0.0,0.0,0.0,0.0,0.0,0.0,0.0,0.0,0.0,0.0,0.0,0.0,0.0,0.0,0.0,0.0,0.0,0.0,0.0,0.0,0.0,0.0,0.0,0.0,0.0,0.0,0.0,0.0,0.0,0.0,0.0,0.0,0.0,0.0,0.0,0.0,0.0,0.0,0.0,0.0,0.0,0.0,0.0,0.0,0.0,0.0,0.0,0.0,0.0,0.0,0.0,0.0,0.0,0.0,0.0,0.0,0.0,0.0,0.0,0.0,0.24668590595817888,0.4259628264146812,0.04610324242889434,0.29446148773263714,0.4274948069803799,0.019344445892852655,0.3753329564612474,0.41854835254485645,-0.006906304387080197,0.43351313446788686,0.40100412228811033,-0.012169531258606404,0.3185795545291964,0.5259420844907692,-0.06957465925927056,0.3272466039527806,0.5444605574696595,-0.035566835332365584,0.3164303268710543,0.5085136961818788,-0.07463798031583284,0.3170138385845396,0.4855024408601467,-0.07042930280164922,0.3046554355898975,0.5104934997823147,-0.07010890411197597,0.3301048269952409,0.507558256794469,-0.07604434564249224,0.2909216601961268,0.6158677179269253,0.02720266529293889,0.40224559349709826,0.6077095489105556,-0.007672110123056049,0.3303873267611055,0.588965785466287,-0.03491025481421045,0.33719688651969126,0.6475895472539113,-0.017118075687310965,0.28010478801586675,0.6188641422363179,0.03171759067282859,0.4173230607639925,0.6077172181495751,-0.008627744997943762,no,2025-11-18T07:29:47.160099
0.7948094638004304,0.857351483949609,-5.967782493773171e-08,0.7335013972615609,0.8163069895634188,-0.00985421897813852,0.6818236971094402,0.7362394935319703,-0.018791887414736006,0.6382738460598466,0.6917575165442735,-0.03255592641247135,0.5900421493908351,0.6662473788396047,-0.046453116751975096,0.7215177181217717,0.6158928954361869,0.002757608603391202,0.6733132809355034,0.5636468065051508,-0.02122587627060234,0.6400189803061498,0.5292920910647645,-0.040802343863418085,0.6106260370125605,0.4951022490158155,-0.05467845266431108,0.7585595830218232,0.6045780592619592,-0.012027571233583839,0.6952554357539016,0.5474614031043813,-0.0420201240896446,0.6489732885558623,0.5217342075209139,-0.060310488214224814,0.6116483886792802,0.4961470899781915,-0.06889299761202153,0.79418272328801,0.6166571560549043,-0.029965673000010726,0.710876296636051,0.6241138802003134,-0.06795355805704395,0.701648163469364,0.7072102571115809,-0.06624674397690858,0.7091728059505702,0.7615611851820868,-0.05455136711393262,0.8199770268666384,0.649890795480984,-0.04967370027321119,0.7445127006335989,0.6733476304655732,-0.0764503166906274,0.7320639344101371,0.7353642445087665,-0.07114750650131968,0.7404750164117718,0.7755186934808445,-0.06061871020829456,0.0,0.0,0.0,0.0,0.0,0.0,0.0,0.0,0.0,0.0,0.0,0.0,0.0,0.0,0.0,0.0,0.0,0.0,0.0,0.0,0.0,0.0,0.0,0.0,0.0,0.0,0.0,0.0,0.0,0.0,0.0,0.0,0.0,0.0,0.0,0.0,0.0,0.0,0.0,0.0,0.0,0.0,0.0,0.0,0.0,0.0,0.0,0.0,0.0,0.0,0.0,0.0,0.0,0.0,0.0,0.0,0.0,0.0,0.0,0.0,0.0,0.0,0.0,0.24376502568769615,0.42555893500833547,0.04912500996976867,0.290148898463601,0.42751405285561506,0.020954423871478493,0.3695182824870629,0.41863826266196985,-0.007682737368011238,0.42790643858327815,0.4006106339847458,-0.014521633596551165,0.3119510710096391,0.5247455225882496,-0.0686632569586987,0.3213620769912676,0.5436459593817261,-0.03526687931440858,0.30969309636551984,0.5073705947340058,-0.07356899284012544,0.3104682309902297,0.48463786598556957,-0.06928525867559535,0.29829400922256105,0.5094487879408552,-0.06878815897732701,0.3231951291901406,0.50644065460039,-0.07526274136968705,0.28705532944765755,0.6154629507984846,0.027901638974110455,0.39649855217781704,0.6075869014064954,-0.01007530210421377,0.32408821716110847,0.5884220957570541,-0.03499208422401692,0.33149057625735845,0.6479106162077509,-0.017506427043985265,0.27695356402326843,0.6185568388984629,0.03265372275464626,0.41174364484008036,0.6074622582141919,-0.011301675648940267,no,2025-11-18T07:29:47.285927
0.7944934681959153,0.8571857522172667,-8.166824440623557e-08,0.7341408544230168,0.816384574360109,-0.009594241650626934,0.682682348499407,0.7356585863446137,-0.017933725132188424,0.6397244686632393,0.6910670779552117,-0.031085372813109663,0.5920479175279829,0.6653577442236507,-0.04438490714493706,0.722438442848804,0.6163580459236598,0.0035061101390437043,0.6733219131804592,0.564485794915173,-0.019964229829048212,0.6397126518695361,0.530175856914676,-0.03925530012854456,0.6098110651428617,0.49585705619526277,-0.05305079254194863,0.7591323546536881,0.6050477829306927,-0.011218992655462699,0.6951860374455848,0.5480078521831415,-0.040622929429971304,0.6485738170245895,0.522566482250905,-0.05863174685345602,0.6107068995512794,0.497319158802496,-0.06716088807059435,0.7944752601406329,0.6169635446393144,-0.029104390360610126,0.7113807552439899,0.6234570853924388,-0.06654676113997599,0.7030322788515337,0.7051925730996289,-0.0648846271037249,0.710769425235951,0.7589335590903721,-0.05343261753516627,0.8202284781569062,0.6496424750148145,-0.048784016415563916,0.7454528627775081,0.6729033481898636,-0.07527871359548155,0.7333034799518794,0.7340478828191873,-0.07019805414778127,0.741419890312667,0.7738602647950029,-0.05996908082979807,0.0,0.0,0.0,0.0,0.0,0.0,0.0,0.0,0.0,0.0,0.0,0.0,0.0,0.0,0.0,0.0,0.0,0.0,0.0,0.0,0.0,0.0,0.0,0.0,0.0,0.0,0.0,0.0,0.0,0.0,0.0,0.0,0.0,0.0,0.0,0.0,0.0,0.0,0.0,0.0,0.0,0.0,0.0,0.0,0.0,0.0,0.0,0.0,0.0,0.0,0.0,0.0,0.0,0.0,0.0,0.0,0.0,0.0,0.0,0.0,0.0,0.0,0.0,0.24422179130339702,0.4273342243839743,0.04911092380478867,0.29059242432373467,0.42924382113796683,0.02041998659662458,0.3692967903981945,0.42065464134647257,-0.008894741737675549,0.42814984166331266,0.4021286111551231,-0.01604977033353435,0.3125330060648934,0.5287441604583246,-0.06916152814804288,0.3222110265460946,0.5471565928481354,-0.035306231734268806,0.31016804192761005,0.5113810914725327,-0.07422220733109826,0.31078919984283976,0.4884578931158469,-0.07008163632203153,0.29857260061004454,0.5134815679854727,-0.06936367009296877,0.32382209576877635,0.5102561787787716,-0.07598325293396042,0.28791002232117985,0.618398096130596,0.02972735498317091,0.3975955055229219,0.6105189527174079,-0.00935487042122033,0.3253275907745011,0.5915665507223838,-0.03450923987676276,0.332000806922739,0.6505966888907713,-0.016247649633293816,0.2778939087864221,0.6212929992221807,0.03452488027092264,0.41432327229110344,0.6087043439718267,-0.010673279327130646,no,2025-11-18T07:29:47.443435
0.7933882631812096,0.8575737034401762,-1.7267522734742137e-07,0.7338065412366244,0.8168974323006752,-0.006778163616471428,0.6843194729137965,0.7372818590807388,-0.01422172399915319,0.6445612785592197,0.6911906789941616,-0.027118124488773,0.5987003682469474,0.6627300260100645,-0.04020059628220059,0.7255062402003419,0.6165428480446089,0.007442539136783071,0.6773547880340163,0.564864221519934,-0.017473822716342954,0.6415665846570733,0.5340720674229447,-0.038386375439209336,0.608423380824681,0.5070994179520625,-0.05261050665221993,0.7608905877653817,0.6059590382739706,-0.008608128706607559,0.6966118309023579,0.550336542897601,-0.03923569542465763,0.6467968231489067,0.5306795462096809,-0.058292585802607294,0.6062662770289814,0.513712046985858,-0.06695123690105034,0.7950068725954171,0.6180139080446785,-0.027876554612167894,0.7124861952355966,0.6253430899488744,-0.0647536929174001,0.7060440003056649,0.7046950197365363,-0.06292227369542858,0.715061163108927,0.7569950297626238,-0.051479298720743416,0.8204161926326066,0.6503446437745735,-0.04884067120407407,0.7462874262522642,0.6722572690160439,-0.07450459489803107,0.7355757914991483,0.7322695518851339,-0.06887012845924563,0.7445874704859233,0.7709019725407051,-0.05821793816694562,0.0,0.0,0.0,0.0,0.0,0.0,0.0,0.0,0.0,0.0,0.0,0.0,0.0,0.0,0.0,0.0,0.0,0.0,0.0,0.0,0.0,0.0,0.0,0.0,0.0,0.0,0.0,0.0,0.0,0.0,0.0,0.0,0.0,0.0,0.0,0.0,0.0,0.0,0.0,0.0,0.0,0.0,0.0,0.0,0.0,0.0,0.0,0.0,0.0,0.0,0.0,0.0,0.0,0.0,0.0,0.0,0.0,0.0,0.0,0.0,0.0,0.0,0.0,0.2460728807629351,0.4283781822527171,0.04504158576227669,0.2929475566996023,0.4310765804021667,0.017557359605243072,0.37330247523239957,0.42202343878961507,-0.00970743699810499,0.4321131817683934,0.40459819344072073,-0.01552069265055948,0.3181177154147633,0.5326386686786404,-0.069178593058282,0.3270618316514958,0.5503497822295792,-0.03464250716423638,0.3158749412213734,0.5153860458716881,-0.07455605654092487,0.3162842254707363,0.4922481352004253,-0.07079420611882711,0.3039812598263159,0.5173156314525295,-0.06993538962908022,0.32959664601938266,0.5142445304008146,-0.07607189407514595,0.291405651958205,0.6194841692677668,0.03023917058591052,0.4021502338882462,0.6119246286700291,-0.006155023760797813,0.32883503321359786,0.5941768825007794,-0.033182696518548195,0.3358243480300035,0.6530399077655455,-0.013607237466129397,0.28125840821248593,0.6228217139017093,0.03492995533881806,0.4185763905362683,0.6107468384192477,-0.007126275409373805,no,2025-11-18T07:29:47.570160
0.7940089185016155,0.8601065057079726,-4.1050758809313e-07,0.7328039063376115,0.8175819716320576,-0.005074440275747547,0.6860102894926343,0.7394137085282539,-0.012416966663336065,0.6501824496872484,0.6906945204338941,-0.025373484218509025,0.6065048395800167,0.6566263078467987,-0.03830237201318968,0.7318373889085359,0.6127692322403068,0.010569511236586067,0.6811472054565223,0.5686751322481567,-0.019395830238097683,0.6399116566531063,0.5584806035375984,-0.04411142169537276,0.6047243916853049,0.5551217337982663,-0.05883962911289128,0.7653161806853641,0.6044368646226725,-0.005548767195390333,0.6959951864243845,0.5549542621638274,-0.03767162336557188,0.6451018753672543,0.5582072846156895,-0.056476389712359784,0.6084291423330026,0.5639480940724578,-0.06389597208667076,0.7969313568776188,0.6182157643517765,-0.025523891950074942,0.7121911881710821,0.6301420657092243,-0.06181555629887854,0.7076297908613743,0.7088516521526614,-0.06041735453901659,0.7195531602707416,0.7590369321481576,-0.049563806553674816,0.8205689094571724,0.6518035102799259,-0.04708972172068747,0.7456136449670288,0.6727347496107898,-0.07227965240468875,0.7353359740481429,0.7324975264728099,-0.06709895718421074,0.7447931415806996,0.7697410556120121,-0.05667622346286448,0.0,0.0,0.0,0.0,0.0,0.0,0.0,0.0,0.0,0.0,0.0,0.0,0.0,0.0,0.0,0.0,0.0,0.0,0.0,0.0,0.0,0.0,0.0,0.0,0.0,0.0,0.0,0.0,0.0,0.0,0.0,0.0,0.0,0.0,0.0,0.0,0.0,0.0,0.0,0.0,0.0,0.0,0.0,0.0,0.0,0.0,0.0,0.0,0.0,0.0,0.0,0.0,0.0,0.0,0.0,0.0,0.0,0.0,0.0,0.0,0.0,0.0,0.0,0.2541611007542016,0.430406474868691,0.03717676291812183,0.3036386947459422,0.43435558384503475,0.013132691535706453,0.3870167660805171,0.4250771817456529,-0.008290985882613034,0.4449646081619143,0.40726644648804533,-0.010372115921394495,0.3358315415662531,0.5384210048429365,-0.07028727079376274,0.3432042150191302,0.5551130822902504,-0.03452902325916115,0.3336973225432123,0.521160722225166,-0.07603698789165346,0.33351018333778515,0.4974904742793661,-0.07258866541397822,0.32119552064115475,0.5230155315713727,-0.07206044384393807,0.34765090415307054,0.5197497178123305,-0.07688043187343609,0.303383039430488,0.6224217032309141,0.028430996547063214,0.41762899870853504,0.6134012839471361,-0.0004009185078006159,0.3469536715922268,0.5978416174627005,-0.03229269622129592,0.3533583916711373,0.6556980785489868,-0.011839875474797057,0.2929990460394934,0.6268048114663118,0.032581253888896225,0.43262310375354673,0.6125772484981065,-0.000715540934534453,no,2025-11-18T07:29:47.691064
0.796963934052825,0.8618196436544624,-5.526391891629269e-07,0.7338232225856148,0.8184898595743448,-0.0034728196949978516,0.688324982078089,0.7405465096634495,-0.010093694056215538,0.6553162752929955,0.6904769885342078,-0.022518893343404445,0.6140376239621428,0.6553040265449356,-0.034949898155857265,0.7341082379399094,0.6113274624183711,0.013204117433149563,0.6797218559306994,0.5721394874917236,-0.01854577853244234,0.6373861755307615,0.5785857652831272,-0.04455411918015346,0.6050780934027721,0.5930770705410247,-0.0590119169499536,0.7675202450648958,0.6038372467797201,-0.003025993342432091,0.6970400684357335,0.5598790504468429,-0.03566680549904246,0.6461138577771635,0.5785636361471087,-0.05440945257557744,0.6123450142626622,0.5995784994078261,-0.06092408560896057,0.7984990928026705,0.6180684093575136,-0.02335889651349391,0.7145081280840304,0.6310921772447183,-0.05869312033612865,0.7105501845275195,0.7095977747476716,-0.058323767252256326,0.723870599071528,0.7598714698143895,-0.04851670751968676,0.8214515100970097,0.651341208264963,-0.04515919633769588,0.7461909107613311,0.673620438722555,-0.07026487486953684,0.7360688885800865,0.734531140956284,-0.06617771679324673,0.7456698242312068,0.7721670852324587,-0.056483078542373936,0.0,0.0,0.0,0.0,0.0,0.0,0.0,0.0,0.0,0.0,0.0,0.0,0.0,0.0,0.0,0.0,0.0,0.0,0.0,0.0,0.0,0.0,0.0,0.0,0.0,0.0,0.0,0.0,0.0,0.0,0.0,0.0,0.0,0.0,0.0,0.0,0.0,0.0,0.0,0.0,0.0,0.0,0.0,0.0,0.0,0.0,0.0,0.0,0.0,0.0,0.0,0.0,0.0,0.0,0.0,0.0,0.0,0.0,0.0,0.0,0.0,0.0,0.0,0.2740280385658444,0.4348328827819407,0.022178619972485908,0.328080414763413,0.4367394283704239,0.005270481767868068,0.4131594711588117,0.42548537834936606,-0.00418958389839631,0.46770587097072003,0.4068932873690837,0.0011289726625301104,0.37312988378018164,0.5399254708643851,-0.07051313218943622,0.3768734260644433,0.5562626447084339,-0.033881386935352406,0.3713242280164105,0.5226662161197546,-0.07665585264109537,0.36996370208435125,0.49881959393404035,-0.07363177370435126,0.3581176587351892,0.5247757001080435,-0.074003137839604,0.38507519100819115,0.5208030427001868,-0.076154712191639,0.33043544838612715,0.6251509296355529,0.02281619146958988,0.4446656083821301,0.6122716020184289,0.010113824638612014,0.38184123308348217,0.5984964951861231,-0.030635762281032368,0.38697666115997054,0.656717428404132,-0.010023283533864401,0.3169543529510058,0.629407009834337,0.02569334161415255,0.4587843495089908,0.609727347336364,0.011002825466825772,no,2025-11-18T07:29:47.828203
0.7974714060370326,0.8628068660090549,-6.148874954075557e-07,0.7339713487367314,0.8198765864339009,-0.003882333055944236,0.6889618606126376,0.74166613074153,-0.010901704647959597,0.6575060695083752,0.6896415823599078,-0.02351821661601241,0.6173749223154678,0.6515973865692055,-0.036038636879289716,0.7361967407255547,0.6112458671249418,0.01271182724134075,0.6799733160993524,0.572853587978421,-0.020686019244103078,0.6368913812128753,0.5869737970435717,-0.047569759746646206,0.6056464275683904,0.6098847126100662,-0.06194965324531295,0.7691968660302964,0.6042619919201335,-0.0031365340626402245,0.6969424125194872,0.5619599748617882,-0.03711306154392431,0.6453497336065993,0.5896724490340188,-0.05600797797150073,0.6128498783948351,0.6190606353736213,-0.06198128443551132,0.7996342705415025,0.6189049245884248,-0.02326960496093435,0.7147183477467729,0.632844798968581,-0.058810883241689885,0.7107921816306726,0.7110586208123276,-0.05864640708639714,0.7252041219673283,0.759825789371535,-0.0489454558243337,0.8219533687360201,0.6522607249248704,-0.04486587170791426,0.7464086141311996,0.674387025906535,-0.07019595005807851,0.7363646547373546,0.7355211261078722,-0.06641346883854651,0.7465817542615232,0.7720361345122865,-0.05678719830663123,0.0,0.0,0.0,0.0,0.0,0.0,0.0,0.0,0.0,0.0,0.0,0.0,0.0,0.0,0.0,0.0,0.0,0.0,0.0,0.0,0.0,0.0,0.0,0.0,0.0,0.0,0.0,0.0,0.0,0.0,0.0,0.0,0.0,0.0,0.0,0.0,0.0,0.0,0.0,0.0,0.0,0.0,0.0,0.0,0.0,0.0,0.0,0.0,0.0,0.0,0.0,0.0,0.0,0.0,0.0,0.0,0.0,0.0,0.0,0.0,0.0,0.0,0.0,0.2887873975359053,0.43634357149408165,0.011025967070860718,0.3459380115227511,0.43669492678305893,-0.000530937590268718,0.43135844737521273,0.4242448388758015,-0.0011813665422914011,0.4833356565756768,0.40576607200924125,0.009533623776357256,0.4000892536710204,0.5407798662362544,-0.07057738451894296,0.4010913036389111,0.5566099745930628,-0.03349079480749325,0.3985724383433035,0.5236283839864673,-0.07696732274960957,0.39634707397308383,0.49967181898545276,-0.07423469564023677,0.38490634602351653,0.5259130976278743,-0.07529574269690542,0.41204084920244455,0.52138942899818,-0.07546947690418246,0.3493632194885882,0.6258745246856353,0.01891883744173249,0.463002799737406,0.6101192807474499,0.018080088549796217,0.40707408920371313,0.5973262481385633,-0.029294916089282416,0.41058872733234275,0.65484667263331,-0.008328115448411893,0.33396964197156614,0.6292612658710717,0.020778077416790306,0.4775991031268785,0.6054577054789425,0.019791652395344878,no,2025-11-18T07:29:47.955342
0.7973470101626814,0.8636610554849199,-6.524818506817016e-07,0.7338458256592593,0.8203692014200754,-0.0037705505391885798,0.6889507159966264,0.7414035759966042,-0.010631258242488567,0.6584468886093207,0.6883418497393716,-0.023044499944199003,0.6193739004334755,0.6493859618755299,-0.035353882097286266,0.736912421514053,0.6110326630432144,0.012844465937693651,0.6798797606955502,0.57297436540988,-0.0213798741039179,0.6362142345651016,0.5905947440666008,-0.048745299036430975,0.6050795595330966,0.6174096929596962,-0.06310077648227562,0.7698110928509636,0.6044884311865072,-0.0029007512170157604,0.6974137840986413,0.5629091823581096,-0.03769820295106505,0.6454075537997597,0.5948480679599263,-0.05667594840082853,0.613227569621917,0.6284558176028874,-0.06222814200615917,0.800051000054992,0.6192971945787583,-0.023017397185095163,0.7148970991167641,0.6331835653416056,-0.058828427010673624,0.7109414029815503,0.7116356810936486,-0.058922717401755316,0.7256960629921023,0.7603307482795938,-0.04920952534923865,0.8223143580321031,0.6525219103807549,-0.04456389086460967,0.746789978252047,0.6743019760022024,-0.0702233498230456,0.7368892391709692,0.7354193569801751,-0.06674135065119159,0.7473495111735015,0.7716168161784913,-0.05711980438307483,0.0,0.0,0.0,0.0,0.0,0.0,0.0,0.0,0.0,0.0,0.0,0.0,0.0,0.0,0.0,0.0,0.0,0.0,0.0,0.0,0.0,0.0,0.0,0.0,0.0,0.0,0.0,0.0,0.0,0.0,0.0,0.0,0.0,0.0,0.0,0.0,0.0,0.0,0.0,0.0,0.0,0.0,0.0,0.0,0.0,0.0,0.0,0.0,0.0,0.0,0.0,0.0,0.0,0.0,0.0,0.0,0.0,0.0,0.0,0.0,0.0,0.0,0.0,0.30442237992697213,0.43419308510922344,0.002000066448948311,0.36357858007930766,0.43413524665664327,-0.004484544925673538,0.44672864213700825,0.4216594934077418,0.0031139428420306455,0.497381350722073,0.4032376419177829,0.018869501810034554,0.4254011162554473,0.5346686430065855,-0.06980056017009503,0.42383019438003294,0.5513935319036939,-0.03316250215461829,0.4242126014748897,0.5175816864333124,-0.07610329311227541,0.42120417866153737,0.4940435450146151,-0.07335407356770368,0.4104248704614424,0.520096648816226,-0.07537262332756534,0.43700026952901005,0.515409412098501,-0.0736731243261242,0.36776765274451534,0.623580935285933,0.0128701890458564,0.4789443904101611,0.6068220424313726,0.02321203111556345,0.42962950237315783,0.5943817045536719,-0.029144878795199586,0.4320125658994859,0.6517106614604691,-0.008601332023767925,0.35190554919241757,0.6259871774301647,0.013813682480118066,0.4934354518224572,0.6001988561059416,0.02574100948076303,no,2025-11-18T07:29:48.079138
0.7981148665086478,0.8639634871083046,-6.675728658307592e-07,0.7341640868122499,0.8206956771603856,-0.003587198822494843,0.6894487433323281,0.740913210441692,-0.010023247272104355,0.659720798573688,0.6873748867188985,-0.022027702724212846,0.6211669955353413,0.648920343808935,-0.03393302943958952,0.7369741758353804,0.6116107693592079,0.013313270771990088,0.6790143131976591,0.5741373804493095,-0.02112827683670035,0.6354768167607002,0.5938463982841397,-0.04846714171525223,0.6049573560795671,0.6229422622704059,-0.06259887052508767,0.7701239581095181,0.604776292428886,-0.0023851839488971617,0.698147109067448,0.5640252214910207,-0.03744099903767871,0.6462329011598286,0.5975071943803538,-0.05632209228949412,0.6142656622142177,0.6327932774537874,-0.061552937469363384,0.8005982470196071,0.6192457318795281,-0.022527690062884496,0.7158104196088124,0.6331721378381917,-0.0584928908019753,0.7121663236965095,0.7119780044262188,-0.058760800425893295,0.7272107481708558,0.760789608816158,-0.04906892101590789,0.8229951740683892,0.6520056138989498,-0.04408928447472999,0.7475710443189709,0.674117383379214,-0.06998523125722401,0.7379093746437732,0.7355379880260677,-0.06676278430243676,0.7485877030030563,0.7715799806791199,-0.057244950414079225,0.0,0.0,0.0,0.0,0.0,0.0,0.0,0.0,0.0,0.0,0.0,0.0,0.0,0.0,0.0,0.0,0.0,0.0,0.0,0.0,0.0,0.0,0.0,0.0,0.0,0.0,0.0,0.0,0.0,0.0,0.0,0.0,0.0,0.0,0.0,0.0,0.0,0.0,0.0,0.0,0.0,0.0,0.0,0.0,0.0,0.0,0.0,0.0,0.0,0.0,0.0,0.0,0.0,0.0,0.0,0.0,0.0,0.0,0.0,0.0,0.0,0.0,0.0,0.29825009474959596,0.43397120161604363,0.006262786685030424,0.35587800654661184,0.43542014975463694,-0.0029784520498023596,0.4405814088141706,0.42555688021636784,-9.910707811951105e-06,0.4934997962545149,0.40804912202910476,0.012853487530480047,0.4119974051135406,0.5396911892935149,-0.07011136263295058,0.4118683552275836,0.5557194765135993,-0.03300453981007625,0.41083483233648965,0.522522591082333,-0.07656891306805483,0.40855103687963495,0.49852050149786237,-0.0739604014672415,0.3970592827649009,0.5246393924375167,-0.07530621907273538,0.42404955369074404,0.5205121348860731,-0.0746648101572466,0.35660285794459956,0.6253489567272102,0.01690256328383585,0.4711622890800119,0.6112634682486148,0.020724444011584787,0.4181570399191076,0.5995372904463153,-0.028657789024438954,0.42067678668528524,0.6547017853505959,-0.007412574922680009,0.3426585915803854,0.6275222924046575,0.018457043274472847,0.48496732584485286,0.605365629549095,0.022894840907061374,no,2025-11-18T07:29:48.227037
0.7969928237267361,0.8643456709185017,-6.683083897172161e-07,0.7335922260252198,0.8200161947603839,-0.004604409871025134,0.6896957304422566,0.7404345860729731,-0.011906692668959664,0.659898469965555,0.6870142205792216,-0.024620240415272335,0.6215405123283702,0.6469942860268583,-0.03714016122944213,0.7375693599704551,0.6117678280313495,0.012168608904873266,0.6796792387845748,0.5733160926542354,-0.023473564772221997,0.6359522586401309,0.5936546115528059,-0.0514668008076965,0.6054655681173745,0.623418894101359,-0.0657475522802898,0.770681172370265,0.6050974276589925,-0.0030926301907116364,0.6983691706836264,0.5640712371588557,-0.03944407524499082,0.6459034970124093,0.5996090549729223,-0.05870603868105344,0.6142046957120588,0.6365182548520005,-0.06381459690207252,0.8010045802435072,0.6197593033558407,-0.022900941324712834,0.7159169621714259,0.6343153334168528,-0.0597336214318619,0.7117689919645267,0.7132322420927175,-0.060074428575578445,0.7270562887067811,0.7616555868883188,-0.050098548062766375,0.8233028293342282,0.6525623505590941,-0.04416775737458442,0.747895714219956,0.6750048086138929,-0.07034088944233652,0.7382139255649895,0.7364258975183592,-0.06703872317085835,0.7492498036690391,0.7720861732104248,-0.05726570518333604,0.0,0.0,0.0,0.0,0.0,0.0,0.0,0.0,0.0,0.0,0.0,0.0,0.0,0.0,0.0,0.0,0.0,0.0,0.0,0.0,0.0,0.0,0.0,0.0,0.0,0.0,0.0,0.0,0.0,0.0,0.0,0.0,0.0,0.0,0.0,0.0,0.0,0.0,0.0,0.0,0.0,0.0,0.0,0.0,0.0,0.0,0.0,0.0,0.0,0.0,0.0,0.0,0.0,0.0,0.0,0.0,0.0,0.0,0.0,0.0,0.0,0.0,0.0,0.2908972877751123,0.4339048441437457,0.010923396329631787,0.34669797675257685,0.43771841833549413,-0.0010664511235204174,0.43307809416233434,0.4291048258446494,-0.002693048231994331,0.4865091496025916,0.41221111294307256,0.0073230585063523155,0.39710676542012024,0.5436926381610092,-0.07024228125653686,0.3981389361386865,0.5595442561172123,-0.03285360838098074,0.395945436430963,0.5265339724858992,-0.07677051256382401,0.39430299379687317,0.502357963742553,-0.07422836514898025,0.38225143706058917,0.52826137569645,-0.07498514886279706,0.4094464319042328,0.5248645102263922,-0.07538436420581103,0.3456467441902716,0.6256929493661838,0.01999011874695371,0.4592319874450505,0.6154780757342622,0.01766754282376958,0.4037317329836932,0.6015640384516885,-0.028696514972908545,0.4064906482817219,0.6582659264925892,-0.006427788509994322,0.3316318751931163,0.6294573856737643,0.022209848887836284,0.4734772765231573,0.6119320966577873,0.019537847598892585,no,2025-11-18T07:29:48.374812
0.7971522138748579,0.864321351637382,-6.731606710829208e-07,0.7334983119948486,0.8199703044591257,-0.005029693922660375,0.6887031270238017,0.7395583088522214,-0.012319148939184926,0.6577456941807756,0.6854381851473226,-0.024797239271371174,0.6186758407379308,0.645167168600511,-0.037045331887041816,0.7378492196561718,0.6101083157280924,0.01162029957448191,0.6788405895174858,0.573213127933029,-0.02336741436939118,0.63484026220123,0.5936175181692099,-0.05099558111964758,0.6040007357856008,0.6223366095071919,-0.06525952029459818,0.7704145162102332,0.6041101290249613,-0.0032301226779502725,0.6960515804380198,0.5655386145472928,-0.03853562907294822,0.6439217771450444,0.6010548064361987,-0.057359301044237275,0.6125349059157218,0.636165864753576,-0.06265555027660732,0.800171281687458,0.6199358016374845,-0.022596910833061735,0.7140531394604993,0.6348686623825597,-0.05869448726548482,0.7102521395770052,0.7127947325633113,-0.058867142775328514,0.7257958471713074,0.76011536415911,-0.049182328570944456,0.8216554940090025,0.6537423285483611,-0.04345095919695484,0.7461153251809619,0.6751817606435401,-0.06938653575796483,0.7362635279718563,0.7357170388299041,-0.06616238918905543,0.7472715614471752,0.7710136025716279,-0.05663921997705544,0.0,0.0,0.0,0.0,0.0,0.0,0.0,0.0,0.0,0.0,0.0,0.0,0.0,0.0,0.0,0.0,0.0,0.0,0.0,0.0,0.0,0.0,0.0,0.0,0.0,0.0,0.0,0.0,0.0,0.0,0.0,0.0,0.0,0.0,0.0,0.0,0.0,0.0,0.0,0.0,0.0,0.0,0.0,0.0,0.0,0.0,0.0,0.0,0.0,0.0,0.0,0.0,0.0,0.0,0.0,0.0,0.0,0.0,0.0,0.0,0.0,0.0,0.0,0.2958207914476758,0.43469474594730007,0.008204866433168641,0.35224538572850705,0.4382828012583537,-0.00224239864599689,0.4379629114457912,0.4278155371498485,-0.0014380631351920627,0.49051830437359195,0.40997399030465853,0.00994090093200535,0.40552276308878327,0.5437132068883507,-0.06969317197721214,0.4059912541392132,0.5592054082881746,-0.032708159362886076,0.40430532727290797,0.5264354106108542,-0.07616985132437912,0.4023388325088263,0.5021696706720883,-0.0736767184862886,0.3905474223457548,0.5282030762587933,-0.07467533765027823,0.41775277937908784,0.5246127622962711,-0.0745436142773497,0.352364915221242,0.6258455443737962,0.019245026896396032,0.4664299412809283,0.6140847688871048,0.02030305548440314,0.41239453823333216,0.600749188987502,-0.027898734588853145,0.41506226087219944,0.6578790734471766,-0.007318606767341283,0.3367527604877935,0.6276796913815752,0.020874677065568836,0.4811451297795993,0.6084132183480434,0.022076326477280327,no,2025-11-18T07:29:48.561438
0.7963418327884879,0.8633956316063497,-6.802924805093275e-07,0.7333785777083923,0.8200698170511875,-0.0048680732616591576,0.6882295346842335,0.7399514166178831,-0.01206832912382115,0.6574219043356423,0.6855211701054759,-0.024482268339677954,0.618307835282143,0.6454313678657768,-0.036638706098812465,0.7370491246462774,0.609920829426241,0.011523322975510094,0.6784934461087643,0.5726083058526534,-0.02367544273247658,0.6344243050946794,0.5932785369070994,-0.05129876187413482,0.6035028936992274,0.6225677645924632,-0.06547458672639303,0.7699807509182269,0.6037229932081594,-0.0033865786697557616,0.6956700298830877,0.5650508252561293,-0.03921401158430374,0.6433994693239413,0.6013503466671197,-0.05799216987872703,0.6121338732268733,0.637590292835162,-0.06301307530967894,0.7999565133412876,0.6192136362256179,-0.02282200951811721,0.7139501797022498,0.6347529792911791,-0.05958004007823134,0.7107034790559281,0.7134028432332548,-0.05985662585927623,0.7265387386052613,0.7615814104502214,-0.04996546320073922,0.8216895371847075,0.6525356249332077,-0.04371124328239256,0.7461260846695672,0.6749772798292926,-0.07037014209935366,0.736086494973477,0.7362213336029556,-0.06751365049185895,0.7466330348568121,0.7722996994639145,-0.05805595748503727,0.0,0.0,0.0,0.0,0.0,0.0,0.0,0.0,0.0,0.0,0.0,0.0,0.0,0.0,0.0,0.0,0.0,0.0,0.0,0.0,0.0,0.0,0.0,0.0,0.0,0.0,0.0,0.0,0.0,0.0,0.0,0.0,0.0,0.0,0.0,0.0,0.0,0.0,0.0,0.0,0.0,0.0,0.0,0.0,0.0,0.0,0.0,0.0,0.0,0.0,0.0,0.0,0.0,0.0,0.0,0.0,0.0,0.0,0.0,0.0,0.0,0.0,0.0,0.2978783343854132,0.43502754410573774,0.007574612856668826,0.35563626651079894,0.43697640972722984,-0.0024499312100409675,0.44137151137932873,0.4268335007106969,-0.0008239901374598425,0.4935735477337091,0.4089792725361336,0.011180473537619563,0.40969975260667035,0.5432893608217999,-0.06964863166173801,0.40989307954324705,0.5590317524438767,-0.03277444033603555,0.4084989668610176,0.5260978518088756,-0.07607684428563698,0.4063866286929965,0.5020381222222594,-0.07349913478540351,0.3947402674835311,0.5280049473720266,-0.07467103435491473,0.42183985156545944,0.5242291578472017,-0.07434414902781784,0.35724388937617735,0.625840630549096,0.018015383874375995,0.4690631590407327,0.6127642932513069,0.02013594742333341,0.4169153048146031,0.5988686950644297,-0.028407609166916023,0.4191194535524022,0.6574171578020795,-0.007490229410819603,0.3403972030073398,0.6288304853773721,0.019647986547925905,0.4840828111666551,0.6085441106999006,0.022103654713805054,no,2025-11-18T07:29:48.695365
0.7956186216631038,0.8630621732746409,-6.822662579036585e-07,0.7330301942821289,0.8203039305135088,-0.004377200437402135,0.6883821654610895,0.7408157213361327,-0.011237648653818315,0.6585514334491016,0.6861970050165747,-0.02344806187912042,0.6199507447189371,0.6469483516174435,-0.0354571096205799,0.7355283608079409,0.6107761710340739,0.012539063966956601,0.6785814195856779,0.5737828979099998,-0.022376119654428657,0.6349818587965768,0.594619457776975,-0.04998950201257839,0.6041272403066449,0.6244409340979131,-0.06416223299561229,0.7686314694284586,0.6041414755946345,-0.0025773003734569275,0.6964388297818607,0.5651948078364234,-0.0378135723643412,0.6445324382523637,0.6008460121664151,-0.05659580708635143,0.6126533809913358,0.6374032217979063,-0.06169687510415168,0.7990615431944628,0.6190311886400763,-0.02222387405453647,0.7148954086930591,0.634399200684179,-0.058318784883056404,0.7118526333592171,0.7123706816416517,-0.05882266286230871,0.727147082982898,0.7609098799439675,-0.04929107222434441,0.8216607526030502,0.6518563368081871,-0.0433485517703667,0.7468007351677304,0.6751192992564584,-0.0695554524347648,0.7364999389902633,0.7363445859451545,-0.06688014707715582,0.746285667971619,0.7730278335404748,-0.057691744381585336,0.0,0.0,0.0,0.0,0.0,0.0,0.0,0.0,0.0,0.0,0.0,0.0,0.0,0.0,0.0,0.0,0.0,0.0,0.0,0.0,0.0,0.0,0.0,0.0,0.0,0.0,0.0,0.0,0.0,0.0,0.0,0.0,0.0,0.0,0.0,0.0,0.0,0.0,0.0,0.0,0.0,0.0,0.0,0.0,0.0,0.0,0.0,0.0,0.0,0.0,0.0,0.0,0.0,0.0,0.0,0.0,0.0,0.0,0.0,0.0,0.0,0.0,0.0,0.29352380805326417,0.4329631797495928,0.010370013595006167,0.35031902672902465,0.43576898017222393,-0.0013030441099050993,0.4367266351776557,0.4267689239221667,-0.0025728052356998165,0.48954203791066253,0.40952940567915386,0.007552328076896892,0.40189472569908713,0.5451139198842428,-0.06972849033753328,0.40267933107621184,0.5605725187542869,-0.032499944487118154,0.4006921172977726,0.5279052644054143,-0.07627724555666737,0.39889355746192334,0.5035119359718933,-0.07381413832628216,0.3869214722951942,0.5296546832063533,-0.07454106799709276,0.41421003064875755,0.5260860268682419,-0.07486404021310478,0.3492037921173642,0.6243658495038266,0.02007605467985043,0.46384522130694167,0.6127332122613346,0.01842194186258042,0.40821332104743824,0.5986766950110815,-0.028031298929063385,0.41088483041675744,0.6571369665429465,-0.007098002401065028,0.3345667094185945,0.6294620597529713,0.022108890541781404,0.47782554879278494,0.6109843251329703,0.020179986268965174,no,2025-11-18T07:29:48.823402
0.7965553840775541,0.8636865169542455,-6.836540063906304e-07,0.7334455521104706,0.8206942149363199,-0.003910015538181069,0.6883480632450711,0.7411112896517547,-0.010483764746702286,0.6582875444318415,0.6867787948762225,-0.02249778096161393,0.6195509300682087,0.6478943299034178,-0.03436948804080925,0.7362511212647187,0.61074950543319,0.01341560595442199,0.6795847430817946,0.5740369145674113,-0.021392224138504116,0.6356385290954014,0.5946317339219805,-0.04913419628135748,0.6042384267481711,0.6241336891234652,-0.06348545154958113,0.7687738295495107,0.6040335306706999,-0.0020127455722501143,0.6963409983526918,0.5651647261723927,-0.03707094963753769,0.6439568381180336,0.6013135710017257,-0.055954451268376365,0.6118082435733656,0.6377591649055296,-0.06115330905161426,0.7988363834460626,0.618907629327515,-0.021959949780099217,0.7142900433853785,0.6344483321936673,-0.05765755961360252,0.7114631649862644,0.712053978382624,-0.05810479880977069,0.7272273205212951,0.7594033900604847,-0.048674886020404894,0.8211785830600242,0.6520208586335094,-0.043372065315801636,0.7462704850097838,0.6757636460481358,-0.06918778939472958,0.7370219695695183,0.7365853538761264,-0.06628975417093075,0.7480933025260011,0.771938292304295,-0.057021278348763096,0.0,0.0,0.0,0.0,0.0,0.0,0.0,0.0,0.0,0.0,0.0,0.0,0.0,0.0,0.0,0.0,0.0,0.0,0.0,0.0,0.0,0.0,0.0,0.0,0.0,0.0,0.0,0.0,0.0,0.0,0.0,0.0,0.0,0.0,0.0,0.0,0.0,0.0,0.0,0.0,0.0,0.0,0.0,0.0,0.0,0.0,0.0,0.0,0.0,0.0,0.0,0.0,0.0,0.0,0.0,0.0,0.0,0.0,0.0,0.0,0.0,0.0,0.0,0.2835716703192041,0.4316636856408639,0.017354672454486936,0.3384936595065182,0.43560112435964105,0.0022172567158369543,0.42493732545759466,0.4284593736746835,-0.004611443768524132,0.4795988056393675,0.41134230188819143,0.002186786162077301,0.3836592025254469,0.543297200754423,-0.06991561707099404,0.38628334153297894,0.5593269536138988,-0.03293970863963337,0.3823582590044161,0.5260600640912875,-0.07631678729025271,0.3812703750892609,0.5018492492550202,-0.07365122042757016,0.36896321522398257,0.5275866098870207,-0.07395270015769936,0.39601535062673165,0.5246539088293999,-0.07552299792432621,0.3367839291206633,0.6234852290197965,0.022839324348916456,0.45100833381516825,0.6155854002381045,0.013468336061178268,0.3931321519997781,0.600309646915407,-0.02900548839996651,0.3959229901738557,0.6584725031040843,-0.007842222249543267,0.32315912694707494,0.6273156684720667,0.025509300854498852,0.46540899403140223,0.6129289566090724,0.014736267395659173,no,2025-11-18T07:29:48.967093
0.7974490444252517,0.8633464649685931,-6.80561682612345e-07,0.7334380582570023,0.8207437430005391,-0.004778993183670045,0.687821213610298,0.7409122641839401,-0.011656133775371598,0.6573394931269467,0.6862016673641824,-0.023713327183237213,0.6184509628044138,0.6461603378643066,-0.0355286527326725,0.7353439954429978,0.6093965880437434,0.012378301102466103,0.6781330414112738,0.5720887275836172,-0.02246345196193747,0.6347177297042559,0.5934992742676615,-0.05014946196969543,0.6042680919484569,0.6237052892238267,-0.06443982224180869,0.7680109618156947,0.6030621533186721,-0.002563220845533424,0.6946992379134522,0.5647537614874567,-0.03776695257109676,0.6426119794780994,0.601820786727288,-0.056749676617712505,0.6111361996236732,0.6389431436538604,-0.0620212115369346,0.7980470226327603,0.6183693999432223,-0.022031734013851792,0.7130185766376813,0.6346352013961347,-0.057871094544836466,0.7095672546332537,0.7126464664633456,-0.05833369896614747,0.7249777566637695,0.760115197485,-0.04890213203548531,0.8202813703588238,0.651842945271726,-0.04300388159362412,0.7451828456352325,0.6760498480408526,-0.0690663825642433,0.7357488507095944,0.7374978239660326,-0.06621488256194014,0.7466870821902771,0.7728898664909689,-0.056898459522525126,0.0,0.0,0.0,0.0,0.0,0.0,0.0,0.0,0.0,0.0,0.0,0.0,0.0,0.0,0.0,0.0,0.0,0.0,0.0,0.0,0.0,0.0,0.0,0.0,0.0,0.0,0.0,0.0,0.0,0.0,0.0,0.0,0.0,0.0,0.0,0.0,0.0,0.0,0.0,0.0,0.0,0.0,0.0,0.0,0.0,0.0,0.0,0.0,0.0,0.0,0.0,0.0,0.0,0.0,0.0,0.0,0.0,0.0,0.0,0.0,0.0,0.0,0.0,0.28222099436599246,0.43111927489497875,0.018373378392403647,0.33653945446524947,0.4358201370604205,0.002902738293790734,0.42298517512274875,0.42915461836352586,-0.004602490944456559,0.47753211127381584,0.41153510358081447,0.0018035690939830805,0.3807690981375327,0.543824925698409,-0.07035756958643657,0.38348737532200095,0.5594707761824835,-0.03322499004972563,0.3793556720227311,0.526627669460576,-0.07674142643197251,0.37820136360149237,0.5024229959901962,-0.07401166658928862,0.36590410941443574,0.5281346295113052,-0.07430323732879628,0.3930971496337775,0.5251614437602505,-0.0760199099524013,0.33360522163468775,0.6236360180400191,0.023007336903984273,0.44979839724949544,0.6153560348224977,0.012889514085172922,0.3911261865688893,0.6008983139152383,-0.029376273053042072,0.39422513620593114,0.6578182403635351,-0.008180676038580933,0.3204816274393349,0.6278769215983228,0.025770582830754275,0.4631364709498747,0.6130243092085432,0.014084985774181229,no,2025-11-18T07:29:49.096784
0.7945515175853981,0.8621405102495706,-6.754077826149446e-07,0.7310132302641366,0.8189275877764384,-0.004868056558965445,0.6859282276070746,0.7394771603722282,-0.011716213235983396,0.6555570561147124,0.684958654431374,-0.02375613114928729,0.616559487234879,0.6447954344446197,-0.03554681520417442,0.7334743155792411,0.6088502760908872,0.012653214206818102,0.6769123230127658,0.5711175547193141,-0.022161115837724468,0.6337392762386178,0.5927159047195851,-0.04971731396762626,0.6037426382460332,0.6230645882383172,-0.0639384408817419,0.7659099935516614,0.6019712092772864,-0.0020966339162541,0.6923520317527466,0.5629346025969846,-0.03735876853606241,0.6408554608789576,0.6003376940552486,-0.05634019211070276,0.6103576429636921,0.6374019423961593,-0.06162651479354035,0.7960966013928267,0.6166947779249498,-0.021398983088282898,0.7112000486929099,0.6334523515411155,-0.05741685378060171,0.7085547178241342,0.7111666411010118,-0.05799773537021973,0.7248081689698547,0.757799412402168,-0.04862344844698479,0.8187608638789052,0.6495953467756488,-0.042186643118699074,0.7440324592804001,0.674136976222651,-0.06834671627339553,0.7346368846329039,0.7357630220713647,-0.06558845973480651,0.7456948000882874,0.7709789345958873,-0.05637172968616071,0.0,0.0,0.0,0.0,0.0,0.0,0.0,0.0,0.0,0.0,0.0,0.0,0.0,0.0,0.0,0.0,0.0,0.0,0.0,0.0,0.0,0.0,0.0,0.0,0.0,0.0,0.0,0.0,0.0,0.0,0.0,0.0,0.0,0.0,0.0,0.0,0.0,0.0,0.0,0.0,0.0,0.0,0.0,0.0,0.0,0.0,0.0,0.0,0.0,0.0,0.0,0.0,0.0,0.0,0.0,0.0,0.0,0.0,0.0,0.0,0.0,0.0,0.0,0.286324339574964,0.4318829684459101,0.0157489673365381,0.3424258416916625,0.43526904513276454,0.0018409650121673526,0.4287339940021092,0.42699169307000756,-0.0029416348653120306,0.482077639632727,0.4088090158807545,0.0052482101920449265,0.39047401862080644,0.5412492824979471,-0.07041827640493742,0.3923863032177174,0.557072164347803,-0.03350433959549956,0.38905573041291586,0.5239597309266534,-0.0767176482795868,0.3875281354378693,0.4998629727093773,-0.07389150088693137,0.37556257185142106,0.5256422983524544,-0.07459112516535754,0.4026710327979984,0.5223540060769789,-0.07568964211857278,0.3414304513362953,0.6235155218850761,0.02128150774755822,0.45734086236681315,0.6131544742918182,0.014882129786669866,0.3994983886278437,0.5992566885528492,-0.029623367362793276,0.40241520889867327,0.6562943669354602,-0.008896305231013795,0.3268526490801945,0.6260189037045873,0.023562576907797332,0.4708127859414748,0.6090326085341727,0.01617771029294627,no,2025-11-18T07:29:49.229053
0.7946543226736195,0.8599995840432424,-6.754228356728784e-07,0.730836208552097,0.8167399772549947,-0.004732034601717592,0.6855967055279331,0.7376517071316098,-0.011706603304658902,0.6550985077250198,0.6833139746327554,-0.023925733562288318,0.6163814274724962,0.6434824251976974,-0.0358892521796381,0.7333105809368221,0.6071415720473662,0.012401417038352965,0.6753865556790514,0.5697415643011854,-0.02245111527921332,0.6321120478254246,0.5915258753334254,-0.04981477343662628,0.60248186142038,0.622417425478259,-0.06382030348110837,0.765857678603376,0.6002945901103687,-0.0024607903442806288,0.6921072180496064,0.5610415167106322,-0.038089329502687536,0.6405379322751111,0.5981559802921659,-0.057022136003457194,0.6099745337144358,0.6353281160116173,-0.06210917159969872,0.7959751677046225,0.614871725300518,-0.021851467496230282,0.7109526048937878,0.6319220640514263,-0.058374202487396346,0.7087553009019658,0.7102186784072564,-0.059003152961045996,0.7253104808739349,0.7574218042655065,-0.049448966153261914,0.8184069653047022,0.6473359598353494,-0.04267733876160765,0.743217744837954,0.6714587111376011,-0.06908461069492912,0.7341969220356139,0.7332587285668866,-0.0662697182917044,0.7454542735564118,0.7687627112020574,-0.05693408840114863,0.0,0.0,0.0,0.0,0.0,0.0,0.0,0.0,0.0,0.0,0.0,0.0,0.0,0.0,0.0,0.0,0.0,0.0,0.0,0.0,0.0,0.0,0.0,0.0,0.0,0.0,0.0,0.0,0.0,0.0,0.0,0.0,0.0,0.0,0.0,0.0,0.0,0.0,0.0,0.0,0.0,0.0,0.0,0.0,0.0,0.0,0.0,0.0,0.0,0.0,0.0,0.0,0.0,0.0,0.0,0.0,0.0,0.0,0.0,0.0,0.0,0.0,0.0,0.279402711722449,0.4311635151010221,0.01839513001686467,0.334897736014212,0.43506970370728193,0.003051160196813175,0.42120441269624503,0.4265873242867356,-0.0040592404016396655,0.47538705733085934,0.40907523519333744,0.002707006716794199,0.38079517939058816,0.5404067075941884,-0.07070441197137053,0.3834775467075449,0.5564721831336794,-0.033581727514596246,0.3793402172677296,0.5231511766033872,-0.07703933659787941,0.37803590996022185,0.49905209432683373,-0.0741885243637633,0.365848314448202,0.5248077922521701,-0.074637123751111,0.39310262781963057,0.5216172334080573,-0.07626226841765621,0.3334995785667454,0.6229660090809658,0.02241870711852484,0.4490896592603414,0.6137042360472763,0.012832368808865376,0.38900544517222874,0.5993911893157923,-0.02989798528381983,0.39262124542528876,0.6565214798945032,-0.00878028711565281,0.3200141338643618,0.625587504134627,0.02509822058822894,0.4634307713896598,0.6097764260894436,0.014051362480079616,no,2025-11-18T07:29:49.384623
0.7945309345969263,0.8590386146725306,-6.782776490525831e-07,0.730139640912401,0.8153617982340495,-0.004335436022132337,0.6849430506685533,0.7364123470579313,-0.011229262494104391,0.6547351528817512,0.6822932704756337,-0.023445883205025213,0.6161208852259636,0.643071193687487,-0.03547098073054132,0.7329825464326902,0.6054438739066788,0.012676367140815496,0.6746884920633873,0.5688692119258307,-0.02221578614354915,0.6313555050662005,0.5905941838043317,-0.04984399010054295,0.601408759508484,0.6215954896632627,-0.06407239710355124,0.7653968244548862,0.5988116264913416,-0.0024944489182669068,0.691406109701912,0.560038319552597,-0.0378219849128056,0.639758832632688,0.596795650811595,-0.0568260384354406,0.6087704451866857,0.6338673541903485,-0.062114914506948324,0.7953705286746227,0.6136949881213741,-0.022163533869422512,0.709849578680567,0.6301268626378957,-0.05827474531408506,0.707580649089136,0.7086056821010434,-0.05874183638121212,0.7239310325588546,0.7560510400912799,-0.04925377066820753,0.8176177869087904,0.6467251546002919,-0.04328464882697654,0.7421231460624707,0.6709897766064745,-0.06945232110931682,0.7334799572088317,0.7324871442631491,-0.0665024668884002,0.7450223674052658,0.7675751465136569,-0.05715828758088247,0.0,0.0,0.0,0.0,0.0,0.0,0.0,0.0,0.0,0.0,0.0,0.0,0.0,0.0,0.0,0.0,0.0,0.0,0.0,0.0,0.0,0.0,0.0,0.0,0.0,0.0,0.0,0.0,0.0,0.0,0.0,0.0,0.0,0.0,0.0,0.0,0.0,0.0,0.0,0.0,0.0,0.0,0.0,0.0,0.0,0.0,0.0,0.0,0.0,0.0,0.0,0.0,0.0,0.0,0.0,0.0,0.0,0.0,0.0,0.0,0.0,0.0,0.0,0.27284528748849807,0.43172508252171005,0.02183221860650248,0.32752098605100555,0.435400229518207,0.004759907170684252,0.4133382860409631,0.4268578494316521,-0.005228908356703383,0.468325267566568,0.4089223319616742,-0.00030651463676669875,0.3707578175185515,0.5400038379775447,-0.07048453217138854,0.37446853912659195,0.5562220518119722,-0.033656251316235196,0.3691057790096888,0.5227843013563506,-0.0767122049808302,0.3679489081251381,0.49883294945280743,-0.07378705659425615,0.35585192426244633,0.5244801547854478,-0.0739912583467698,0.3828553020089135,0.5212844310465274,-0.0762720607189237,0.3272058208442705,0.6232671825590528,0.023892962128467227,0.4409485970967158,0.6140604474628013,0.010332210497498426,0.37987833854051345,0.5995926097526532,-0.030311838375671703,0.38423818173077945,0.6564920746335309,-0.008708488430271274,0.31395725151584486,0.6259014810254434,0.026903136239181877,0.45628111519369313,0.6102090421977827,0.011279447739499552,no,2025-11-18T07:29:49.522408
0.7945376964931042,0.8601589319319074,-6.819112625152611e-07,0.7305162091776666,0.8164934220052084,-0.003639009074419588,0.6854272636403222,0.737275183548268,-0.010155000161656384,0.6553249085751225,0.6830291621123591,-0.022161305601640948,0.6166244796975613,0.6438580250702144,-0.03393676669741063,0.7328422220269225,0.6048677160861824,0.013758578140043139,0.6739960778970043,0.5693924917051029,-0.02056050055444631,0.6310611868287546,0.5925445911296896,-0.048056533954103905,0.6020609337856141,0.6251000402780272,-0.06230299758446376,0.7651115909097703,0.5984770059870648,-0.001718549293640412,0.6912610723432503,0.5607496456924361,-0.036211682049360296,0.6400568819936053,0.5966825050570579,-0.05522992935048607,0.6091471091900225,0.6337025915563101,-0.0607782199980201,0.794852917182694,0.6137320808717528,-0.021639674568194666,0.7093791278908511,0.6308087850176783,-0.05680896124182322,0.7073471363541077,0.7082363542150419,-0.05734473212672037,0.7235201389295738,0.7555938245843667,-0.04825728459104842,0.8167695467594489,0.6472663465548304,-0.043031089837978244,0.7416793203380591,0.6715106492018273,-0.06866468393660688,0.7331906161833801,0.7325345586695079,-0.06571381171105915,0.744478499376461,0.7678583571103593,-0.056524014083581646,0.0,0.0,0.0,0.0,0.0,0.0,0.0,0.0,0.0,0.0,0.0,0.0,0.0,0.0,0.0,0.0,0.0,0.0,0.0,0.0,0.0,0.0,0.0,0.0,0.0,0.0,0.0,0.0,0.0,0.0,0.0,0.0,0.0,0.0,0.0,0.0,0.0,0.0,0.0,0.0,0.0,0.0,0.0,0.0,0.0,0.0,0.0,0.0,0.0,0.0,0.0,0.0,0.0,0.0,0.0,0.0,0.0,0.0,0.0,0.0,0.0,0.0,0.0,0.2772323287360856,0.43157374745859367,0.01959110620828006,0.33192836724253616,0.4347944020353715,0.003938715978302615,0.41795088964638183,0.4257844937208386,-0.003987963938366404,0.4717131010360153,0.4068750527663443,0.002102220624142991,0.3780665543138183,0.5389568516784391,-0.0701996228366594,0.38104738492164864,0.5550885053638412,-0.033530747833334276,0.37637966517489596,0.5217471762080368,-0.07639183425306273,0.37487604643641703,0.49783578934928274,-0.07347054441231668,0.3630154608895392,0.5236192597314385,-0.07391909728633045,0.39008394177403377,0.5200532524914949,-0.07572258524437243,0.33170130052452174,0.6222158416362006,0.022412553772601915,0.44615307028259554,0.6124755967897197,0.01183570667427774,0.38677123008416053,0.5982429601497641,-0.030180276663176218,0.3908437332613629,0.6555014949564597,-0.009139224072640005,0.31870402763627936,0.626046667751186,0.025143601268892944,0.46142160374896146,0.6081304224164878,0.012919672666826715,no,2025-11-18T07:29:49.699850
0.7956463263692632,0.8607974110648307,-6.775371388116319e-07,0.7308654258511929,0.816922262417094,-0.0038442298495768757,0.6856871621126721,0.737584501678614,-0.010283909456942799,0.6556757551832522,0.6832289930301327,-0.02221621419253171,0.6171096589199782,0.6440614211540342,-0.03380405426693156,0.7327839807529937,0.6063101388276981,0.014262437255930363,0.674061530292954,0.5705631322298861,-0.020331486765148208,0.6313356113625279,0.5938730119173076,-0.047979694988111714,0.6027079621339722,0.6268025755093445,-0.06220274710422834,0.765338612341787,0.5996384918832266,-0.0011661518379987067,0.6928255952326756,0.5615422704132041,-0.03576973338322163,0.6418199110476144,0.5969328961003826,-0.05467798238628639,0.6111196168260751,0.6339078324526546,-0.06007270924753853,0.7953562760294726,0.6145315673027892,-0.021200777795920035,0.7108573870216737,0.6311146092694746,-0.05654882344572831,0.7086852697609162,0.7083919135844192,-0.05705992377853772,0.7248607173911175,0.755997771123589,-0.047877356772348015,0.8175594242872409,0.6478500457311047,-0.04276476469418901,0.7428127574934009,0.6721124114978101,-0.06847139027643752,0.7340697448516388,0.7332027112919988,-0.06557494590460566,0.7451581535158978,0.7686716769530069,-0.05641733015976225,0.0,0.0,0.0,0.0,0.0,0.0,0.0,0.0,0.0,0.0,0.0,0.0,0.0,0.0,0.0,0.0,0.0,0.0,0.0,0.0,0.0,0.0,0.0,0.0,0.0,0.0,0.0,0.0,0.0,0.0,0.0,0.0,0.0,0.0,0.0,0.0,0.0,0.0,0.0,0.0,0.0,0.0,0.0,0.0,0.0,0.0,0.0,0.0,0.0,0.0,0.0,0.0,0.0,0.0,0.0,0.0,0.0,0.0,0.0,0.0,0.0,0.0,0.0,0.2765888768848275,0.43192927482850185,0.019635610335625872,0.3316804591940449,0.4347232907574853,0.003921274714526066,0.41778198936550354,0.42553618313685515,-0.004040790569608922,0.47179432469937366,0.4060462607524501,0.00206215607813453,0.3775645269184906,0.5393747244861464,-0.07031189234403275,0.3805089975317014,0.555479012537191,-0.033468793304007684,0.3758645934059294,0.5221753142068474,-0.07654594418107963,0.3743162722673952,0.49818651588092494,-0.07362975011000127,0.3624612032974765,0.5241333372078671,-0.07405813520246088,0.38956719783766236,0.5203967019484147,-0.07587549965748933,0.331747214984322,0.6215267352388003,0.022169494241611874,0.44660308746082444,0.6112013871094595,0.011539355513066032,0.3865291467221874,0.5966957617673869,-0.030282887310322124,0.39068522260106414,0.65503249076627,-0.009089921659650835,0.3186130616582581,0.6273751905841196,0.025019797630789608,0.4606264952767711,0.6087268427924114,0.01272098482342505,no,2025-11-18T07:29:49.832702
0.7964004956812747,0.8612906067870693,-6.777147631844268e-07,0.7316468392740919,0.8174299374753317,-0.004075202564969621,0.6865236052033697,0.7383255214367649,-0.010841891960310102,0.6564880243144197,0.6843946097352812,-0.023075119754981104,0.6177512420233131,0.6444849842777312,-0.034905135113359465,0.7342442311773544,0.6071038592488253,0.01386399771732661,0.675369080633385,0.5710330280976701,-0.021010410824717066,0.6321898675060625,0.5943897604199422,-0.048721232084323995,0.603215714265152,0.6273089110456879,-0.06299755868199508,0.7665448550104625,0.6005673557591182,-0.001651294995841423,0.6936519939168444,0.5623200525001506,-0.03673161508836508,0.6424107933266942,0.598180327873876,-0.05576402719136841,0.6115879360833256,0.6351574250802396,-0.06120348181578968,0.796330542561474,0.6155324531631896,-0.021796301855151485,0.7114333786743348,0.6321376299998038,-0.05761456714555169,0.7098843111633408,0.7097280069249611,-0.05799564283120821,0.7266352422709982,0.7567746311920588,-0.04867787491019802,0.818340869370183,0.6488871023905463,-0.04346098585318276,0.7433370971686365,0.6728479595178259,-0.06953901959920203,0.7351392408740769,0.7341870444754214,-0.06655316521614446,0.7468762187867575,0.7692103909648305,-0.05730030452411311,0.0,0.0,0.0,0.0,0.0,0.0,0.0,0.0,0.0,0.0,0.0,0.0,0.0,0.0,0.0,0.0,0.0,0.0,0.0,0.0,0.0,0.0,0.0,0.0,0.0,0.0,0.0,0.0,0.0,0.0,0.0,0.0,0.0,0.0,0.0,0.0,0.0,0.0,0.0,0.0,0.0,0.0,0.0,0.0,0.0,0.0,0.0,0.0,0.0,0.0,0.0,0.0,0.0,0.0,0.0,0.0,0.0,0.0,0.0,0.0,0.0,0.0,0.0,0.27523403855246775,0.43179703475597914,0.021470604491014116,0.3292932423018717,0.4349447950502972,0.0049002643974406165,0.4150886290220843,0.42538867772527267,-0.004426943294989822,0.469847851784692,0.40598032840002113,0.0008779720711563047,0.3727436698093811,0.5390777962697914,-0.07066508174611877,0.3762182039479262,0.5552643351794231,-0.0337636653191057,0.37098909826050563,0.5218899558876797,-0.07684936641007412,0.36961017406418617,0.4979505921966346,-0.073829419065163,0.3576680987877153,0.5238689843159087,-0.07420500236299306,0.38477788938990815,0.5201296470843606,-0.07632600208704544,0.3296862448212626,0.6219767119549562,0.022687764458426195,0.4432897855221374,0.6108447817276423,0.010160944255247701,0.3834804739014456,0.5973279679255483,-0.030855345845488706,0.3878622015591304,0.6547892267883932,-0.009144639159948842,0.315910284395871,0.6277177657327336,0.02572193701946871,0.45741713662688044,0.6094272055186727,0.01125383025378954,no,2025-11-18T07:29:49.960563
0.7958513241574708,0.8617452844630995,-6.76874839171767e-07,0.7312582450574256,0.8173268027868907,-0.003480674552395921,0.686271542715897,0.7383930609064471,-0.010055145644151747,0.6562130864064775,0.6845271646012221,-0.022231320466255696,0.6175341016558826,0.6458241876955062,-0.03414924230593491,0.7343497295146111,0.6081799441889268,0.014042683968755468,0.6765313728305017,0.5717186169483864,-0.020554003697783242,0.6334708023119149,0.5940120040998942,-0.048211662380839404,0.6037675241476517,0.6259913772147385,-0.06249683609546741,0.7663904013097051,0.6015336290037504,-0.001667338423801978,0.693811843716311,0.5632273251392355,-0.036400479908775096,0.6421468746773393,0.5987987389472377,-0.05543104199229065,0.6106580468018099,0.6359600518517196,-0.060932240542041535,0.7961880719647122,0.6164991832294677,-0.021874869666250858,0.71140764545289,0.632855044610345,-0.05714942441127968,0.7091592080413872,0.7099925003477803,-0.057601419891060344,0.7253610316751262,0.7572511568912716,-0.04842287031678476,0.8181910075858636,0.6500563942319247,-0.04356569341515873,0.7434918296340467,0.6739936635491199,-0.06916254094970363,0.7346989165014153,0.7348114737738893,-0.06613451848372645,0.7460827722504344,0.7701254152852717,-0.05690890992780992,0.0,0.0,0.0,0.0,0.0,0.0,0.0,0.0,0.0,0.0,0.0,0.0,0.0,0.0,0.0,0.0,0.0,0.0,0.0,0.0,0.0,0.0,0.0,0.0,0.0,0.0,0.0,0.0,0.0,0.0,0.0,0.0,0.0,0.0,0.0,0.0,0.0,0.0,0.0,0.0,0.0,0.0,0.0,0.0,0.0,0.0,0.0,0.0,0.0,0.0,0.0,0.0,0.0,0.0,0.0,0.0,0.0,0.0,0.0,0.0,0.0,0.0,0.0,0.27904253945788976,0.4296812003928593,0.020223568206915673,0.33227222721096394,0.4327309362481405,0.004371526223695906,0.41873593891404204,0.4239053049728658,-0.0038238541075526463,0.4736746518769194,0.4050693113004592,0.002134854012683233,0.3776178676195343,0.5382740386969531,-0.07131402090526497,0.38070695313115155,0.5541592445493215,-0.03416686113209561,0.3759514461505928,0.5211295937942885,-0.07754404231086248,0.3745667852780953,0.4971358520570652,-0.07452724459203355,0.3625163271925103,0.523067388104457,-0.07502204859031572,0.3897961158251344,0.5193386208158162,-0.07688811640235221,0.3326385421036244,0.6194279683660889,0.022490058835629802,0.44751910812552487,0.6084227813934537,0.0115094505335167,0.3882442785032664,0.5957893830754756,-0.03094561273617943,0.392302108818086,0.6517730144352275,-0.009218931911245593,0.31888149910959473,0.6262207192997775,0.025327188694894993,0.4617275179413165,0.6076009828824748,0.012632973596309481,no,2025-11-18T07:29:50.102186
0.7946667244814607,0.8627357117658515,-6.742585043040743e-07,0.7302282610270191,0.8187008295340856,-0.0038882265065982844,0.6855854960321733,0.739154245726127,-0.010376255691301614,0.6558262912234109,0.684696170639463,-0.022390541894066113,0.6168674531831354,0.646238443106176,-0.034160715398282054,0.7336481819036068,0.6093663957871667,0.013882592831955783,0.676139026068266,0.5731147744585376,-0.02091710521884287,0.6329592907452671,0.5950188249163869,-0.04875772367365411,0.6027671148303261,0.6261189743777855,-0.06320496033103029,0.7656641692846896,0.6025317795592482,-0.0015824856238432325,0.6928594161685345,0.5641985085893626,-0.03633847911456764,0.641494507199128,0.5994488532497113,-0.05545092566638382,0.6102094040313981,0.6355000781204552,-0.06106225731783473,0.795487083791957,0.6173716771860229,-0.021575974512473898,0.7100321272556351,0.633156978491467,-0.05687419101964569,0.7077347103267697,0.7108343999598856,-0.057255326611370325,0.7239820571659933,0.7580577798311339,-0.0480054119123425,0.8174298186160824,0.6509578686419175,-0.04310235898542093,0.7425967460872412,0.67499492394909,-0.06863574351733992,0.7340835159155789,0.7353428845042848,-0.06563139637283895,0.7460078246570928,0.7699822020331235,-0.05643782240698968,0.0,0.0,0.0,0.0,0.0,0.0,0.0,0.0,0.0,0.0,0.0,0.0,0.0,0.0,0.0,0.0,0.0,0.0,0.0,0.0,0.0,0.0,0.0,0.0,0.0,0.0,0.0,0.0,0.0,0.0,0.0,0.0,0.0,0.0,0.0,0.0,0.0,0.0,0.0,0.0,0.0,0.0,0.0,0.0,0.0,0.0,0.0,0.0,0.0,0.0,0.0,0.0,0.0,0.0,0.0,0.0,0.0,0.0,0.0,0.0,0.0,0.0,0.0,0.28535802536229904,0.42728365391881123,0.016789886175786167,0.3400405027484721,0.4297520335709239,0.002895527713045047,0.426399299327245,0.4211947877727641,-0.0017970858708273017,0.48131519401859885,0.4026878574686958,0.006460606605537335,0.38923657031394043,0.5348264221671564,-0.07174880750644641,0.39125149802515524,0.5508031053602931,-0.034572882481073514,0.38772939495983316,0.51755645153162,-0.07796883277185199,0.3860904384564228,0.4935028127224871,-0.07487533406631287,0.3741211064110821,0.5194806323285194,-0.07582759824282594,0.40147331747887427,0.5157680874636484,-0.07690994178400654,0.34008914741270546,0.6167947894847108,0.02012732103282421,0.45517701629249113,0.6060941345321761,0.013881660257045177,0.39780320588390405,0.5916934958208799,-0.03125351791462998,0.4014755403070609,0.6489174260542074,-0.010120013153977994,0.32617896166340943,0.6226840100099962,0.022509543125540356,0.4700912029041452,0.6034303585181111,0.015264260634707837,no,2025-11-18T07:29:50.226110
0.7959331358861313,0.8622456606390903,-6.711643734930403e-07,0.7311640460656488,0.8181023197314898,-0.004288176969308401,0.6861937330186043,0.7380526494343373,-0.010810457036024228,0.6551585300664327,0.6836831435320118,-0.02281222273301471,0.6159208269543455,0.6430600865929135,-0.03440920117352915,0.7352189426363738,0.6090125633854504,0.01470374620949548,0.6778283562176505,0.5725535560811212,-0.019969721655584992,0.6348048967134996,0.5946914955880762,-0.04757855420533444,0.6052916968824025,0.6259738586793713,-0.061784484140429696,0.7673411414489091,0.6019388679423896,-0.00043420807933398074,0.6944969917146384,0.563405729695606,-0.035459323248761596,0.6429323527244725,0.5989321140027853,-0.054580627972032586,0.612073867817701,0.6349093341423199,-0.05997072511818689,0.79708223432266,0.6163868004212433,-0.0202145232947549,0.7115074207159066,0.6331072565930693,-0.05612773522918987,0.7087866695478453,0.7112784167634664,-0.05668174420921528,0.7250458107351725,0.7589907679768615,-0.04722854241199324,0.818860072844113,0.6492279699178063,-0.04153195654773557,0.7436896267534137,0.6746471416353421,-0.06774338168832694,0.7349397751258344,0.7359921755609344,-0.06506113673236177,0.7466102067220859,0.7713259971042082,-0.05583590938424187,0.0,0.0,0.0,0.0,0.0,0.0,0.0,0.0,0.0,0.0,0.0,0.0,0.0,0.0,0.0,0.0,0.0,0.0,0.0,0.0,0.0,0.0,0.0,0.0,0.0,0.0,0.0,0.0,0.0,0.0,0.0,0.0,0.0,0.0,0.0,0.0,0.0,0.0,0.0,0.0,0.0,0.0,0.0,0.0,0.0,0.0,0.0,0.0,0.0,0.0,0.0,0.0,0.0,0.0,0.0,0.0,0.0,0.0,0.0,0.0,0.0,0.0,0.0,0.29144994106402305,0.4262783126552445,0.015081799592422798,0.34676717112540334,0.42841119151290186,0.002172374845504545,0.43225083193367253,0.4194832424085683,-0.0008676698940173887,0.4863690726200325,0.4017766465344883,0.008442657776538333,0.39672465667892,0.5315601947070828,-0.07055064264768579,0.39818629302655467,0.548060467007768,-0.03405063315116126,0.39535127010316945,0.5143332594495869,-0.07665702175144075,0.39367054943794344,0.4906174774662469,-0.0735608794600573,0.381921667230657,0.5162531666872547,-0.07472168265226814,0.40880374805866626,0.5126990559483922,-0.07542827221327135,0.34627141312953236,0.6148349169152832,0.018514730221600377,0.46024169387145764,0.6041774216705376,0.014579112736763431,0.4048011246504405,0.5880837614888549,-0.030990528563070795,0.40766100163603625,0.6458864159308513,-0.010737299166087212,0.33199157996424256,0.6194317977334222,0.02063187486167269,0.4750905826932988,0.600870265537971,0.016052410498225405,no,2025-11-18T07:29:50.361575
0.7952155811285668,0.8593521324874376,-3.935871937663214e-07,0.7334451714836758,0.8199277916025003,-0.006433351412722839,0.6866323195904331,0.7398281609693812,-0.013427576914492197,0.6507283202757548,0.6897027127324213,-0.025689993820545022,0.6080325172159575,0.6559704236313109,-0.03775163108038163,0.7286587359876052,0.6151324904749212,0.012030220252748934,0.6781540734526057,0.5696664655787076,-0.018579746296275467,0.6391032597428582,0.5661958359135449,-0.04333173277588499,0.6068314475298701,0.5703735541527655,-0.05760369295992146,0.7629070602588326,0.6060447813947483,-0.00349360302793775,0.6982468676968425,0.5531045682054996,-0.03835781403953716,0.647579459996422,0.5623353554594921,-0.058732348975611706,0.6109962310890262,0.5743263077533804,-0.06543754216982267,0.7956116442380512,0.6193411496346024,-0.023131526593957383,0.7133806551383031,0.6266950128981277,-0.06126456745061064,0.7081679717577941,0.7069807241612285,-0.06134934323593241,0.7204655461489888,0.7571209387884643,-0.05035564735267078,0.819592634316725,0.6516817475721997,-0.04438708665680807,0.7459893675148904,0.6740002578198531,-0.07176341033445316,0.7366186187946067,0.7365153939633285,-0.06813769025100373,0.747554084836873,0.7741360324571334,-0.0579847633777813,0.0,0.0,0.0,0.0,0.0,0.0,0.0,0.0,0.0,0.0,0.0,0.0,0.0,0.0,0.0,0.0,0.0,0.0,0.0,0.0,0.0,0.0,0.0,0.0,0.0,0.0,0.0,0.0,0.0,0.0,0.0,0.0,0.0,0.0,0.0,0.0,0.0,0.0,0.0,0.0,0.0,0.0,0.0,0.0,0.0,0.0,0.0,0.0,0.0,0.0,0.0,0.0,0.0,0.0,0.0,0.0,0.0,0.0,0.0,0.0,0.0,0.0,0.0,0.29140587492043923,0.42803501568831714,0.015201850330257095,0.3466496983671145,0.4291431932696498,0.0019908236474840755,0.43100479464325075,0.4201898117741618,-0.0017619119978659402,0.48467960915166053,0.40333085008456593,0.006948645813571314,0.39572978787505875,0.5316299558759565,-0.06944907816168774,0.39724482436018593,0.5481451402917563,-0.033327749440485034,0.39435112936482475,0.5143625494769144,-0.07553865870358406,0.3926480216014104,0.49067847111303675,-0.07257097628269626,0.3810359181823985,0.5162640478669428,-0.07354236199678646,0.40761930593221857,0.5127342583132464,-0.074412682367231,0.34546444692311884,0.6139043332764436,0.01931881541340105,0.4585505220379627,0.6044430764225033,0.014441919560671784,0.40251619831631674,0.5868935672220885,-0.030082514819705735,0.40549062726569574,0.6462274465423147,-0.009854720528902561,0.33142991206769257,0.6191375573826412,0.02149141810206332,0.47347090618048115,0.6008277306827275,0.015801998566818097,no,2025-11-18T07:29:50.501034
0.795071082447752,0.8587433501125085,-2.1908219096464835e-07,0.7335423250835738,0.8188873429333607,-0.008851277865623123,0.6854001205667772,0.7383801001151227,-0.016685829930038726,0.6466821308905935,0.6902158077745969,-0.029449724044381054,0.6022417508469772,0.6606468107364776,-0.042052774324651834,0.7241039873346993,0.6174600917493014,0.0074388838314024645,0.6766106001017759,0.5664195817998213,-0.020653186681503462,0.6412169466915738,0.5465536367124946,-0.043195028690555755,0.609771229946652,0.5314714258524371,-0.05733323765356188,0.7604250472154453,0.6072577596644304,-0.007919282506941726,0.6999973213873312,0.5445734504273653,-0.041970426780854095,0.6514673971391717,0.5365672624999487,-0.06211389764998008,0.6132554633667024,0.5314939474958461,-0.06940870447433661,0.7954821410029215,0.6202201022239937,-0.027004491331475,0.7149198157035357,0.6183808922026954,-0.06701757404999328,0.7062152035970215,0.7005172168341085,-0.0664429756381326,0.7152861085027323,0.7532589592986358,-0.05417480908201891,0.8208046453577491,0.6535059345446905,-0.04771247663950881,0.7471751198917835,0.670000759050231,-0.07601303565733888,0.7348232769113414,0.7321716204836326,-0.07136285296327424,0.7439018891152902,0.771384818253408,-0.060295653340158656,0.0,0.0,0.0,0.0,0.0,0.0,0.0,0.0,0.0,0.0,0.0,0.0,0.0,0.0,0.0,0.0,0.0,0.0,0.0,0.0,0.0,0.0,0.0,0.0,0.0,0.0,0.0,0.0,0.0,0.0,0.0,0.0,0.0,0.0,0.0,0.0,0.0,0.0,0.0,0.0,0.0,0.0,0.0,0.0,0.0,0.0,0.0,0.0,0.0,0.0,0.0,0.0,0.0,0.0,0.0,0.0,0.0,0.0,0.0,0.0,0.0,0.0,0.0,0.2897963317396996,0.4296577845146145,0.01539061800659879,0.3444988240551927,0.43057021642967047,0.001877497294690406,0.42962801566021025,0.42233344117207694,-0.0024282653361168034,0.4832740573147829,0.4055181530515069,0.005961805409842183,0.3936101832632435,0.5339108884871421,-0.0696758198833322,0.3952510274402172,0.5503077333577007,-0.033253687654641165,0.39223066202394985,0.5166704533959889,-0.07585866059125393,0.390567307781563,0.49295653988162214,-0.07297006456332422,0.37887350926114405,0.5185397697716367,-0.07379945270330542,0.40554967944010833,0.5150269985890725,-0.07478674561424332,0.34323530335276425,0.6144868613098526,0.020175939472161494,0.4568472997887033,0.606598199988748,0.014532138617307414,0.39968495674883375,0.5886822982518524,-0.029861661760610468,0.4025901359204074,0.6473003463676235,-0.009348877983034626,0.3295354164725746,0.6206559101915647,0.02241990923567493,0.4716921050162812,0.6026188318864687,0.015853990225112368,no,2025-11-18T07:29:50.632420
0.7950009490722342,0.8597361646116131,-1.4212089389696894e-07,0.7332412908395927,0.8188705990332087,-0.010303902551608625,0.6848359963051934,0.7385235258857321,-0.01929672316835894,0.6445390520480799,0.6906221417680052,-0.03309994396367593,0.5988841634445763,0.6623400224279464,-0.046755378417490064,0.7218575478188847,0.6178571084337785,0.004392876205339185,0.6750767584382629,0.5645060441042564,-0.022850483813700282,0.6414088373632735,0.5366695946070865,-0.04478961643480214,0.6103746186316207,0.5120144757436014,-0.05923651865402284,0.7587048789544024,0.6071602881421517,-0.010915559178113425,0.7001338976721965,0.5405502142216325,-0.044847931063609535,0.6526410650837917,0.5238053459373218,-0.0649441526077869,0.6135839930797593,0.5101456421563169,-0.07277290380734538,0.7945565791055105,0.6200375444458134,-0.029745142803737034,0.714526419959617,0.6148594259845417,-0.07040784703590668,0.7049164477953674,0.6977031725211345,-0.06897051346193817,0.7129239006087118,0.7517704446342117,-0.05602873783492425,0.8206339725545154,0.6539599663358371,-0.05032196533608417,0.7471303753927454,0.6675312058553005,-0.07856838011857499,0.7335891079476293,0.7296025283910015,-0.07290816675249016,0.7420688473133824,0.7700434838222912,-0.06125916763988028,0.0,0.0,0.0,0.0,0.0,0.0,0.0,0.0,0.0,0.0,0.0,0.0,0.0,0.0,0.0,0.0,0.0,0.0,0.0,0.0,0.0,0.0,0.0,0.0,0.0,0.0,0.0,0.0,0.0,0.0,0.0,0.0,0.0,0.0,0.0,0.0,0.0,0.0,0.0,0.0,0.0,0.0,0.0,0.0,0.0,0.0,0.0,0.0,0.0,0.0,0.0,0.0,0.0,0.0,0.0,0.0,0.0,0.0,0.0,0.0,0.0,0.0,0.0,0.2881767944575726,0.4307666557098372,0.016109610093241848,0.3428127820169915,0.4316306121411124,0.002284341314693886,0.4281689828152278,0.4241100062896975,-0.0024825757374791566,0.4814655556311158,0.4076272888680157,0.005690654420804704,0.3909979779841608,0.5351977139979809,-0.07021229804038284,0.3927801210160986,0.5515562209192678,-0.033559197204662806,0.3896391552269102,0.51800119273193,-0.07641350132853254,0.38807060078351985,0.4943431570591506,-0.07347907229402173,0.3762392908797328,0.5198047078266448,-0.07429679062024172,0.40303217085294296,0.5164192676890065,-0.07538272843084373,0.3411905563823834,0.6156980038093758,0.020547584653716665,0.45443146907007187,0.6082469530827529,0.014285606809690828,0.3966161862410856,0.5900314174040482,-0.030140282198092404,0.3996155014576326,0.6489769437278639,-0.009723641582698114,0.3270006138625843,0.621519126503482,0.022812106756785903,0.4700094113157044,0.6040282937355927,0.015535058631557191,no,2025-11-18T07:29:50.756771
0.7951338482734522,0.8596892457217153,-1.1361012983667775e-07,0.7331794952313503,0.8178561304816465,-0.010061752572694094,0.6846168170746396,0.7377596412559306,-0.0190897280033756,0.6444448499872053,0.6907717241890563,-0.03305339543421529,0.5988691141929913,0.6633030659472496,-0.046936059977768924,0.7208152711685823,0.6174405266442574,0.003936742739438589,0.6748892841606903,0.5628280590546917,-0.022612994615642826,0.6421946468577537,0.5313542696641542,-0.04415539672922568,0.6115480905085899,0.5026412890755284,-0.058693965704636884,0.7581064294121225,0.6067729681963658,-0.011807206283271057,0.7005081364562612,0.5387895614755929,-0.04521655817649624,0.6536107694918165,0.5180431434734216,-0.06525278318637026,0.6143698449743279,0.500575099286891,-0.07346511933574247,0.794261764045782,0.6195182744049135,-0.030953841232333835,0.714825483720577,0.6128404557519754,-0.07139686220337052,0.7049988957230926,0.6954315849921804,-0.06957762172764076,0.712310828926411,0.7493373194946114,-0.05660763157498528,0.8207188670183772,0.653717893677028,-0.05184783919119825,0.7469707038439862,0.6660334833674085,-0.07965367835818046,0.733498719909331,0.7280891899157156,-0.07340419476540525,0.7420661550238024,0.7683716969930853,-0.06158119365496879,0.0,0.0,0.0,0.0,0.0,0.0,0.0,0.0,0.0,0.0,0.0,0.0,0.0,0.0,0.0,0.0,0.0,0.0,0.0,0.0,0.0,0.0,0.0,0.0,0.0,0.0,0.0,0.0,0.0,0.0,0.0,0.0,0.0,0.0,0.0,0.0,0.0,0.0,0.0,0.0,0.0,0.0,0.0,0.0,0.0,0.0,0.0,0.0,0.0,0.0,0.0,0.0,0.0,0.0,0.0,0.0,0.0,0.0,0.0,0.0,0.0,0.0,0.0,0.2848132350087851,0.42943517054443275,0.01917477051049765,0.3385590938168759,0.43160884118389087,0.0038642961577875405,0.42356397238944066,0.4244994277740602,-0.0032329954675301047,0.4777156449372544,0.407663004780802,0.003554559793578697,0.3824968496621701,0.5357561901345953,-0.07068366974830269,0.3848462680218585,0.5522089259179317,-0.03395151981083226,0.3811505666166366,0.5185565918302899,-0.07682074061349264,0.37991491832121854,0.494923634055355,-0.07374294898976141,0.36782171877551395,0.5202126461572799,-0.07443579820819406,0.3946535374328115,0.5171894908124293,-0.07604415543537159,0.33589266722164823,0.6169074297153568,0.021555007912626555,0.44825723510342586,0.6105148051146034,0.012129594345010934,0.3906329699058211,0.59282390882295,-0.030836337051938507,0.3934880073339646,0.6513445485813086,-0.009899392094895485,0.320589570132052,0.6214155445540024,0.024112348965515392,0.4636431609295731,0.6064685032997574,0.01322790942666827,no,2025-11-18T07:29:50.899929
0.7952335870681684,0.8600794723138301,-9.949710504364168e-08,0.7329690086325209,0.818353413284265,-0.010533564053495065,0.684814429798535,0.737903501314916,-0.0195606869487131,0.6449258461094779,0.6904638833824462,-0.03345507993499171,0.5991867627067708,0.6634414735692516,-0.04727372836875869,0.7204898744968735,0.6172551239330906,0.0035384387381670753,0.6746737747326279,0.5626485621220266,-0.022739761548443933,0.6421456129663067,0.5295451687180329,-0.04414637955999114,0.6114589991822887,0.49865798584635795,-0.0588091564334418,0.7578896378647069,0.606119249772774,-0.012059284472346178,0.7003027294601252,0.5380850092000157,-0.045216823765744076,0.6535225230363135,0.5155581747106488,-0.0651935611104638,0.6142836389845852,0.49573965564243844,-0.07363675312881254,0.7942072205524777,0.6187639208328278,-0.031066123370366423,0.7151649159993113,0.6114354342129629,-0.07162229579413483,0.7051616833599746,0.6946790788959315,-0.06952231119546062,0.7124098430883123,0.7487188597328098,-0.05643716155534828,0.8207202764523801,0.6531072945977608,-0.051874409161329224,0.7475115312356528,0.665147829463703,-0.07979188761144039,0.7340105909002527,0.7274597169900233,-0.07336704525009612,0.7427043667174523,0.7676402309161288,-0.06148786246738555,0.0,0.0,0.0,0.0,0.0,0.0,0.0,0.0,0.0,0.0,0.0,0.0,0.0,0.0,0.0,0.0,0.0,0.0,0.0,0.0,0.0,0.0,0.0,0.0,0.0,0.0,0.0,0.0,0.0,0.0,0.0,0.0,0.0,0.0,0.0,0.0,0.0,0.0,0.0,0.0,0.0,0.0,0.0,0.0,0.0,0.0,0.0,0.0,0.0,0.0,0.0,0.0,0.0,0.0,0.0,0.0,0.0,0.0,0.0,0.0,0.0,0.0,0.0,0.2826226402342662,0.4289815012878414,0.020658641617150586,0.3357997252264616,0.43201341498052576,0.004499133399193634,0.4206562714158202,0.4253405508888306,-0.004057607357525037,0.47521941547666857,0.408572935653226,0.001808424284110895,0.3777940948635863,0.5368561543591372,-0.07087811291336835,0.3806215067326013,0.5531666704193693,-0.033957907375532746,0.3763697262003929,0.5196900054621878,-0.07705250109888728,0.37525073129825115,0.49603656566296955,-0.07400319006080058,0.36304694191777864,0.5212721207890587,-0.0745056149265553,0.3899974865518321,0.5183683872309369,-0.07643566195001611,0.3330947110293422,0.6184410512548495,0.022620400186832097,0.4455797212389993,0.6118570195616962,0.011284995244998543,0.38784264662359536,0.5945314695920627,-0.03079384322819637,0.39056994892512287,0.6531062478414509,-0.009580059593759599,0.31746603445567445,0.6220763867121971,0.02538079841023172,0.4605237083982887,0.6077902041988594,0.012268826642771057,no,2025-11-18T07:29:51.021151
0.7956359285324057,0.8602581943325742,-1.1590484185741575e-07,0.7336924487094184,0.8182516091766174,-0.009872693233201571,0.6857939543916839,0.7385400363420436,-0.018713556082455535,0.6467702157545527,0.691457322588745,-0.0325823922415561,0.6016013545475077,0.663463202280689,-0.046357903315663106,0.7208069041444939,0.6177822512785265,0.00436559490153183,0.6749908521242333,0.5632228392008143,-0.021821269319556306,0.6421605244931021,0.5297869347732926,-0.04321982996153702,0.6109198839791143,0.4990225654443887,-0.057862493627120336,0.7579658674781908,0.6066712014435465,-0.011574229274630483,0.7008626507980252,0.5388924606356218,-0.044585231144780565,0.6540961721493366,0.5167712526823965,-0.06440401692865644,0.6144287078532698,0.4977972293638828,-0.07273703702630889,0.7940501596918272,0.6190878734832779,-0.03094168658010022,0.7153437218470067,0.6119352385355433,-0.07099173894387756,0.7064973377184243,0.6944470690881634,-0.06873921921090666,0.7142719870215274,0.7477700124088243,-0.055739565188913764,0.82076851587359,0.6531554506016453,-0.05212073713159559,0.7477848357567577,0.6648306193007144,-0.07943308676793753,0.7344691821879499,0.726710641480699,-0.07285042153127899,0.7430064852405163,0.7664527584424546,-0.06103334836642803,0.0,0.0,0.0,0.0,0.0,0.0,0.0,0.0,0.0,0.0,0.0,0.0,0.0,0.0,0.0,0.0,0.0,0.0,0.0,0.0,0.0,0.0,0.0,0.0,0.0,0.0,0.0,0.0,0.0,0.0,0.0,0.0,0.0,0.0,0.0,0.0,0.0,0.0,0.0,0.0,0.0,0.0,0.0,0.0,0.0,0.0,0.0,0.0,0.0,0.0,0.0,0.0,0.0,0.0,0.0,0.0,0.0,0.0,0.0,0.0,0.0,0.0,0.0,0.2829940790444784,0.42790878734321575,0.02018345125548615,0.33701942929223166,0.43137462073641764,0.004236196960541183,0.42211364589029077,0.425867819661525,-0.003989686362978422,0.4770505810036007,0.4090247271421037,0.002075274726090546,0.3799885104015731,0.5380916196886476,-0.07128604978382498,0.3826432744472714,0.5539885375984481,-0.034129178805568997,0.37858817554488333,0.5208238504731746,-0.07751890508163778,0.377457263265512,0.49690482336359687,-0.07451571909603788,0.3651264596788295,0.5223175872938671,-0.07500743254529364,0.3923272064726705,0.5194670379205069,-0.07686422349925046,0.33382157729258705,0.6186331540396715,0.022925110420314147,0.44712323631186723,0.6120073312015177,0.012070634112784667,0.38925545979785114,0.5952354635042986,-0.0306381729411956,0.39205673027711374,0.6534822759325968,-0.009480499970834763,0.31860125758428254,0.6225959631314892,0.02561632300707442,0.46276657965538215,0.6084399383821598,0.013032777373562003,no,2025-11-18T07:29:51.157402
0.794046754549406,0.862558023395764,-3.463326135432758e-07,0.731454005526508,0.8178879019470123,-0.006626337599014077,0.6864347846604415,0.7388620887505506,-0.01513081083144159,0.6515560928607206,0.6895871417478637,-0.029065311549106566,0.607929970953945,0.6561051444028262,-0.04260010815364111,0.7306169308758816,0.615509667118374,0.008261332210347003,0.6824682749543285,0.5643151768864789,-0.022585619018029246,0.642041469397964,0.5489815723499489,-0.04731828302884037,0.6065359667602939,0.5415686180989339,-0.06182895761373107,0.7646760368141229,0.6066752608894673,-0.0077634100116491,0.7010691785446119,0.5446724657075204,-0.04116869131701919,0.6509545375383676,0.5430951991332515,-0.06012341129123347,0.6134198054151297,0.5453615975749315,-0.06716243680984921,0.7966462386841857,0.6197769932868965,-0.027722596650083146,0.7148544530770525,0.6210137806809644,-0.06544853898814457,0.7074112426736042,0.6996355795460654,-0.06343295919515879,0.7174298587146211,0.749941200509832,-0.05135183147849104,0.8199755155089691,0.6529413186407427,-0.049325184596657745,0.7470646414463415,0.6649409205741244,-0.07404042197026103,0.7341188822660025,0.7245082676893546,-0.06731998384658451,0.7419820813024328,0.7625422025378015,-0.055746305175030535,0.0,0.0,0.0,0.0,0.0,0.0,0.0,0.0,0.0,0.0,0.0,0.0,0.0,0.0,0.0,0.0,0.0,0.0,0.0,0.0,0.0,0.0,0.0,0.0,0.0,0.0,0.0,0.0,0.0,0.0,0.0,0.0,0.0,0.0,0.0,0.0,0.0,0.0,0.0,0.0,0.0,0.0,0.0,0.0,0.0,0.0,0.0,0.0,0.0,0.0,0.0,0.0,0.0,0.0,0.0,0.0,0.0,0.0,0.0,0.0,0.0,0.0,0.0,0.2946826306238856,0.4270198092924117,0.013793368714712928,0.35076335851646956,0.43043120768704884,0.0013110642792818817,0.43576409857418896,0.42453542047472154,-0.0012289544626010473,0.4887362313396605,0.4086060433567803,0.008230319837896882,0.3986222987331581,0.5379157761128632,-0.07067470118433192,0.3997363110288725,0.5535739468578483,-0.03379945582817951,0.39747703361995296,0.5205278169316099,-0.07692055522317096,0.3960376988820541,0.49635736802258823,-0.07400687976686812,0.38387846891126076,0.5219609136172552,-0.07505550674849215,0.4110033597251353,0.5191051274559657,-0.0756403708553076,0.3475694867282637,0.6186358943606866,0.01962552307085577,0.45970681650111794,0.6110301372155965,0.01642491141757836,0.405525905734535,0.5942674261948984,-0.02966645625322443,0.40737719679215184,0.6519925980416768,-0.0100344290636089,0.33123766232619123,0.6205500946696112,0.021513067833049807,0.4763911922114954,0.60555977431727,0.01776528365391977,no,2025-11-18T07:29:51.299140
0.795779434298705,0.8642127594662841,-5.198663123650857e-07,0.7322193337912386,0.8175135253295853,-0.00446613904554637,0.6876553491402183,0.7382684009426581,-0.011855599200702761,0.6551361473214736,0.6869855352618255,-0.025030947587390405,0.6148533652892131,0.6492325880037966,-0.037660769108444396,0.7347562629747908,0.611550946096571,0.011759965175859604,0.6828820902721929,0.564153659781893,-0.020753507390892045,0.641104472072334,0.5673013454477406,-0.04651456117999521,0.6094252147110185,0.5808024312456644,-0.060450532345187984,0.7677280318634061,0.6044198242962047,-0.004231564450947552,0.7002066087539649,0.549722093535294,-0.037448392112939224,0.6500957871216924,0.5651584704047911,-0.055815514784749234,0.6173232964911342,0.5849586522763879,-0.06185327721968863,0.7984902865288299,0.6184409108222966,-0.02446456043658618,0.7160755267094248,0.6230884592968573,-0.06012429000403055,0.7094267076004588,0.700307048539207,-0.05904043340493337,0.721192917361995,0.7507305594758023,-0.04844265114397536,0.821466515612761,0.6515645843196084,-0.046273509821832176,0.7486263172479816,0.6647983029994645,-0.07035639217872068,0.7348966615633754,0.724218955660168,-0.06496050685973939,0.7414693130892658,0.7629126978246106,-0.05443286122749463,0.0,0.0,0.0,0.0,0.0,0.0,0.0,0.0,0.0,0.0,0.0,0.0,0.0,0.0,0.0,0.0,0.0,0.0,0.0,0.0,0.0,0.0,0.0,0.0,0.0,0.0,0.0,0.0,0.0,0.0,0.0,0.0,0.0,0.0,0.0,0.0,0.0,0.0,0.0,0.0,0.0,0.0,0.0,0.0,0.0,0.0,0.0,0.0,0.0,0.0,0.0,0.0,0.0,0.0,0.0,0.0,0.0,0.0,0.0,0.0,0.0,0.0,0.0,0.29885355071500375,0.42605221500329965,0.012323767823558485,0.3556634524678066,0.4299735380562091,0.0004097518048330085,0.44109299501253546,0.42376139607892116,-0.001250254714994779,0.4941234088007049,0.40819093132919276,0.008684612640574008,0.4045501771051502,0.5369662691847428,-0.07043325461462117,0.4052349309079223,0.5529607736589504,-0.033506125840897155,0.40356108689550196,0.5196696108183287,-0.07675002201852403,0.40215767974517286,0.4956089042576091,-0.07394072882338691,0.38987137349467,0.5210963187013278,-0.07497455026831956,0.417055938924381,0.5183085456501325,-0.0753771689581752,0.35055632453707497,0.6178858287645108,0.01924416932233365,0.4643443988892919,0.6110908268265636,0.017154799003409694,0.41034585875582497,0.5934799602936467,-0.02951610686674407,0.41184867096115463,0.6509616269989725,-0.009268357029910215,0.33561692560260215,0.6207798116532718,0.021150373246006028,0.4802243987390332,0.6061788539478806,0.018684619141014852,no,2025-11-18T07:29:51.443670
0.795545025395965,0.8648077289915649,-5.956740348367211e-07,0.7326986468551072,0.8175117074661232,-0.004792346286122956,0.6887317397022503,0.7374324628290408,-0.01237819237186365,0.6570724145478065,0.6850750957120437,-0.025609529260049096,0.6178448712165365,0.6454193998330445,-0.03822619603748617,0.7369396248841544,0.6093336438437262,0.01143378413194044,0.6824839511820102,0.5640935244366924,-0.022712599896031388,0.6397967102087592,0.5765096607705165,-0.04940741777604802,0.6097393173889261,0.5999314439992207,-0.06321387778133766,0.7698758846469893,0.6032442434698186,-0.0040129328760942365,0.6999861454872119,0.552675703263695,-0.03825121226404541,0.6493317616352633,0.577501229411685,-0.056678302889911276,0.6185259308535993,0.6065037447306469,-0.06214263788529025,0.8002162578998825,0.6180182619125368,-0.023898659155954738,0.7171210284208592,0.6258654495695407,-0.05948960632813756,0.710107508587293,0.703418750156902,-0.05887915317619391,0.7223451540545327,0.7539945469536299,-0.04860342880651718,0.8229641070724327,0.6514551570737446,-0.04539181237992644,0.7502158411667916,0.6659700490789253,-0.069720819996688,0.7359101780869856,0.7259313419581968,-0.06497014179990677,0.7417566723546457,0.7647866940661139,-0.05469277487134047,0.0,0.0,0.0,0.0,0.0,0.0,0.0,0.0,0.0,0.0,0.0,0.0,0.0,0.0,0.0,0.0,0.0,0.0,0.0,0.0,0.0,0.0,0.0,0.0,0.0,0.0,0.0,0.0,0.0,0.0,0.0,0.0,0.0,0.0,0.0,0.0,0.0,0.0,0.0,0.0,0.0,0.0,0.0,0.0,0.0,0.0,0.0,0.0,0.0,0.0,0.0,0.0,0.0,0.0,0.0,0.0,0.0,0.0,0.0,0.0,0.0,0.0,0.0,0.2977871320460013,0.424551756333971,0.01384589352711113,0.35373133615726604,0.42921404308835387,0.0008871810395776697,0.43964625756180975,0.4245157532238249,-0.0024977300912808133,0.49317831278162383,0.4092299766585539,0.006394201338953987,0.4006458581725168,0.537974538887339,-0.07065202075995494,0.40170030196271206,0.5539926391602552,-0.033467259572622574,0.3996972150814714,0.5206463131110382,-0.07703529141573709,0.39853746471236917,0.4964365255312093,-0.07426968823872174,0.3860078378122077,0.5219192652600114,-0.07505747971995042,0.41328215811899743,0.5194247193639914,-0.07585149392723442,0.3475743286885204,0.616598815099037,0.020466472706537404,0.46235836382376583,0.6114353477146581,0.01604290081759659,0.4062520297483196,0.5934274937366824,-0.02952919454522277,0.40779899394596275,0.6515260882339833,-0.008321816373047892,0.3331386343863841,0.6216430958672243,0.02269441929992629,0.4769550253783133,0.6089941730295434,0.017548817692891974,no,2025-11-18T07:29:51.565833
0.7958345928428647,0.8626899739432616,-6.261856368233661e-07,0.7319714862464624,0.8150328844394672,-0.00577360677649327,0.6879083264780173,0.7347203705994723,-0.01362848833910551,0.6559983142170338,0.6810262756640205,-0.026814977945511458,0.6169548290637736,0.6394828761097595,-0.039219679989792394,0.7379715223801265,0.6068498241553684,0.01099124421787075,0.6826355655644548,0.5619364650152823,-0.023530973326483254,0.6397836090106296,0.578563842321446,-0.05024092964920393,0.6104606757022908,0.6059285825838694,-0.06380356868312069,0.7708393636320121,0.6011012486651461,-0.0033907834980483127,0.6988477039291376,0.5519923761965906,-0.03770117202150043,0.6480884617750444,0.5814061422975478,-0.05585323289327221,0.6186719877580374,0.6137910583661474,-0.06101843591366106,0.80084672586614,0.6163585743919373,-0.02237478172093124,0.7165750679957537,0.6249248336066393,-0.05781964511043223,0.7094108478662631,0.7009404990027064,-0.057750415674867966,0.7223350905217579,0.7500090413410423,-0.047949624387251165,0.8231018955886761,0.6497617031496805,-0.04298655289201438,0.7502154175602482,0.6641044128813663,-0.06750661154930454,0.7342643444050498,0.7230878450036803,-0.0635463663198848,0.7386071357588506,0.761680113085303,-0.05383286990689788,0.0,0.0,0.0,0.0,0.0,0.0,0.0,0.0,0.0,0.0,0.0,0.0,0.0,0.0,0.0,0.0,0.0,0.0,0.0,0.0,0.0,0.0,0.0,0.0,0.0,0.0,0.0,0.0,0.0,0.0,0.0,0.0,0.0,0.0,0.0,0.0,0.0,0.0,0.0,0.0,0.0,0.0,0.0,0.0,0.0,0.0,0.0,0.0,0.0,0.0,0.0,0.0,0.0,0.0,0.0,0.0,0.0,0.0,0.0,0.0,0.0,0.0,0.0,0.2974704067813243,0.4224092817066431,0.015786240329365292,0.35245235361692495,0.42677419516821563,0.002132612111817274,0.43755205651241885,0.42321094832536,-0.0027662966233080004,0.49172568559804153,0.4086922321342086,0.005057483286928244,0.3981554985662007,0.5363165450517322,-0.07056220138449217,0.3996073822168602,0.5522178164005774,-0.033581782289682525,0.3971656117445321,0.5188932017882919,-0.07686383571340939,0.396145884083861,0.49462569710989635,-0.07403806155424399,0.3835283777912967,0.5200170650431069,-0.07473612724772774,0.41078296410168924,0.5177896831187327,-0.07585439898192585,0.34650495912022306,0.6151434333998145,0.02149239635782488,0.4608547729038568,0.6110241978956439,0.015140079700451928,0.40415270786064816,0.5928230059969117,-0.029487882373965508,0.40584864634317486,0.6508515748958765,-0.00912323980191234,0.33143636068837024,0.6188636569462159,0.023726016829592946,0.4763100291209651,0.6075460548298962,0.016333068962492654,no,2025-11-18T07:29:51.699062
0.798950757515335,0.8600995550716064,-6.549482015241712e-07,0.734364412146745,0.8108371421499246,-0.003520249655121306,0.6904180223202769,0.730247001562935,-0.010420391069536041,0.6586809281484797,0.6771350481656437,-0.023082643435212432,0.6205659040643575,0.6350248259542786,-0.0352447716188319,0.7409616301304167,0.603785591704149,0.012701929833053608,0.6854758063780373,0.5585311487864802,-0.021410854635794403,0.641901546765294,0.5764784083490622,-0.04799334678845103,0.6121091132093455,0.606185278611881,-0.06135126027070139,0.7735377104567531,0.5982418801404497,-0.0024655317808424566,0.7017106676078794,0.5500055648625928,-0.036285011662777346,0.6502039763423104,0.5821648667172401,-0.054143808858058834,0.6207298806835995,0.6175999392592151,-0.05908696291761544,0.803324118338496,0.6136552374370575,-0.022039015282240962,0.7195404379361703,0.6220594023818566,-0.056521338971288956,0.7132341869889329,0.6972164855872449,-0.05648656779131429,0.7272269379515375,0.7461858298936962,-0.04705473461639227,0.8254428294986684,0.6464677286824605,-0.0430269351740107,0.7515173884313845,0.661748265667673,-0.06692799190851381,0.7365949603075359,0.7206304360211273,-0.06293124672066666,0.742328508370148,0.7589698964398073,-0.053339781204698254,0.0,0.0,0.0,0.0,0.0,0.0,0.0,0.0,0.0,0.0,0.0,0.0,0.0,0.0,0.0,0.0,0.0,0.0,0.0,0.0,0.0,0.0,0.0,0.0,0.0,0.0,0.0,0.0,0.0,0.0,0.0,0.0,0.0,0.0,0.0,0.0,0.0,0.0,0.0,0.0,0.0,0.0,0.0,0.0,0.0,0.0,0.0,0.0,0.0,0.0,0.0,0.0,0.0,0.0,0.0,0.0,0.0,0.0,0.0,0.0,0.0,0.0,0.0,0.30068854296738334,0.4183499145387769,0.017008110175540228,0.35546997983275447,0.4228095965255293,0.002959100095940368,0.44124632666567143,0.4194319246297897,-0.002591293483057885,0.49487689256746864,0.40461781191938395,0.004808707316106114,0.4005062371800196,0.531149909517367,-0.07105893027970564,0.4022291709973461,0.5470862860918293,-0.03408426613029773,0.39947954583198286,0.5136148431102562,-0.07728374896503637,0.3985416312451928,0.4894000339377912,-0.07433696242919108,0.38591252077621785,0.514704901692696,-0.07508600577231091,0.413125590022036,0.5125598119573156,-0.0763476866862163,0.3494898988077388,0.6116090194323749,0.021951576167429723,0.4635887315761731,0.6077597424185861,0.01471774689530424,0.4068456523645816,0.5891396886521424,-0.0300364050111357,0.40884667345902487,0.6474611895074933,-0.009565348339124934,0.3341136846996157,0.6136984898786713,0.0241370613625561,0.4801735055902219,0.6028860626169745,0.01569532661666379,no,2025-11-18T07:29:51.836105
0.8021160194932937,0.8588328664583038,-6.824160041864185e-07,0.7376938273101736,0.809384878715038,-0.002400428247929235,0.6935402539598974,0.7284104430250435,-0.008659303055050289,0.662332451541052,0.6752522577120486,-0.020931303345070512,0.6245718066311778,0.634298761796872,-0.032842264214748514,0.744734833133522,0.6015813437017297,0.013767507535993585,0.688276400160149,0.557279310402838,-0.0204590699216522,0.644237545156939,0.5767291717591411,-0.04715433144965021,0.6142421605551732,0.6084881232765826,-0.060470019517355436,0.7771457806968214,0.5956604255247842,-0.0019518468605781662,0.7038694155204772,0.5484257090956488,-0.035945092610387044,0.651897417162473,0.5826629613794788,-0.05383592661542792,0.6221936430300169,0.6202275628608087,-0.05857161215403153,0.8068802431635412,0.6106063266996384,-0.02201606820724778,0.7218401237723149,0.6203345048007763,-0.05660154558809199,0.7163305286675011,0.6972186141448645,-0.0565132137070156,0.7308518117377621,0.747258479722315,-0.04688396331613929,0.8289878262922267,0.6432881868223856,-0.0434150303969495,0.7541205749949587,0.658899622879384,-0.06752967094467248,0.7396708653447317,0.7189066553503464,-0.06342598406618584,0.7458345808948212,0.7580122318884217,-0.05360144281875977,0.0,0.0,0.0,0.0,0.0,0.0,0.0,0.0,0.0,0.0,0.0,0.0,0.0,0.0,0.0,0.0,0.0,0.0,0.0,0.0,0.0,0.0,0.0,0.0,0.0,0.0,0.0,0.0,0.0,0.0,0.0,0.0,0.0,0.0,0.0,0.0,0.0,0.0,0.0,0.0,0.0,0.0,0.0,0.0,0.0,0.0,0.0,0.0,0.0,0.0,0.0,0.0,0.0,0.0,0.0,0.0,0.0,0.0,0.0,0.0,0.0,0.0,0.0,0.30618352097538326,0.41535806297655703,0.017357014698291907,0.36065425375609894,0.4204570629531638,0.003168437063886591,0.4469793120526233,0.4171695261242897,-0.0027314964407206916,0.500766143799222,0.4019400306945705,0.00436429640496053,0.40597472043384375,0.5282744395838177,-0.07076850599144584,0.4078062082327429,0.5443617937684183,-0.033946038263126886,0.40491617107406486,0.5107549775739575,-0.0769690245293436,0.4040095964787289,0.4865938895875708,-0.074033559127403,0.3913818364789216,0.5118493828760722,-0.07473824955282529,0.4185888248362286,0.509739478770711,-0.07608266191586778,0.3548769212399595,0.6096588261891946,0.02217180628035726,0.4705228294378363,0.6054710291225011,0.014456702115263004,0.41246448124591994,0.587539816221289,-0.029972587853232206,0.41447326396416206,0.6447876163716361,-0.009642991969756492,0.3399986760843202,0.61081511150504,0.024371005731369792,0.4860238766898024,0.6004339961980136,0.015370844690898585,no,2025-11-18T07:29:51.959032
0.8116184984475135,0.853742763652507,-6.907940617490579e-07,0.744805654366299,0.8043860774438379,-0.0018276068523119487,0.7003803445512072,0.7226210039641514,-0.007750413081095773,0.6682626784835387,0.6688514346516938,-0.0196760445052913,0.6287407012987585,0.6295639078378281,-0.03132814107566792,0.7522724914015846,0.5950249476687359,0.014113887051880126,0.6935173223373072,0.5504371035981017,-0.018958502009053885,0.6486829355480588,0.5705339875252309,-0.04487846133310719,0.6186632932406908,0.60232951276439,-0.05787576597830319,0.7841922529411078,0.5888784117007618,-0.0016360345684205526,0.7073442703479766,0.5421859497264285,-0.03409062200380764,0.6546698742382799,0.5776719557721368,-0.05139357877931545,0.6249831659478393,0.6141860422870328,-0.0561778888427142,0.8129240013863819,0.6039434443118096,-0.021565757335237527,0.726359804689731,0.6152620011358161,-0.05471092779234846,0.7217561008587139,0.6908727374294117,-0.05468967983772639,0.7373126360629729,0.7390340841452151,-0.04569636298689082,0.833246017190074,0.6363776880671834,-0.042803690734988076,0.7570509844045228,0.6533045260717263,-0.06583778562687917,0.742500271701678,0.7127925825312829,-0.06169110714468235,0.7484907467347947,0.7512350662062806,-0.05224074375873749,0.0,0.0,0.0,0.0,0.0,0.0,0.0,0.0,0.0,0.0,0.0,0.0,0.0,0.0,0.0,0.0,0.0,0.0,0.0,0.0,0.0,0.0,0.0,0.0,0.0,0.0,0.0,0.0,0.0,0.0,0.0,0.0,0.0,0.0,0.0,0.0,0.0,0.0,0.0,0.0,0.0,0.0,0.0,0.0,0.0,0.0,0.0,0.0,0.0,0.0,0.0,0.0,0.0,0.0,0.0,0.0,0.0,0.0,0.0,0.0,0.0,0.0,0.0,0.3168499489737909,0.4132860881060153,0.021440902082872932,0.36961438705280075,0.4170731891361126,0.004885507697335813,0.45599391954655244,0.4129273965479389,-0.004495108020728894,0.5110293555261674,0.39625617009429454,0.0006380470387353384,0.41246371195489795,0.5255288296990591,-0.07107374849962536,0.4157874835032733,0.5409574030697408,-0.034242995568655274,0.4110237379074853,0.5080255741427374,-0.07723545506114053,0.41014563340534194,0.4837557461825259,-0.0742421787300471,0.39780414429555977,0.50926731991704,-0.07460397872953574,0.4247456082541815,0.5067197781522165,-0.07674473159961365,0.36700134757333364,0.606700355210381,0.024544442871979186,0.48095339961080963,0.6011161576905992,0.01189009970904661,0.42239462417932594,0.5843330742521545,-0.030301017291624932,0.4254177950546671,0.6420975063440821,-0.009347365603979533,0.35196608985604866,0.6064374763305229,0.027110219070089727,0.4973333048934394,0.5939131035792009,0.012429302006413304,no,2025-11-18T07:29:52.102002
0.8208058732166768,0.8472815976808983,-7.005582077871174e-07,0.752047459522627,0.7975862612923383,-0.0011040830764250506,0.7071019507256158,0.7159534892333574,-0.006410497090988437,0.6744279057281279,0.6616835293490098,-0.017749793788519062,0.6342801020646319,0.623529901134948,-0.028823955609051974,0.7576148533553638,0.5882066211827719,0.014578328387260319,0.6985093926368543,0.5441277081215301,-0.017452711485097736,0.6534729518057066,0.5639066083446772,-0.042579962373768904,0.6235013515344384,0.5946739416963734,-0.055265969842178936,0.7897032443618656,0.5814550611627283,-0.0012730308478339281,0.7116631153223038,0.536161565504236,-0.03234544426745872,0.6589786377188104,0.572391366336691,-0.048826680993842825,0.6296023896774872,0.6081879107843244,-0.053551078231281225,0.8184962440384516,0.5962716822923184,-0.021223461077119837,0.7320740025340745,0.6074616160883853,-0.05352662662066916,0.7288087607450613,0.6822453482259668,-0.05331272472764196,0.7453423546182479,0.7294803399165406,-0.044695440746708885,0.83865244422965,0.6286107876981425,-0.042430984305086544,0.7623074915518555,0.6460037573481495,-0.06507111342024348,0.7468303274630826,0.7052150702573406,-0.06099561877088186,0.7514071444264336,0.7438226930057129,-0.051960410313039745,0.0,0.0,0.0,0.0,0.0,0.0,0.0,0.0,0.0,0.0,0.0,0.0,0.0,0.0,0.0,0.0,0.0,0.0,0.0,0.0,0.0,0.0,0.0,0.0,0.0,0.0,0.0,0.0,0.0,0.0,0.0,0.0,0.0,0.0,0.0,0.0,0.0,0.0,0.0,0.0,0.0,0.0,0.0,0.0,0.0,0.0,0.0,0.0,0.0,0.0,0.0,0.0,0.0,0.0,0.0,0.0,0.0,0.0,0.0,0.0,0.0,0.0,0.0,0.32288751106030544,0.41117474347202926,0.025565029732263357,0.3740551295367611,0.41337791031436366,0.006999126610394286,0.45969095775244034,0.4059227443993815,-0.005439811844962869,0.5163439476491005,0.3889832603038764,-0.001907501001297738,0.41487214826432184,0.5205829647209743,-0.07113814370357664,0.419742030526127,0.5358748196989329,-0.03444771865434564,0.4129539141655346,0.5030152884398913,-0.07718089334425474,0.41193428287202827,0.47867107823328414,-0.07402660902931112,0.40004056854670567,0.5046067782637262,-0.07421453120126803,0.42672126933132964,0.5013987770537083,-0.07701198574628662,0.37518216313507835,0.6034237714600947,0.02520387566574976,0.4881853184463045,0.5947778707344903,0.007978365220657353,0.4253936066357903,0.5787586630187165,-0.03120299129549642,0.4302527081333364,0.6379528807698499,-0.009674677342740747,0.3630523715671997,0.6039278367427608,0.028300919604188637,0.5044487500247684,0.5883785016530343,0.008453861534322184,no,2025-11-18T07:29:52.225144
0.8348252603121042,0.8461149447297314,-7.130233634124355e-07,0.763937314470481,0.7953251595596671,0.00011309286284811552,0.7190128612919156,0.7114525835162911,-0.005193584290903349,0.6844909683116805,0.6565895228246056,-0.01685288639651068,0.6419050776016824,0.6175524840891262,-0.028254342577680246,0.7730045926437159,0.5809842209879619,0.016686481849014702,0.7104875134914312,0.5399159518104751,-0.014786248218153879,0.6635747808993437,0.5598479202993527,-0.040167569399374534,0.6325572684700849,0.5904571166459163,-0.05347544293080932,0.8050011070537508,0.5746481166905255,-0.0004078043256008385,0.7215921522675515,0.5296633063364838,-0.030985935742888354,0.6674491746543119,0.5668297585715589,-0.047483390900397174,0.6380940462868027,0.6027117952053946,-0.05271982048508832,0.8325893962807004,0.5903547647148848,-0.021590806454671388,0.7404834529310083,0.600197724843738,-0.053900168137738604,0.7365428507838313,0.6768590680415112,-0.05283154467654795,0.7538143002205773,0.7252159485379822,-0.04391736168035079,0.8499921323588131,0.6239928890806996,-0.04402684908446809,0.7697855068499939,0.6395720116448846,-0.06748824567234288,0.7541518425702711,0.7003078925658042,-0.06315167013325511,0.7595143010015927,0.7398757632451813,-0.053980269350722296,0.0,0.0,0.0,0.0,0.0,0.0,0.0,0.0,0.0,0.0,0.0,0.0,0.0,0.0,0.0,0.0,0.0,0.0,0.0,0.0,0.0,0.0,0.0,0.0,0.0,0.0,0.0,0.0,0.0,0.0,0.0,0.0,0.0,0.0,0.0,0.0,0.0,0.0,0.0,0.0,0.0,0.0,0.0,0.0,0.0,0.0,0.0,0.0,0.0,0.0,0.0,0.0,0.0,0.0,0.0,0.0,0.0,0.0,0.0,0.0,0.0,0.0,0.0,0.3270108704793791,0.4088652129463799,0.03357160913540734,0.376067391161508,0.4105738100699397,0.011105603525904797,0.4600734708148112,0.3990432638556127,-0.007425657237240689,0.5161660295725361,0.38078631992645146,-0.007400697378635062,0.4117834908906982,0.5137595190120985,-0.0708631724939926,0.41905974478767594,0.5292824685290471,-0.03478056577060182,0.4092820291519354,0.49643175737435696,-0.0766562154504515,0.4083951545223331,0.47251188971020897,-0.07322712345219562,0.3968911328098442,0.4984448973534894,-0.07301625148363153,0.42308868191736615,0.4945729698170992,-0.07715355513853943,0.3802470472533836,0.5997123704350187,0.027463867994589435,0.49204652117498027,0.5883404555717893,0.0019746329284118435,0.42364692460142633,0.5723698467414444,-0.03242179788084815,0.43122212943249766,0.6315382802038794,-0.010898199256791696,0.3701751547186127,0.6000263621045958,0.03126202944511495,0.5090622198610171,0.5818702641722355,0.0019454472715531197,no,2025-11-18T07:29:52.384539
0.8484559272084355,0.8437146004604925,-7.1599932491514e-07,0.775593559006786,0.7917912302066982,5.316140674039134e-05,0.7296688878736647,0.7082762917104619,-0.005573203633358846,0.6932423062745994,0.6531107797552747,-0.01759406969838504,0.6488445144420918,0.615395796802635,-0.029347061801366158,0.7846116727523694,0.5770414402516714,0.01597084033149478,0.719069048140903,0.5369434519222358,-0.014970366904454909,0.6714600155145217,0.5576230432395048,-0.03991143928492954,0.6405376769749106,0.5880147094936887,-0.053245251826818614,0.8162683085584611,0.5709780924829886,-0.0011656447012935458,0.72958327539258,0.5260072558427262,-0.030759244767444086,0.6760769776164626,0.5632085589999823,-0.04686129593993419,0.6474140478035117,0.5968886606070003,-0.052634004600630745,0.843380813023773,0.587251556046331,-0.02232723306132007,0.7494668613150525,0.5957923791531312,-0.05418742301413888,0.7460827380673918,0.6724158163693884,-0.053077332277658436,0.7635506492462597,0.719843197323877,-0.04479458184723163,0.8596871972943663,0.6216145301631373,-0.04472517652480374,0.7778683221963593,0.6350640889084561,-0.06790832430440073,0.7612189161658118,0.6958611840033916,-0.06362939881045729,0.765430435031436,0.7358649520018479,-0.05503150488839292,0.0,0.0,0.0,0.0,0.0,0.0,0.0,0.0,0.0,0.0,0.0,0.0,0.0,0.0,0.0,0.0,0.0,0.0,0.0,0.0,0.0,0.0,0.0,0.0,0.0,0.0,0.0,0.0,0.0,0.0,0.0,0.0,0.0,0.0,0.0,0.0,0.0,0.0,0.0,0.0,0.0,0.0,0.0,0.0,0.0,0.0,0.0,0.0,0.0,0.0,0.0,0.0,0.0,0.0,0.0,0.0,0.0,0.0,0.0,0.0,0.0,0.0,0.0,0.35478782678784626,0.4029478279497448,0.028203603265652126,0.40703400528648825,0.40325172232050754,0.008910172845481824,0.4912430344739492,0.391533360810596,-0.0038242721330903557,0.5474292626977213,0.3739608031288141,6.232932107167778e-05,0.44878445780000914,0.5048833615339423,-0.07218373570969619,0.4540199147226725,0.5212903708077975,-0.03535716614233235,0.44656257355214113,0.48733983405617415,-0.07808657390936499,0.44523120584412096,0.4633647959302769,-0.07451917654920076,0.4335743267427517,0.48967198154322267,-0.07505238198194523,0.4604415656233712,0.4852593553776429,-0.07789668022773225,0.4109684033731289,0.5919214778143264,0.022736773693284803,0.5231707920968895,0.5799151630600188,0.005667620786597671,0.45991250758689173,0.5642990932067665,-0.032886671085814584,0.4662325921496442,0.6227996390834155,-0.013391086993880086,0.39821848358355716,0.5935989285326904,0.025878857131274153,0.5395047312989167,0.5726333590148287,0.006143087102963249,no,2025-11-18T07:29:52.510135
0.8567402171270907,0.8391163973295505,-6.912223208127956e-07,0.7846469780107019,0.7869323043848127,-0.0009348487943225384,0.7395821374754981,0.703425894192023,-0.0076164188025547915,0.7023876879425975,0.6480067260230383,-0.020569542650844475,0.6563393941286234,0.6085510018005942,-0.03308087013086287,0.7947698089446966,0.5726570154444393,0.015521413287311778,0.729561887370775,0.5336705825532962,-0.01576980439291273,0.6815456663265969,0.5535623503627334,-0.04103758820158686,0.6500138033254832,0.5820731756792327,-0.054683198135284494,0.8266741849970802,0.5663659211652003,-0.0012989115634480803,0.7396801174059153,0.5196053489697182,-0.03111093099296925,0.6868182863622474,0.5556798472223117,-0.046932472557550634,0.6584794915149761,0.5876579280780058,-0.05275536892204809,0.8534917554365233,0.5823825658001125,-0.022309029452565552,0.7587127511836493,0.5889186989130372,-0.05478183106754956,0.7556718364485518,0.6669601021124592,-0.05276902745145701,0.7732630422516089,0.7154982628713044,-0.04381202534677637,0.8690333307219207,0.6163705063249311,-0.044672029381834316,0.7875108379437301,0.6279457626777998,-0.06821876764455381,0.7701247388064777,0.688967239559908,-0.06361732759455398,0.7729619962422958,0.7294466568995903,-0.05491852594368529,0.0,0.0,0.0,0.0,0.0,0.0,0.0,0.0,0.0,0.0,0.0,0.0,0.0,0.0,0.0,0.0,0.0,0.0,0.0,0.0,0.0,0.0,0.0,0.0,0.0,0.0,0.0,0.0,0.0,0.0,0.0,0.0,0.0,0.0,0.0,0.0,0.0,0.0,0.0,0.0,0.0,0.0,0.0,0.0,0.0,0.0,0.0,0.0,0.0,0.0,0.0,0.0,0.0,0.0,0.0,0.0,0.0,0.0,0.0,0.0,0.0,0.0,0.0,0.37079611433119425,0.3999384417010458,0.028221456526701185,0.42197699624408946,0.4006776436490767,0.009157257267862057,0.5062942951281336,0.39050503866449904,-0.0036856409561153544,0.5633452530205373,0.3724896362312314,-0.0001763093290402624,0.46351321893792263,0.5040141705054355,-0.07165052371288795,0.46831217937480973,0.5201362416077409,-0.03498426827841391,0.46140850347280976,0.48653555397285786,-0.07753844014338794,0.46013044149837734,0.46238151991719534,-0.07400686878288018,0.4482931235974348,0.4887776405661899,-0.07449716400580417,0.47534404998545265,0.4845189309475266,-0.07738160505484322,0.4244924984146986,0.5885352339842964,0.022594087225060372,0.537745666024107,0.5776426777938949,0.005303746080557675,0.4752523893382228,0.5610797636310474,-0.032573348934282834,0.4806482614497687,0.6192559918649347,-0.01356729360956302,0.41198545736890413,0.5926188064027282,0.025819837702051603,0.5528180423386063,0.572930441886107,0.005864437926060816,no,2025-11-18T07:29:52.637749
0.8629522525855333,0.8379875733595994,-7.032326910175386e-07,0.7907452831814527,0.7849803044808432,-0.0005812877132348172,0.7449233016421832,0.7022479226247285,-0.0072436057577855316,0.708094178329514,0.6470297518951098,-0.0202371022872457,0.6627956266583517,0.6071934880085277,-0.03275080855648024,0.80131047233772,0.5706400704987852,0.015756326082244507,0.7359338810976495,0.5307657312256837,-0.0160271397479667,0.6880498784132374,0.5509838796109932,-0.04185514841607434,0.6559633905104741,0.5798672257714401,-0.05580228609402374,0.8325887430703632,0.5648047147520643,-0.001233294336754565,0.7456027299351812,0.5188799254423482,-0.03083025468081652,0.6938886863901996,0.5541456587223924,-0.04693130715227423,0.6662513214563406,0.5835920570336928,-0.05321060775413775,0.8593040268176116,0.5806709856111616,-0.02240390143174094,0.764293602364133,0.5860664611489472,-0.054668960726135654,0.7611915357474692,0.6642818956530924,-0.05244982977697324,0.7788247789344898,0.7117848665659623,-0.04344815388740128,0.8751985997176498,0.6148514485550742,-0.044903549510162497,0.7929528483904289,0.6242353229740317,-0.0682774446912554,0.7773140993684489,0.6855596958106852,-0.06311997089971877,0.7825606873854454,0.7258231974626278,-0.05393960243936813,0.0,0.0,0.0,0.0,0.0,0.0,0.0,0.0,0.0,0.0,0.0,0.0,0.0,0.0,0.0,0.0,0.0,0.0,0.0,0.0,0.0,0.0,0.0,0.0,0.0,0.0,0.0,0.0,0.0,0.0,0.0,0.0,0.0,0.0,0.0,0.0,0.0,0.0,0.0,0.0,0.0,0.0,0.0,0.0,0.0,0.0,0.0,0.0,0.0,0.0,0.0,0.0,0.0,0.0,0.0,0.0,0.0,0.0,0.0,0.0,0.0,0.0,0.0,0.37287200993583025,0.3982147015071468,0.03177881529876815,0.42252250650579565,0.39971086006973944,0.010675136987879622,0.5063983127156628,0.3899241650927857,-0.005305506681477839,0.5635404882580104,0.3725320126060484,-0.0036521585195101367,0.4598040548854118,0.5035381795653856,-0.07124934905303248,0.4657592948914149,0.5197208546066658,-0.034873478129771304,0.45766440412402387,0.48616995157844706,-0.07709365438189181,0.456853592550565,0.4621942530292001,-0.0735821119861018,0.44485199647870244,0.4882602558061281,-0.07369336893894678,0.47165898385407734,0.48432333053933796,-0.07729114301299442,0.42375179637321997,0.5874214394141758,0.024653180701961472,0.5372778234467002,0.5778013758709006,0.00276294610664288,0.4697464552653867,0.5602739866872736,-0.03245129580538967,0.4756537736167682,0.6183602075222806,-0.013341916067095352,0.4131003918390541,0.5908853626454101,0.028247227719791632,0.5526468665901405,0.5736004047542412,0.003072202843247595,no,2025-11-18T07:29:52.759486
0.8608470362220422,0.8395555771461083,-6.983264976524837e-07,0.7900909905706763,0.7848919070965312,-0.0012924201690952953,0.7452568750108499,0.7026402677126633,-0.008794891861594068,0.7083623104744189,0.6474202843299707,-0.022486153581357454,0.6630054233164347,0.6068577260408544,-0.03552649026592723,0.8036489450178133,0.5719859516922636,0.014150137224741276,0.7391334082154507,0.5309685265472901,-0.01861156815033623,0.6910603770289606,0.5506397056803592,-0.04513141485120467,0.6585286703910402,0.5792988746788567,-0.05944163745919563,0.8342782611149546,0.5675022213820746,-0.0023802338217737695,0.7477777615282595,0.523589807367628,-0.032162138212176256,0.6988465300656748,0.5587358895494896,-0.04830742596852927,0.673601339172079,0.5855889915448005,-0.05488553597874772,0.860277124273445,0.5841339692631766,-0.023153140204043,0.764829959102904,0.5887655499294846,-0.05499642975920125,0.7614810708942119,0.6652781024057088,-0.05244834902380442,0.778929845760351,0.7108030751916268,-0.04342450015455994,0.8754215225684807,0.6188889312839916,-0.045355954745372844,0.792779273249551,0.6262436463941661,-0.06810632161835567,0.7776865525528768,0.6855287878963399,-0.0627665858178823,0.7837545777968792,0.7244569826615201,-0.053557073282581746,0.0,0.0,0.0,0.0,0.0,0.0,0.0,0.0,0.0,0.0,0.0,0.0,0.0,0.0,0.0,0.0,0.0,0.0,0.0,0.0,0.0,0.0,0.0,0.0,0.0,0.0,0.0,0.0,0.0,0.0,0.0,0.0,0.0,0.0,0.0,0.0,0.0,0.0,0.0,0.0,0.0,0.0,0.0,0.0,0.0,0.0,0.0,0.0,0.0,0.0,0.0,0.0,0.0,0.0,0.0,0.0,0.0,0.0,0.0,0.0,0.0,0.0,0.0,0.3735139593794218,0.39612554197194955,0.03266544784580284,0.42329948712912613,0.3974241148512302,0.011285388404883318,0.507355358435697,0.3882371169740357,-0.005225550346735028,0.5637495069578321,0.3713508260967254,-0.004010408115701729,0.4593097849633816,0.4996323675756234,-0.07044795435434942,0.46549990160468113,0.5162265311908909,-0.034694159411026514,0.4572674352973711,0.482174479673539,-0.07613210057599382,0.45669308014502585,0.4583688621827824,-0.07254562859317717,0.44473004439337344,0.4841090522967179,-0.07268801535536054,0.47103673668087626,0.4806266763895115,-0.07640931609916383,0.4235295926970699,0.5841299704337877,0.024593394815142132,0.5366934268467174,0.5763040032411602,0.0019025036795811841,0.46813092366521747,0.5574527887652372,-0.032473292923179756,0.4738568544740564,0.6160358121218124,-0.013707304975734032,0.4136147500147953,0.586957107792508,0.02815262871551906,0.5521284595878712,0.5718836453035274,0.002077909621692569,no,2025-11-18T07:29:52.902265
0.8607523044841595,0.838008500986842,-6.884806301300138e-07,0.7906012895243824,0.7849981505277883,-0.0021537200499972195,0.7462118139130482,0.7028669578347557,-0.009393366160500221,0.7105635252323266,0.6469495878513256,-0.022607512567746867,0.6657737849995871,0.6051539227681231,-0.03512459176520582,0.8020235579829209,0.5724942046554885,0.014195851121816781,0.739892805887663,0.5307491320099121,-0.01921564579626654,0.6918268267648313,0.5495820129029696,-0.04552020304931011,0.6588053925437715,0.5773199006630214,-0.059376495064694175,0.8329634246477483,0.5670435532512332,-0.002002119776018829,0.7485454089986116,0.5199771610976781,-0.03322940550170943,0.6982370968390202,0.5562890084363201,-0.049311628412545466,0.6723988403433332,0.584936946581879,-0.054829474311805425,0.8592624704180488,0.5827930204649471,-0.02260791370366554,0.765640271518844,0.5876015366472527,-0.05617878157791338,0.7616403223962637,0.666416151050648,-0.05402016544090974,0.7789938530674008,0.7125250019417454,-0.04430605191841976,0.8749628655666195,0.6168579244661535,-0.044600351516882936,0.793602559197865,0.6263331748301549,-0.0684409951793141,0.7782627425335338,0.6868197187410319,-0.0635128563001498,0.784396792730303,0.7250491464382582,-0.05405253989367792,0.0,0.0,0.0,0.0,0.0,0.0,0.0,0.0,0.0,0.0,0.0,0.0,0.0,0.0,0.0,0.0,0.0,0.0,0.0,0.0,0.0,0.0,0.0,0.0,0.0,0.0,0.0,0.0,0.0,0.0,0.0,0.0,0.0,0.0,0.0,0.0,0.0,0.0,0.0,0.0,0.0,0.0,0.0,0.0,0.0,0.0,0.0,0.0,0.0,0.0,0.0,0.0,0.0,0.0,0.0,0.0,0.0,0.0,0.0,0.0,0.0,0.0,0.0,0.3749407045699294,0.3945153588289161,0.03301422370212581,0.4242430456952622,0.3952694153329103,0.011635686983544316,0.5075917076239918,0.3867582521048386,-0.004989854274646892,0.5632508471049384,0.37021276417980187,-0.003959217306756404,0.4601253710163893,0.49636683319233743,-0.06962873554113688,0.46621407262088305,0.5133717363691424,-0.0344370612912543,0.458163143150509,0.47885563657196084,-0.07517676639250435,0.4576771840840104,0.45519412781342183,-0.07152652906666725,0.445792764916337,0.4807826470714013,-0.07173420963371398,0.471725331998771,0.4774408061846773,-0.07548499779724924,0.42395211634250773,0.5816191043270013,0.024117362968233812,0.5362813934084051,0.5747105999005331,0.001265428562685946,0.46829659112128214,0.5553095593129622,-0.03245622514496619,0.4736698359427396,0.6142819489152153,-0.014075148220532078,0.41458143299174977,0.58418208897621,0.027653918092789227,0.5518331356720025,0.5698627961911161,0.001389390715539143,no,2025-11-18T07:29:53.023251
0.8615300457128439,0.8385977933076758,-6.985323276815041e-07,0.7914206863710016,0.7854056814612513,-0.0016047859307701633,0.7467252845695918,0.7034245363133129,-0.008803743456804838,0.7111465556783734,0.6476932459024389,-0.022112901220375413,0.6663472234629283,0.6061642788507974,-0.03476289996375678,0.8029552241971489,0.5728715041355292,0.0144015360049773,0.7398765808708487,0.5305167981845977,-0.01864147957722711,0.6917960675724791,0.5496083241757127,-0.04505543124443693,0.6588472238979233,0.577555974558653,-0.0590899559266361,0.8337391106908023,0.5683059148282839,-0.0019301982201491152,0.7487645749025955,0.523311917388515,-0.03198827452670835,0.6994081912303316,0.5584851757574667,-0.04807530615296997,0.6738148505267386,0.5846362560744478,-0.0543072948961142,0.8600826879411105,0.5842596109996092,-0.022572362095587155,0.7661300365200726,0.5878806085068844,-0.055367417354866076,0.7619308591828273,0.6663917515297337,-0.05283245396488541,0.7785908024187101,0.7129255492382371,-0.0433119614613814,0.875941872226898,0.6184191298508745,-0.0445826476387582,0.794265793377619,0.6251666832593463,-0.06827743677432273,0.779310528523847,0.6860565177910787,-0.0629568948276214,0.7856566137475826,0.7257871967676368,-0.05333270913794194,0.0,0.0,0.0,0.0,0.0,0.0,0.0,0.0,0.0,0.0,0.0,0.0,0.0,0.0,0.0,0.0,0.0,0.0,0.0,0.0,0.0,0.0,0.0,0.0,0.0,0.0,0.0,0.0,0.0,0.0,0.0,0.0,0.0,0.0,0.0,0.0,0.0,0.0,0.0,0.0,0.0,0.0,0.0,0.0,0.0,0.0,0.0,0.0,0.0,0.0,0.0,0.0,0.0,0.0,0.0,0.0,0.0,0.0,0.0,0.0,0.0,0.0,0.0,0.37651980482822334,0.3931629476067493,0.033505501586880815,0.42529297513149034,0.39389338669878093,0.011878257508018953,0.5090618347709345,0.3865352790160576,-0.005141085586675234,0.564847979666666,0.3695915642560005,-0.004292324982848479,0.46068186273044653,0.4947884701402132,-0.069370283513681,0.46686748262048483,0.51180981127501,-0.034340024462002884,0.45868508565053373,0.47730332456783314,-0.07488524460639318,0.45820490943340075,0.45376536858848887,-0.07121677779798968,0.4464548083614888,0.4792134856870373,-0.0714079314355284,0.4721495296840397,0.4759102324418565,-0.07523904331934377,0.4254583039741332,0.5798731846517513,0.02425171774978816,0.5374532274601993,0.5734749398237712,0.0008887857597042369,0.4694078433902691,0.5547562665777915,-0.03241638950412658,0.47484891564535814,0.6137927753285031,-0.014326595386203596,0.4156476781038079,0.5821204808379739,0.02776985543486574,0.552675775084689,0.5678488976377944,0.000929114124691889,no,2025-11-18T07:29:53.160516
0.43076502285642193,0.4192988966538379,-3.4926616384075205e-07,0.3957103431855008,0.39270284073062567,-0.0008023929653850816,0.3733626422847959,0.35171226815665646,-0.004401871728402419,0.3555732778391867,0.32384662295121946,-0.011056450610187707,0.33317361173146415,0.3030821394253987,-0.01738144998187839,0.40147761209857447,0.2864357520677646,0.00720076800248865,0.36993829043542437,0.26525839909229887,-0.009320739788613554,0.34589803378623957,0.27480416208785635,-0.022527715622218464,0.32942361194896164,0.2887779872793265,-0.02954497796331805,0.41686955534540115,0.2841529574141419,-0.0009650991100745576,0.37438228745129776,0.2616559586942575,-0.015994137263354174,0.3497040956151658,0.27924258787873335,-0.024037653076484984,0.3369074252633693,0.2923181280372239,-0.0271536474480571,0.43004134397055527,0.2921298054998046,-0.011286181047793577,0.3830650182600363,0.2939403042534422,-0.027683708677433038,0.38096542959141366,0.33319587576486687,-0.026416226982442705,0.3892954012093551,0.35646277461911857,-0.0216559807306907,0.437970936113449,0.3092095649254373,-0.0222913238193791,0.3971328966888095,0.31258334162967316,-0.034138718387161364,0.3896552642619235,0.34302825889553934,-0.0314784474138107,0.3928283068737913,0.3628935983838184,-0.02666635456897097,0.0,0.0,0.0,0.0,0.0,0.0,0.0,0.0,0.0,0.0,0.0,0.0,0.0,0.0,0.0,0.0,0.0,0.0,0.0,0.0,0.0,0.0,0.0,0.0,0.0,0.0,0.0,0.0,0.0,0.0,0.0,0.0,0.0,0.0,0.0,0.0,0.0,0.0,0.0,0.0,0.0,0.0,0.0,0.0,0.0,0.0,0.0,0.0,0.0,0.0,0.0,0.0,0.0,0.0,0.0,0.0,0.0,0.0,0.0,0.0,0.0,0.0,0.0,0.37533870619180637,0.39603008911595095,0.03466459288631207,0.42300370654653435,0.3968415537362389,0.012688674909342995,0.5062643694671476,0.388810764779826,-0.004953256163362774,0.5621059406409044,0.37053860739769934,-0.004490074169023193,0.4583565479013637,0.4984673868969651,-0.06883376778633193,0.46469296810925365,0.5153249429070973,-0.034108609194883885,0.4562523888926955,0.48111520629503257,-0.074295954375693,0.4556752514190853,0.4576110870280472,-0.07059586834731332,0.44409238559363196,0.4830882894839148,-0.0707490344288066,0.46968026887796954,0.4795977552618752,-0.0747206376910802,0.4239001084794906,0.5818552872988676,0.023637344898558555,0.5352389480768709,0.5747700016501669,-0.0004954990848107016,0.4679246628478979,0.5564539942660687,-0.0324515147105117,0.47333317473971703,0.6151684215940764,-0.015476965653566752,0.41465159879464075,0.5852083577228352,0.0272941185286497,0.5501626091171279,0.570104825825428,-0.00045347425856123106,no,2025-11-18T07:29:53.302185
0.21538251142821097,0.20964944832691895,-1.7463308192037602e-07,0.1978551715927504,0.19635142036531283,-0.0004011964826925408,0.18668132114239794,0.17585613407832823,-0.0022009358642012095,0.17778663891959334,0.16192331147560973,-0.005528225305093853,0.16658680586573207,0.15154106971269934,-0.008690724990939196,0.20073880604928723,0.1432178760338823,0.003600384001244325,0.18496914521771218,0.13262919954614943,-0.004660369894306777,0.17294901689311978,0.13740208104392818,-0.011263857811109232,0.16471180597448082,0.14438899363966326,-0.014772488981659025,0.20843477767270058,0.14207647870707096,-0.0004825495550372788,0.18719114372564888,0.13082797934712875,-0.007997068631677087,0.1748520478075829,0.13962129393936668,-0.012018826538242492,0.16845371263168465,0.14615906401861195,-0.01357682372402855,0.21502067198527763,0.1460649027499023,-0.005643090523896789,0.19153250913001815,0.1469701521267211,-0.013841854338716519,0.19048271479570683,0.16659793788243343,-0.013208113491221352,0.19464770060467754,0.17823138730955929,-0.01082799036534535,0.2189854680567245,0.15460478246271864,-0.01114566190968955,0.19856644834440476,0.15629167081483658,-0.017069359193580682,0.19482763213096174,0.17151412944776967,-0.01573922370690535,0.19641415343689564,0.1814467991919092,-0.013333177284485485,0.0,0.0,0.0,0.0,0.0,0.0,0.0,0.0,0.0,0.0,0.0,0.0,0.0,0.0,0.0,0.0,0.0,0.0,0.0,0.0,0.0,0.0,0.0,0.0,0.0,0.0,0.0,0.0,0.0,0.0,0.0,0.0,0.0,0.0,0.0,0.0,0.0,0.0,0.0,0.0,0.0,0.0,0.0,0.0,0.0,0.0,0.0,0.0,0.0,0.0,0.0,0.0,0.0,0.0,0.0,0.0,0.0,0.0,0.0,0.0,0.0,0.0,0.0,0.3716340228003404,0.39774952374689454,0.03502691127078894,0.41891808967387145,0.39844067289854546,0.01278504214310133,0.501878594745819,0.38967899035919706,-0.005303752751829283,0.557314061552752,0.37078075863869187,-0.005143561832673032,0.45375331667529123,0.5008097594656334,-0.06879935011998214,0.46049069761187017,0.5172273778122676,-0.03407088678843239,0.45156350371148446,0.4835765432386494,-0.07428010253569921,0.4510046130094618,0.4600681975801094,-0.07061819380433675,0.43948571017562305,0.4856404685897281,-0.07067604608546271,0.4650537765593461,0.4819105307204609,-0.07476289654377084,0.42121658272695084,0.5836123477147567,0.024329957471180406,0.531988067731215,0.575462832093394,-0.0005199865396669942,0.4647579979993808,0.5582388894517599,-0.032182265350980524,0.47046214081567456,0.6173167373377944,-0.01529250449074717,0.4116113763369032,0.5863502330339334,0.027980400535010046,0.5472168603027351,0.5699350179885502,-0.0005705204804076739,no,2025-11-18T07:29:53.395145
0.21816573044221294,0.5149861895698773,1.558049215609017e-08,0.23076210768606178,0.4818059561066524,-0.00358523798319915,0.23700779223356774,0.42241860468259673,-0.00781984296130688,0.23193794021213127,0.38124169027988863,-0.014110488222248122,0.22218723072884838,0.35216844855073137,-0.019778783853935746,0.2043852376541793,0.3497285616779824,-0.0005533092726969628,0.22111199208059681,0.3183875003067509,-0.018377208183904946,0.2397529635847664,0.31329299189220333,-0.03216053882212242,0.2561566098506437,0.3173355559800642,-0.039595059707847644,0.19171037634989246,0.3534328869518021,-0.007537541277425418,0.2141117379537897,0.3222474833831286,-0.023315546596064298,0.22947557491392329,0.34650759716690316,-0.029074881565529898,0.23526021310161654,0.36795461736315727,-0.030135711408017615,0.1852800625074551,0.3693322069482239,-0.016369588818459797,0.21111765583444497,0.3524128493005889,-0.03469019845370007,0.22878501267415194,0.391978221804147,-0.03167616383715673,0.23537077060186878,0.4214246714971106,-0.024833652249137098,0.18345494563724896,0.3956283578279627,-0.02596350170140964,0.20759360326012732,0.3827390110570612,-0.0391292538843241,0.22212526998012322,0.4111123262881396,-0.035108776190968506,0.22835735016071618,0.4349522335097577,-0.028297244616392447,0.0,0.0,0.0,0.0,0.0,0.0,0.0,0.0,0.0,0.0,0.0,0.0,0.0,0.0,0.0,0.0,0.0,0.0,0.0,0.0,0.0,0.0,0.0,0.0,0.0,0.0,0.0,0.0,0.0,0.0,0.0,0.0,0.0,0.0,0.0,0.0,0.0,0.0,0.0,0.0,0.0,0.0,0.0,0.0,0.0,0.0,0.0,0.0,0.0,0.0,0.0,0.0,0.0,0.0,0.0,0.0,0.0,0.0,0.0,0.0,0.0,0.0,0.0,0.3687677911958169,0.3997861496746176,0.035764833724584,0.41762957801717254,0.4007362196565939,0.012911623562989053,0.500848400289627,0.3910433975433757,-0.006121628989369699,0.5565964099916165,0.3717250191070199,-0.006500467408481578,0.4512459607296515,0.5026935192782573,-0.06925509296722908,0.45843183695748535,0.5190212261280424,-0.034283939807447095,0.4489653837527149,0.48552383835459234,-0.074773809306132,0.44848566679525825,0.4619986720541767,-0.07112901854471027,0.4368326124110766,0.4875863355359758,-0.07107034448390491,0.46264493945097585,0.4838761260083857,-0.07535618213118603,0.42060549828982124,0.5865358238779776,0.025454088539326413,0.5313863671347268,0.5779399643541159,-0.0006667245100520024,0.4643557018090242,0.5609944888333172,-0.03229812919088352,0.46980267632862893,0.6191646529058051,-0.014252348647184231,0.41019508149807193,0.5886950943249654,0.029204702147614333,0.546815975431824,0.5724975139724551,-0.000766460615565205,no,2025-11-18T07:29:53.522340
0.2013999323078031,0.6596359771320456,1.4982583470195726e-07,0.2362981952805614,0.611057358851666,0.0012492865922142115,0.2536022193427589,0.5305065266245168,-0.0007098298262186399,0.26299278204244414,0.47745037633272386,-0.007558715756184988,0.27599759883820196,0.44306859760643563,-0.013672158332460894,0.20572082785771784,0.4446294790697346,0.013176241280649904,0.23824242208380886,0.4092892963989504,-0.005770614852855831,0.26862702538674355,0.40589987326448396,-0.021082408547256393,0.2945966802028411,0.414858226989437,-0.02948174515370896,0.1827918408353161,0.44430690663736955,0.0012478370593404127,0.2242560573156514,0.39903770787045834,-0.0186352499432932,0.25488219520613764,0.4217150450739301,-0.026920409111658133,0.27261593673860585,0.4470267621785116,-0.027537071022569408,0.16653813806715834,0.45933685337683716,-0.013148540703609133,0.21839466730797719,0.43319885414515225,-0.03691123470784998,0.23739151880732134,0.49117604775738966,-0.03433428236089252,0.23961515004855402,0.5331160051058551,-0.025304557319064704,0.15729681400133322,0.48649544760599794,-0.028251861070421845,0.2097207746539551,0.4754742997923703,-0.04463063200819923,0.22606272648319134,0.5191432624578057,-0.04038524878476667,0.22743644830089718,0.5520222953342093,-0.03207153596383492,0.0,0.0,0.0,0.0,0.0,0.0,0.0,0.0,0.0,0.0,0.0,0.0,0.0,0.0,0.0,0.0,0.0,0.0,0.0,0.0,0.0,0.0,0.0,0.0,0.0,0.0,0.0,0.0,0.0,0.0,0.0,0.0,0.0,0.0,0.0,0.0,0.0,0.0,0.0,0.0,0.0,0.0,0.0,0.0,0.0,0.0,0.0,0.0,0.0,0.0,0.0,0.0,0.0,0.0,0.0,0.0,0.0,0.0,0.0,0.0,0.0,0.0,0.0,0.3770260479073262,0.4027964349657115,0.034242124202890106,0.4252904694790529,0.4050089900553859,0.011346676030813366,0.508993142691658,0.39625030892965446,-0.0079604871929144,0.5645749627129408,0.37729456836469766,-0.008604835594089498,0.45797796405222657,0.5086958037236776,-0.06865650501284848,0.4651593402002011,0.5245865648786727,-0.0334393270605963,0.4557806020898279,0.4915932807095075,-0.07435680850958189,0.4554546745040439,0.46787363328832643,-0.07106585526444345,0.4436709014852319,0.49341388851212087,-0.07065782012346034,0.46949687839972803,0.4900552565838666,-0.07498817725629355,0.4279694496272791,0.5905082288068172,0.02732556101701867,0.5390495318435017,0.5829262619316966,0.0009934330631379302,0.4712901535654542,0.5659081850637838,-0.03094092297796482,0.4765566878957598,0.6238392925669467,-0.011523961477312971,0.41695104492994417,0.5917539225706553,0.031115154807156015,0.5527932862064363,0.5779043570571809,0.0008651024804538367,no,2025-11-18T07:29:53.696354
0.1879793157194075,0.7334765276228008,2.499968860074873e-07,0.2316180650184202,0.6756037264419767,0.0009173706705788298,0.25491902863958016,0.5861347790536067,-0.0021581525087047393,0.2716882440676393,0.526399495989543,-0.010965583027873005,0.29626471791237186,0.48752089038074775,-0.01834763131379772,0.19848458512627332,0.49326973588229467,0.014793900468456151,0.2365628801483879,0.45194932616273203,-0.00614331593630226,0.2728942670926714,0.4504429056683443,-0.02216290580474039,0.3022327165796157,0.4631176615827922,-0.03053183239700581,0.1713186412075674,0.49270027705869024,0.0018905204907762683,0.22059191205778908,0.44082381776236235,-0.02105440817065888,0.25978750418208646,0.4628928125397879,-0.030305324672897357,0.28352589773255366,0.4894684418096995,-0.03086582425394618,0.15058382793040687,0.5074750961620667,-0.013849043789334369,0.21321192403656458,0.4771132393761192,-0.04157030046046663,0.23269783817525186,0.5439427091852439,-0.038223094757607094,0.2335192972194255,0.5923128238534341,-0.02725078888762979,0.1381056420389471,0.5349957110733542,-0.030328944715275124,0.2012139405625084,0.5218112179656431,-0.049101941389384035,0.2195156050252146,0.570893754041174,-0.043770577149861094,0.22051457075527264,0.6073588217984981,-0.033753477746755675,0.0,0.0,0.0,0.0,0.0,0.0,0.0,0.0,0.0,0.0,0.0,0.0,0.0,0.0,0.0,0.0,0.0,0.0,0.0,0.0,0.0,0.0,0.0,0.0,0.0,0.0,0.0,0.0,0.0,0.0,0.0,0.0,0.0,0.0,0.0,0.0,0.0,0.0,0.0,0.0,0.0,0.0,0.0,0.0,0.0,0.0,0.0,0.0,0.0,0.0,0.0,0.0,0.0,0.0,0.0,0.0,0.0,0.0,0.0,0.0,0.0,0.0,0.0,0.3848844898750651,0.4024958996012716,0.03353571747394547,0.4326661547777497,0.40448733592334574,0.010957808521419123,0.5159751444297065,0.39699560472308226,-0.007763077522836881,0.5724796979912208,0.3791427305066973,-0.007948638110429878,0.4650922485036981,0.5088818185736461,-0.06937227813618307,0.4721417941140013,0.5246391031046959,-0.03372458556265441,0.4629978272280423,0.49179925485289216,-0.07515934444772879,0.46276655651223775,0.4680919053072644,-0.0718840384184213,0.4508174075821774,0.49344949081444056,-0.07151404053868177,0.47679261983150156,0.490394544352381,-0.07571365974173319,0.4354009746848935,0.589965465798062,0.027170712933054623,0.5458597371112497,0.5835289003998235,0.0014315843601877,0.47790280595543366,0.5665089743430338,-0.031210762949010103,0.4832821187100335,0.6245932150090593,-0.01129994002001163,0.4236757082407289,0.5912343972270238,0.030978569330963338,0.5601375212083817,0.5787542529609635,0.0014580791887405455,no,2025-11-18T07:29:53.837054
0.17964671800603554,0.7699254195349722,2.985500694071668e-07,0.22681631315696477,0.7097990706241714,-0.00017012655403864763,0.253867852866543,0.6129000721363614,-0.0041676185145819574,0.2745126144702287,0.5495969666989952,-0.014109092355506402,0.304312487411348,0.5078809047469535,-0.02239317312508667,0.19453512899082526,0.5181826622831883,0.014740159117185772,0.23564192765449332,0.4759295274641099,-0.00786809635295228,0.27469892991111994,0.4746580697317552,-0.02497289464991639,0.30590222979554516,0.486966581397933,-0.0341320975720991,0.16409151549237547,0.5172744682870356,0.0012697468547036338,0.21709998418231402,0.46126664902400344,-0.024867296513358023,0.26094225262891557,0.4832650631912807,-0.0353711035992899,0.2873565175489474,0.5103057853408086,-0.03608350755353254,0.14022263608262744,0.5316481978574921,-0.015381698281977212,0.20853985110929715,0.4966348967991131,-0.04648177616328442,0.22878066133854527,0.5690564013608104,-0.043206622583772,0.22861598252113166,0.6200321968006794,-0.03145399306232228,0.12602791748363065,0.5587973178550976,-0.032889710934168974,0.1968673838087429,0.546943977923175,-0.054125029644639375,0.21379992279048893,0.6016368515670195,-0.04919461875521791,0.2119949708792118,0.6401187820082579,-0.03905605746533016,0.0,0.0,0.0,0.0,0.0,0.0,0.0,0.0,0.0,0.0,0.0,0.0,0.0,0.0,0.0,0.0,0.0,0.0,0.0,0.0,0.0,0.0,0.0,0.0,0.0,0.0,0.0,0.0,0.0,0.0,0.0,0.0,0.0,0.0,0.0,0.0,0.0,0.0,0.0,0.0,0.0,0.0,0.0,0.0,0.0,0.0,0.0,0.0,0.0,0.0,0.0,0.0,0.0,0.0,0.0,0.0,0.0,0.0,0.0,0.0,0.0,0.0,0.0,0.3897729284073049,0.4005985750772013,0.033307372801761555,0.43820393188583073,0.40326180768163594,0.01111376486198572,0.5220517947890873,0.39604990218549285,-0.0069858280565702705,0.5787212416176044,0.37930199457826164,-0.006782051959544835,0.4706572625956601,0.506955033203449,-0.06971383302518191,0.47744424231285243,0.5231049524198101,-0.03411812987909122,0.4687143580596312,0.4898564018996364,-0.07544850725585063,0.4686312072331315,0.4663028568980551,-0.07207041351491666,0.456528649436421,0.4914185313130583,-0.0718653352603382,0.48246947735902623,0.4886419980472766,-0.07593408371918088,0.43920936283168166,0.588447453148207,0.02658068894600424,0.5509681914811925,0.5836438657119967,0.0014927617167671276,0.4823621393001198,0.5659106501487355,-0.03169185181022702,0.48747475428986176,0.6242173397642801,-0.012032802313649041,0.42815506074153453,0.5895178076299303,0.03027932696898423,0.5653134638970375,0.578492227579496,0.0015598764213056832,no,2025-11-18T07:29:53.965245
0.17091516529555165,0.7869943698474422,3.29072473862885e-07,0.22038833135837435,0.723981539143949,0.0006368122429380696,0.24833659240598116,0.6252073614790237,-0.002942770570788254,0.2707051464227364,0.5607000894324139,-0.012694232892611018,0.3025066951750954,0.5183119666938503,-0.020628106108158052,0.18543233360847644,0.5292408005172045,0.015226603176694959,0.22743206527578258,0.48542278954515766,-0.006392540703260679,0.2678973758842862,0.48386344200470205,-0.022427138617244116,0.29983279955868414,0.4957935369281382,-0.03103756285459346,0.15414521989771512,0.5288148369114621,0.0013857099943737233,0.20915114367673593,0.4725328446707694,-0.024507251715381574,0.2559557269776429,0.4934359297279646,-0.03467073538135482,0.28481252085943465,0.5200183208797091,-0.035293377571202725,0.12965562428974015,0.5435922041972244,-0.015477475137220639,0.20104562868680115,0.5090557913999685,-0.046316423975082455,0.22144470578132935,0.5828976977411809,-0.0424925972437388,0.22112487911609563,0.635031017442927,-0.03044414701071627,0.11530331056276107,0.5711532623134741,-0.03317277981400832,0.18857676152927227,0.5589156227563721,-0.054228058110312165,0.20627015785692202,0.6134606126636215,-0.048956105333386124,0.20485584936601658,0.6518529376807647,-0.038574847570188545,0.0,0.0,0.0,0.0,0.0,0.0,0.0,0.0,0.0,0.0,0.0,0.0,0.0,0.0,0.0,0.0,0.0,0.0,0.0,0.0,0.0,0.0,0.0,0.0,0.0,0.0,0.0,0.0,0.0,0.0,0.0,0.0,0.0,0.0,0.0,0.0,0.0,0.0,0.0,0.0,0.0,0.0,0.0,0.0,0.0,0.0,0.0,0.0,0.0,0.0,0.0,0.0,0.0,0.0,0.0,0.0,0.0,0.0,0.0,0.0,0.0,0.0,0.0,0.3964214357984629,0.3961582727242238,0.033054796617855986,0.4444293831973633,0.39932863271311714,0.011089386024705905,0.5279911972392854,0.3938131557626988,-0.006682613286940445,0.5854465447189432,0.37773415423245205,-0.006324432017982213,0.47596195508647293,0.502799871395273,-0.06972567468438776,0.4824410879981239,0.5191231005614065,-0.03421731805794141,0.4742056884607009,0.4856404561893049,-0.07542107338038007,0.47431153023514183,0.46213435386406665,-0.07201051398363936,0.462023936563227,0.486997212357579,-0.07187718160674304,0.4879090677219478,0.4846827938530069,-0.07586910648103895,0.44328030495195075,0.5841501660978003,0.02626492429154889,0.5549937593224443,0.5813458324112046,0.0016472598368110635,0.4880406797307789,0.5623219971133997,-0.03187211359322577,0.49228715143406204,0.6204559844783162,-0.011962834794115713,0.4323355834351136,0.5852345405356225,0.029913155254521182,0.5694297579380512,0.5766437368518817,0.0017459041806065275,no,2025-11-18T07:29:54.103623
0.16627871679780404,0.7951091090951689,3.246368772321402e-07,0.21644929465887008,0.7327207822272327,0.00022696559691236072,0.24553293441233354,0.6303741320468086,-0.0035581071117388556,0.2689891968323551,0.5652567896731772,-0.01357032488118529,0.3021151175021748,0.5229875987949232,-0.02184742608956954,0.1821910981635293,0.5341757603374139,0.015292870657643601,0.22386925323182058,0.49086433623795667,-0.006736253534775863,0.26375656250249924,0.4889675820176709,-0.023366394790811713,0.2956838352108225,0.5014475959672735,-0.0323732687868205,0.14977901129697158,0.5339239163061491,0.0014132955818874162,0.20463480544422963,0.4783556342761501,-0.025099537874618983,0.2511236672979874,0.49728605673333653,-0.0358097770473907,0.2801561111796868,0.5230983404325303,-0.03658079896514486,0.12417220441471985,0.5488645382443946,-0.015650307938807617,0.1968277823428589,0.5143131902327601,-0.046917849015520124,0.21715848627536927,0.5890138918431551,-0.04345082066533597,0.21708565532876925,0.6421449943286107,-0.03153512717290345,0.10937066515763175,0.5762002066057269,-0.033639139078857225,0.1847871336566535,0.5660448708760193,-0.055055971270121906,0.20138288267611498,0.622850156013665,-0.05029469627728972,0.19920385133257876,0.662408725491307,-0.04023387617922212,0.0,0.0,0.0,0.0,0.0,0.0,0.0,0.0,0.0,0.0,0.0,0.0,0.0,0.0,0.0,0.0,0.0,0.0,0.0,0.0,0.0,0.0,0.0,0.0,0.0,0.0,0.0,0.0,0.0,0.0,0.0,0.0,0.0,0.0,0.0,0.0,0.0,0.0,0.0,0.0,0.0,0.0,0.0,0.0,0.0,0.0,0.0,0.0,0.0,0.0,0.0,0.0,0.0,0.0,0.0,0.0,0.0,0.0,0.0,0.0,0.0,0.0,0.0,0.3994788693017049,0.39319199060443677,0.033056999376232604,0.44858952637460636,0.39643447774686313,0.01130298365708805,0.5323778498823075,0.3908712082467211,-0.0060857519879034105,0.5894655626178792,0.3753300457041014,-0.005494722710341319,0.48045936311090154,0.49896402797611705,-0.06976754456537083,0.4866764497941593,0.5156116303416621,-0.03438346157964419,0.4787489403406944,0.48167106008012606,-0.07539282781048079,0.4788342414511891,0.4581313245236242,-0.07188060350342208,0.46651996317182653,0.48306198189023053,-0.07188516114019022,0.4924160485723539,0.48075990152226,-0.07579940593717666,0.4467488057829364,0.5810076449232898,0.025520716661601148,0.5586580985428292,0.5784476876575524,0.0014334852023885835,0.4915052622744471,0.5596920730806256,-0.03215901990622535,0.495698492933332,0.6178733727361368,-0.012511943025535191,0.43614517056277163,0.5827263980277447,0.02913745114793291,0.5730184032247782,0.5742654659811014,0.0015736947368894137,no,2025-11-18T07:29:54.231191
0.16489271664379795,0.7996388753311996,3.4107830064005066e-07,0.21424009113131492,0.737673963043548,-0.00014190150936416957,0.24377399908749917,0.6340601138520786,-0.003915423257344333,0.26784239282974415,0.568362511867686,-0.013797566942030786,0.3002660150289347,0.5253244611711432,-0.021994635993204815,0.17919859758516354,0.5389148626668758,0.01464448582107868,0.22026201537933804,0.4950149058032282,-0.007237027938178127,0.2600058710730651,0.4918497425469214,-0.023796045856080143,0.29229359540463606,0.5017128178543948,-0.03275555589981513,0.14602986946093238,0.5390821060965713,0.0010767115226234009,0.20029617345499445,0.4826869011243574,-0.025773925510724292,0.24740537282736513,0.4996309753538204,-0.036580595804331185,0.2777729806596524,0.5238128258788017,-0.037152106782520164,0.11986988841479744,0.5544327471514484,-0.01563333123567373,0.1926917722573021,0.5201129461581739,-0.047251629075073256,0.21353164555057602,0.5942648437754289,-0.044013803561914124,0.21462908923483826,0.6472782872071825,-0.031843182151534276,0.10504124010840839,0.5819429554184945,-0.03326468288540926,0.1806771727019115,0.5708273370378937,-0.05471634446348636,0.19778111193656442,0.627549636455624,-0.049937098714664147,0.19666770225282199,0.6674817284301628,-0.039630554427983286,0.0,0.0,0.0,0.0,0.0,0.0,0.0,0.0,0.0,0.0,0.0,0.0,0.0,0.0,0.0,0.0,0.0,0.0,0.0,0.0,0.0,0.0,0.0,0.0,0.0,0.0,0.0,0.0,0.0,0.0,0.0,0.0,0.0,0.0,0.0,0.0,0.0,0.0,0.0,0.0,0.0,0.0,0.0,0.0,0.0,0.0,0.0,0.0,0.0,0.0,0.0,0.0,0.0,0.0,0.0,0.0,0.0,0.0,0.0,0.0,0.0,0.0,0.0,0.4000755631241343,0.38734985756399054,0.03540626112660526,0.4494753891028305,0.3904434699716066,0.01278296685246933,0.5323658043471291,0.38338469531942077,-0.005949587998866585,0.589785369294932,0.3684994652291411,-0.006155456921726517,0.47977966112297854,0.4914902977223801,-0.07027108341344751,0.48657113076179526,0.5083099512563414,-0.03507556801287508,0.47796781009039113,0.47399095940331376,-0.07574996373138557,0.47814707449146365,0.45035872423347656,-0.07202454764208999,0.46583279044764575,0.47542645667673605,-0.07208308579456144,0.49170088496103503,0.47306381797724023,-0.07630291599272773,0.44757579899914185,0.575524859324972,0.025760521580472033,0.5584947940529088,0.5725096404710797,-0.0002170082806191748,0.4927811905835584,0.5526247860062552,-0.033112082952709274,0.49682461282065465,0.6104054759455526,-0.013247478532615226,0.4374323705997605,0.5764385655109121,0.02946234584892745,0.5743488825224996,0.5677885938914295,-0.0002448334790734392,no,2025-11-18T07:29:54.368378
0.1635429031836925,0.804635588330883,3.2825651659814594e-07,0.21286494388490185,0.7426275436746366,0.000537439442475775,0.24255868905409506,0.6380125131333148,-0.002992245000821038,0.2679551445979318,0.572996843692861,-0.012712734609422384,0.30028962467907916,0.5303125964150394,-0.020723851662855498,0.17765350874016783,0.5431753115824614,0.014963599348937701,0.21875023569507826,0.4993712603414182,-0.006661004423479709,0.25835735083404077,0.4960708430485156,-0.023526833244364304,0.2901983793234881,0.5062190388176393,-0.03300611411128261,0.1439486492394765,0.5440799276744452,0.0008141849861589576,0.19760995107972348,0.4883416265408393,-0.02579230525974428,0.2458121740664612,0.5057333646357572,-0.03690815514975661,0.27639297531517776,0.5310490406554653,-0.03804927268163579,0.11744986876341565,0.5607030676732432,-0.01643387675107852,0.18833988859008446,0.5245939267305152,-0.04737524427009774,0.21058142305128136,0.5970455898412057,-0.04451768552779563,0.211780431567912,0.6494154821808618,-0.033333435880650145,0.10278485564013215,0.5896826285938755,-0.03460046335876031,0.17935114957956294,0.5782785276231033,-0.05631875596327528,0.19684897916555166,0.634607428358122,-0.0522731111660374,0.19475477996227983,0.6747783462383206,-0.042864082286895276,0.0,0.0,0.0,0.0,0.0,0.0,0.0,0.0,0.0,0.0,0.0,0.0,0.0,0.0,0.0,0.0,0.0,0.0,0.0,0.0,0.0,0.0,0.0,0.0,0.0,0.0,0.0,0.0,0.0,0.0,0.0,0.0,0.0,0.0,0.0,0.0,0.0,0.0,0.0,0.0,0.0,0.0,0.0,0.0,0.0,0.0,0.0,0.0,0.0,0.0,0.0,0.0,0.0,0.0,0.0,0.0,0.0,0.0,0.0,0.0,0.0,0.0,0.0,0.40039508458540546,0.38397046112776706,0.03910198407392084,0.4480932262439201,0.38632152770469064,0.014346189864120427,0.5310220447345234,0.37756242884600494,-0.007812714888691678,0.588144169279958,0.3602854199419555,-0.01012017137496176,0.4768495561798517,0.48841218312956924,-0.07034194529001195,0.4848496604011918,0.5048660590403411,-0.035144882451733826,0.4747084287087164,0.47092663371433696,-0.07582320283393924,0.47488620127771425,0.4472107170209131,-0.07211895340960128,0.462787102020469,0.47257434891999495,-0.07177368179922965,0.4884780780787002,0.4696946399208558,-0.0767653063845589,0.4478118972832318,0.5730208122213086,0.02866874142969372,0.557894611200725,0.567260620005895,-0.0019621481732722077,0.48927313015334384,0.5460440934235072,-0.03297080301962856,0.49501820932055984,0.6063351189351481,-0.012948775553615352,0.43869335552883837,0.5728870428891993,0.03261062548083542,0.5757192451190531,0.5616448486463068,-0.002482117594404416,no,2025-11-18T07:29:54.500071
0.16417007481991935,0.8071946521614284,3.643262462641847e-07,0.21365900762036077,0.742037526004875,0.0006852160241703883,0.24344204422644938,0.6403521222931283,-0.0036662435648201325,0.26938174185844466,0.577098989902537,-0.014209194503514617,0.3017510442674113,0.5341887169353945,-0.022970388776054555,0.17367845145737182,0.5441694715108352,0.014306574807750796,0.21635000271520727,0.5001578479689421,-0.007577010914375619,0.2567074620762611,0.4981483723261072,-0.025092134643694183,0.28934004583239836,0.5098841833339905,-0.03532812798814882,0.14002847168442406,0.5461283167558475,-0.00031697582587984676,0.19690942266625028,0.49259292931160314,-0.026558299965580283,0.24719426601358108,0.5089975266725082,-0.03835751015272674,0.2795480384750785,0.5341813999912001,-0.040704671037873716,0.11525798044846884,0.5647106015150731,-0.01799398045898147,0.1872800884333784,0.5293449646546253,-0.047495382463103294,0.20836493432875652,0.5974455422941838,-0.045297017720934786,0.20855319634044403,0.6474901979652783,-0.035853356235975554,0.10354430152783738,0.5961708078195818,-0.03673245228737614,0.18212236393525114,0.5864646961121193,-0.05760682176492087,0.19810185858130336,0.6422337264051657,-0.05401757067515318,0.19409281046568277,0.6826866587091414,-0.04569093598929096,0.0,0.0,0.0,0.0,0.0,0.0,0.0,0.0,0.0,0.0,0.0,0.0,0.0,0.0,0.0,0.0,0.0,0.0,0.0,0.0,0.0,0.0,0.0,0.0,0.0,0.0,0.0,0.0,0.0,0.0,0.0,0.0,0.0,0.0,0.0,0.0,0.0,0.0,0.0,0.0,0.0,0.0,0.0,0.0,0.0,0.0,0.0,0.0,0.0,0.0,0.0,0.0,0.0,0.0,0.0,0.0,0.0,0.0,0.0,0.0,0.0,0.0,0.0,0.40231438933097174,0.382791008471255,0.04062150777389795,0.4493902130374645,0.3849860047027939,0.014897049438278647,0.5314939482591379,0.37503288454514905,-0.008750303990661986,0.5889319708094126,0.357407042742279,-0.011912358119778348,0.4769573063711377,0.48754275421489296,-0.06981340080471972,0.485578983428402,0.5040258742448257,-0.0346935736890837,0.4746976597746234,0.47003067594701986,-0.07533977931013139,0.4749219380097296,0.4462128370098691,-0.07171846953173927,0.4629149786416127,0.4717914738622344,-0.07112617604914143,0.4884725429770713,0.4686666556595093,-0.07644376908302081,0.4504308530119238,0.5712474864462713,0.029448202212575686,0.5601938783332879,0.5648522362152584,-0.003181505975559153,0.4890615638368953,0.5432600885895003,-0.03264398601513388,0.4959604716808869,0.6045226233828267,-0.013139158897802958,0.4414898956856762,0.572046567861836,0.03359211445114254,0.5774464646196157,0.5599044245787381,-0.003817994833550551,no,2025-11-18T07:29:54.621361
0.16346216368645275,0.8098162422584638,3.63207209521285e-07,0.21339116457678195,0.7451748804417075,-1.1868932625554206e-06,0.24382612882461233,0.6439140102794835,-0.00525053639547817,0.2699700644497683,0.5809263410263266,-0.01656448208902709,0.30253209018409016,0.5388115790125123,-0.025979833278055278,0.17366723402279144,0.5457962681097724,0.013123827394687938,0.21953596106629428,0.5020975544890792,-0.009779431633497395,0.26074768722251773,0.5008782399464704,-0.028149838755081306,0.29378433365762374,0.5151420557134736,-0.038816664640093396,0.13971315817831356,0.5484075764992616,-0.0016136116820593053,0.19854007412514021,0.4947412453631609,-0.02867529236123958,0.24908699377987709,0.5109480455055961,-0.04100411707325248,0.2815550960264415,0.5370929458986151,-0.04354055585597013,0.115380187592141,0.5682460587951037,-0.01940409904301498,0.18943703163104925,0.5339575353420679,-0.0487681080575614,0.21117837757049093,0.601476756075223,-0.04632481486975999,0.21129965849202986,0.6508706781013678,-0.03677068283843722,0.10465344376270944,0.6006026093865517,-0.03838317949280154,0.18451289052284714,0.5909869039966877,-0.05875352298687633,0.1996523118442291,0.6449437722678295,-0.05478891956842871,0.1942245440253562,0.6838348070824607,-0.04620623073978746,0.0,0.0,0.0,0.0,0.0,0.0,0.0,0.0,0.0,0.0,0.0,0.0,0.0,0.0,0.0,0.0,0.0,0.0,0.0,0.0,0.0,0.0,0.0,0.0,0.0,0.0,0.0,0.0,0.0,0.0,0.0,0.0,0.0,0.0,0.0,0.0,0.0,0.0,0.0,0.0,0.0,0.0,0.0,0.0,0.0,0.0,0.0,0.0,0.0,0.0,0.0,0.0,0.0,0.0,0.0,0.0,0.0,0.0,0.0,0.0,0.0,0.0,0.0,0.4056666019473615,0.37965202128827796,0.042355561559449584,0.4529151073818075,0.38179312222825856,0.01567528351958631,0.5338093570660466,0.3734978649353095,-0.009457508273184242,0.5920311475865605,0.3563258098366394,-0.013493451353009797,0.47763275360365964,0.4856281905382326,-0.06958348691449631,0.4866234955203152,0.5022301364479744,-0.034573918717911066,0.4754760912875345,0.4681624822911369,-0.0751064643525602,0.4760314654447986,0.4444312646534254,-0.07148824273119594,0.4637697811813868,0.4697906513197738,-0.07072456460685946,0.4892702807067516,0.466988376200116,-0.0763754211592663,0.4519250754727512,0.5684170564879825,0.0303247414330262,0.5610529392562893,0.5638900391777281,-0.004214308936737377,0.489892825299185,0.5410360053314323,-0.032498837023284446,0.496451168085698,0.6021723040753703,-0.013518178575091426,0.4426546943705099,0.5688489923202003,0.034581742362485526,0.5788628180432216,0.5586524745974898,-0.0050631790592331185,no,2025-11-18T07:29:54.747275
0.15921356612428944,0.8071995084487967,5.509773701127082e-07,0.21097039909947574,0.7488335647268505,-0.0014134212010244976,0.2440728360335334,0.6468442808355426,-0.0075936790212332815,0.27133889749073037,0.5830797166671855,-0.019417867628805003,0.30758253407329206,0.5419439746258851,-0.029993134351072356,0.17765217862495544,0.5481064284465182,0.006836373645175898,0.21906571801235702,0.496817473314257,-0.01630913967258986,0.25430332183935106,0.4752618199968863,-0.03362408429858596,0.28323029646843745,0.46601882694330754,-0.044297142090392386,0.14148865886925854,0.5495925059009981,-0.008237724821419486,0.19366869205991888,0.4840125512351617,-0.03652933646165331,0.24371259800897999,0.4760574914284115,-0.048215688885070225,0.27833502477217764,0.4775622148936206,-0.05061968409584987,0.11455892262917368,0.5695803424583123,-0.0259383510330336,0.18958666169860797,0.532041844882414,-0.05789812528470302,0.21180348113267666,0.6028634445563951,-0.05298063494950459,0.212280482388944,0.6531237350277042,-0.04085232879066331,0.10231753233524647,0.6030727239800038,-0.0449129832720012,0.18136074748892067,0.5937794727541117,-0.06777737426494924,0.19701713206499785,0.6500709645507391,-0.06284687036294208,0.19170568518683045,0.6883057733398906,-0.053009490703560536,0.0,0.0,0.0,0.0,0.0,0.0,0.0,0.0,0.0,0.0,0.0,0.0,0.0,0.0,0.0,0.0,0.0,0.0,0.0,0.0,0.0,0.0,0.0,0.0,0.0,0.0,0.0,0.0,0.0,0.0,0.0,0.0,0.0,0.0,0.0,0.0,0.0,0.0,0.0,0.0,0.0,0.0,0.0,0.0,0.0,0.0,0.0,0.0,0.0,0.0,0.0,0.0,0.0,0.0,0.0,0.0,0.0,0.0,0.0,0.0,0.0,0.0,0.0,0.4063165844934256,0.3778963078853499,0.046751233714347556,0.4516686971845561,0.38043812450581477,0.01813294250426709,0.5299945737814364,0.37533260451431616,-0.010738737966746063,0.5890593064364077,0.359444411933548,-0.017460911100653936,0.4700668268168979,0.4852706506356324,-0.06748287573449845,0.47984692439494614,0.5028280461101872,-0.03352055072178951,0.46804446239372144,0.4679542508272701,-0.07282924653408535,0.4692991590071893,0.4446138985229636,-0.06924017339234663,0.4566844193086881,0.4693979839078346,-0.06803936278567421,0.48178229277723444,0.46727105548973696,-0.0745567847156519,0.4476969423002794,0.5673560719127382,0.0310818921675095,0.5544464990299238,0.5664681788543822,-0.008085532004307904,0.4833065941004363,0.5418725289470729,-0.03196976172889591,0.48916104377585834,0.6019775812235524,-0.014398557935085328,0.4382301396390208,0.5692120914321643,0.0358574628463915,0.571251646658177,0.563665903665322,-0.009227704311860527,no,2025-11-18T07:29:54.898023
0.15431667533509394,0.8112214657169368,6.04864834522397e-07,0.2071484015970859,0.7522428173861608,-0.0015984951557909673,0.24183511554799,0.6502533321959543,-0.008357253280994277,0.2708835390926552,0.5870351896209768,-0.020413101001616397,0.3093988034717733,0.5472017861067353,-0.031450535536556266,0.17461062889282286,0.5501110238145525,0.003293921761129376,0.2162577321913363,0.4962729532232143,-0.019434828022456448,0.2507283541565034,0.46708781154873613,-0.03570290915905193,0.27891151194557584,0.4478662317900208,-0.04588763888279213,0.13829510782360632,0.5503916199053025,-0.011897030135319118,0.1914372214414699,0.47917327638814966,-0.03903729857962827,0.2416126027321168,0.4623318422470274,-0.04932164295058317,0.27670822533870265,0.4531252215119806,-0.05119847130560392,0.11172222836842938,0.5701038967006528,-0.0293629264225074,0.1894614360939405,0.534464834708892,-0.06197305705834997,0.21070580191954497,0.6081121631809074,-0.05655094404116236,0.21010486053298444,0.6589509838010835,-0.04370700848770073,0.10057568820045634,0.6042069600200922,-0.047921976344548194,0.17908397866913914,0.5989211639988973,-0.07129605555402918,0.1950127178536354,0.6556894477485447,-0.06617305484423272,0.19027992155574128,0.6928557346275563,-0.05608121828984103,0.0,0.0,0.0,0.0,0.0,0.0,0.0,0.0,0.0,0.0,0.0,0.0,0.0,0.0,0.0,0.0,0.0,0.0,0.0,0.0,0.0,0.0,0.0,0.0,0.0,0.0,0.0,0.0,0.0,0.0,0.0,0.0,0.0,0.0,0.0,0.0,0.0,0.0,0.0,0.0,0.0,0.0,0.0,0.0,0.0,0.0,0.0,0.0,0.0,0.0,0.0,0.0,0.0,0.0,0.0,0.0,0.0,0.0,0.0,0.0,0.0,0.0,0.0,0.4073157192000285,0.3779910499750083,0.04908513043201242,0.45177597680997517,0.3816703584631964,0.019257610085894758,0.5299823118197649,0.3791373723083513,-0.01165523104922472,0.5899058646230042,0.3633082222641144,-0.019661149258687165,0.4676717724782732,0.4881637103609604,-0.06707726888355134,0.4777352064105773,0.5059883517160586,-0.033275783655000286,0.4657335443253321,0.4708131415917661,-0.0723923631077886,0.46733907935863617,0.44741424656277423,-0.06880618169548666,0.4544557376675734,0.4720501710768421,-0.06737972679607922,0.4794732657342822,0.4703947731405289,-0.07435116265535327,0.4467939228865899,0.5685607304391724,0.031810832949966644,0.5524495147069938,0.5696102974941314,-0.009928776827787955,0.4816533661916061,0.545137896019557,-0.03190223792178094,0.48701749712863657,0.6049765916867579,-0.01444795860917689,0.4370248082409505,0.5719257655074945,0.03689911847966566,0.5684246798258994,0.5692036037930339,-0.011193724376684887,no,2025-11-18T07:29:55.020333
0.14974617792662215,0.8112634645154966,6.131983156093073e-07,0.20344086669829653,0.7508948514382892,-0.0010039652892081799,0.23899330854217965,0.6491145077041173,-0.007532991646586349,0.2684327258527851,0.586885189291003,-0.01935999388944908,0.30675611066780956,0.5468615162699967,-0.03016344150192977,0.1703047375926593,0.5504757604157295,0.0011592485231386258,0.21234639539254313,0.4938265541548658,-0.021458994452822348,0.2475141660871552,0.46315045968653085,-0.036835107394748705,0.27683273496620375,0.44265885680458683,-0.04627311093409664,0.13366458999216357,0.5511252907437432,-0.014165659825168792,0.18603473498116052,0.4768123793420698,-0.04190461904784788,0.23786118103143317,0.4578035080747695,-0.051758925833011005,0.27468427018773817,0.44756420601470304,-0.05295289678764102,0.10726755730326376,0.5709561472352904,-0.031372559338286934,0.1854438762968253,0.5356492989157253,-0.06477305261636561,0.2068594247477478,0.6092156205747524,-0.05920260483570378,0.20658842110072836,0.6602089401675248,-0.045767856303214685,0.09658691049479566,0.6045374476003782,-0.04951112824020909,0.17499715364788593,0.6013818602377452,-0.07355454039507947,0.19145656347803763,0.657574906760396,-0.06851913063232716,0.1878122342945256,0.6941094790901301,-0.05811830871676843,0.0,0.0,0.0,0.0,0.0,0.0,0.0,0.0,0.0,0.0,0.0,0.0,0.0,0.0,0.0,0.0,0.0,0.0,0.0,0.0,0.0,0.0,0.0,0.0,0.0,0.0,0.0,0.0,0.0,0.0,0.0,0.0,0.0,0.0,0.0,0.0,0.0,0.0,0.0,0.0,0.0,0.0,0.0,0.0,0.0,0.0,0.0,0.0,0.0,0.0,0.0,0.0,0.0,0.0,0.0,0.0,0.0,0.0,0.0,0.0,0.0,0.0,0.0,0.4107234567765661,0.3784392920582744,0.04972123796183007,0.45518349547839,0.38298218085570557,0.01971580524906024,0.5330563700669869,0.38217073943882074,-0.011525737608753138,0.593604865981546,0.3674918866008835,-0.019767221187687947,0.4695081664315118,0.489803612592437,-0.067137917987985,0.4792505278812301,0.5077993533082094,-0.033364564476883685,0.4678391597149274,0.4724932096041335,-0.07241631485849025,0.4697965586078459,0.44920790064516425,-0.0687669380736478,0.45655161360765145,0.47350706705430545,-0.06736318708893088,0.4815793945029214,0.4723600660040871,-0.07441362040400491,0.4471987978147168,0.5689733679203919,0.03181066820149146,0.553297246615124,0.572898328211406,-0.010498497142064373,0.4820032734192512,0.5471900770457282,-0.03209199716142148,0.4868114365669046,0.6062768385908766,-0.014908774490512021,0.43756538943102974,0.5724848539794858,0.03690858128496833,0.568937827145158,0.572855168843691,-0.01180540678537213,no,2025-11-18T07:29:55.144966
0.1462723157480172,0.810114305528546,6.05971361276302e-07,0.2010628242440381,0.7476078902443674,-0.0008236208038251282,0.2366592693318961,0.6473955304767383,-0.007677069488345827,0.2661849207610178,0.585179227231027,-0.02003617731457851,0.304571376085095,0.5442671710416451,-0.03146057794634224,0.1659448852662851,0.547368756987421,0.0018990195233859935,0.20827057487732473,0.49116624193167335,-0.020329100007647344,0.24428705506038897,0.46157152362645326,-0.03549523064925958,0.274427535843812,0.441686220613826,-0.044830228451886805,0.1302390604570498,0.5478456332048947,-0.013472374723684163,0.184066926904967,0.472788193216796,-0.0405157553453284,0.23581374919949344,0.4549620849051521,-0.05011015545214431,0.2723448077661408,0.4460957157068602,-0.051169564939497696,0.10485463898388248,0.56776573087854,-0.03068385975781849,0.1836941977891063,0.5327515896605757,-0.06358468703103456,0.2047616243549797,0.6063528971957166,-0.057923825877644025,0.20450303894000882,0.6578175423837197,-0.04436397808957083,0.09491046771835845,0.6015811663413115,-0.04877697170942091,0.17260905492710382,0.5976110210326452,-0.07192809244957488,0.18927131951119747,0.6529448702007241,-0.06622654586287646,0.18613852328663658,0.6892962353927671,-0.055337622207281195,0.0,0.0,0.0,0.0,0.0,0.0,0.0,0.0,0.0,0.0,0.0,0.0,0.0,0.0,0.0,0.0,0.0,0.0,0.0,0.0,0.0,0.0,0.0,0.0,0.0,0.0,0.0,0.0,0.0,0.0,0.0,0.0,0.0,0.0,0.0,0.0,0.0,0.0,0.0,0.0,0.0,0.0,0.0,0.0,0.0,0.0,0.0,0.0,0.0,0.0,0.0,0.0,0.0,0.0,0.0,0.0,0.0,0.0,0.0,0.0,0.0,0.0,0.0,0.40987210424563625,0.3738015665337072,0.054798476742894134,0.45219639907109654,0.37986572898528687,0.022110840626878066,0.5266729849812322,0.3807171298398022,-0.013950641510527578,0.5867621915108994,0.371687583915905,-0.025444020579326668,0.4559507346744961,0.48399476724993096,-0.06520248880609006,0.4669971354120201,0.5033218245241684,-0.032483820020395654,0.4547605107961844,0.4666540961283988,-0.07031547371461691,0.45817698060931233,0.44381359154076755,-0.06678843196392695,0.4441768835974964,0.4671496850698163,-0.06476719648359432,0.4683025933124043,0.46741023233904916,-0.0729008766371011,0.43695890384548397,0.5633159009172882,0.03483863589229446,0.5391917651494504,0.5741308033001915,-0.013734606779450079,0.46741674932425725,0.5439953540460116,-0.03111100642378792,0.4716772622630971,0.6027448021422706,-0.014910044481534067,0.42802605189706394,0.5654049829227416,0.04030230985496852,0.5565324669058614,0.5737479896666728,-0.015716976027371106,no,2025-11-18T07:29:55.302049
0.14494800526275295,0.8091590907735351,5.872519160777963e-07,0.20015075599885773,0.7452844100574865,-0.0011254431350080014,0.2363562041516124,0.6452703670335657,-0.008256221001684291,0.2669373426303411,0.582953104197026,-0.020900547306864966,0.3047868539093993,0.5411023464880772,-0.03251878840299309,0.1649059559168721,0.5459208747038088,0.0019921625204626877,0.20672733846786767,0.49027240672099415,-0.02045637505244914,0.24377431537962074,0.4621173486509952,-0.036067643063439375,0.2750681354164891,0.443654868825132,-0.04572997394402774,0.12954423126354764,0.5462946153561857,-0.013241950520044253,0.1829492029887689,0.47143288373493913,-0.04050443556403306,0.2354461016085663,0.45534173161578406,-0.05030877781850704,0.27263014514359896,0.448695977899092,-0.05146676022159993,0.10452307170136621,0.5660659761532287,-0.030386181335765972,0.18298383010192393,0.5313996521854056,-0.063303393233182,0.20313628018839225,0.604834691538761,-0.05782261791216205,0.2022738503501695,0.6562134324658162,-0.04440971778416625,0.09516186766540786,0.599712198055986,-0.048460173687185165,0.17266387188636914,0.5960432643844256,-0.07147368098778983,0.1882745417965762,0.6516198850706074,-0.06579414203391626,0.18421093258562482,0.6881037899604827,-0.05497431354814629,0.0,0.0,0.0,0.0,0.0,0.0,0.0,0.0,0.0,0.0,0.0,0.0,0.0,0.0,0.0,0.0,0.0,0.0,0.0,0.0,0.0,0.0,0.0,0.0,0.0,0.0,0.0,0.0,0.0,0.0,0.0,0.0,0.0,0.0,0.0,0.0,0.0,0.0,0.0,0.0,0.0,0.0,0.0,0.0,0.0,0.0,0.0,0.0,0.0,0.0,0.0,0.0,0.0,0.0,0.0,0.0,0.0,0.0,0.0,0.0,0.0,0.0,0.0,0.4112181611449586,0.37236225971205167,0.05477856675644253,0.4540303248655196,0.3797436471636182,0.021816849869153165,0.5285992452619936,0.3820701993174078,-0.014574630307724698,0.5898654171112694,0.37507916628942684,-0.026114444745117683,0.45720815542318555,0.48696886757081204,-0.06637984852306113,0.4681331608351681,0.5055560161935112,-0.03278432607612915,0.45605249160223954,0.4697298129806194,-0.07166969822801501,0.4595624855133964,0.44674402442619887,-0.06818996963978131,0.4452389782167093,0.46986853095138914,-0.06607364848612851,0.46979542855508216,0.47070477689988655,-0.07425309356838461,0.43693861105856047,0.5645922883130294,0.03547761982710293,0.5401717337767363,0.5772413164145,-0.013372714973655293,0.46843329863044375,0.5441073941536668,-0.031310841806211395,0.47182648811568706,0.6028144281631153,-0.013593756294587405,0.4288483269901351,0.5666296638837798,0.04115254790293382,0.5571476342765238,0.5774430022300344,-0.015236904615254013,no,2025-11-18T07:29:55.444118
0.1442866770345671,0.8118771864256622,5.709034940815731e-07,0.19948888468611634,0.749210343628139,-0.0015775429152845265,0.23643192917083794,0.6491629280484144,-0.008932170829593949,0.26762978600785853,0.5861732705528739,-0.021638219145998117,0.30540910011525263,0.5431545658450518,-0.0332703921823296,0.16503180837940695,0.5476791689936737,0.00087572051400833,0.20686524243892804,0.4923270662545553,-0.021173340948878246,0.24475054724144993,0.46548028515771195,-0.03625401894111109,0.2765565372288134,0.4483989049116047,-0.045662523076931395,0.12979724405594145,0.5473142791231764,-0.014264968272629224,0.1840001656285054,0.4731703793979871,-0.0410961650882919,0.23737518796458434,0.45924984172380084,-0.05067817813626234,0.27469738820748063,0.4546218168599693,-0.051829763220488725,0.10537913146368588,0.5667583689741363,-0.03123217158571822,0.18541825539252996,0.533344231457693,-0.06374952798503736,0.20446511358491115,0.6075913090777149,-0.0585505996017996,0.20216283436049431,0.6589576750570658,-0.045681107499122575,0.09695519756632934,0.600437256235482,-0.04917049374721712,0.17657612484794682,0.6002239761329476,-0.07222126079342495,0.19147732570833526,0.6573495734251963,-0.06710038058274068,0.18673740641923148,0.6942253087337509,-0.05684368112233212,0.0,0.0,0.0,0.0,0.0,0.0,0.0,0.0,0.0,0.0,0.0,0.0,0.0,0.0,0.0,0.0,0.0,0.0,0.0,0.0,0.0,0.0,0.0,0.0,0.0,0.0,0.0,0.0,0.0,0.0,0.0,0.0,0.0,0.0,0.0,0.0,0.0,0.0,0.0,0.0,0.0,0.0,0.0,0.0,0.0,0.0,0.0,0.0,0.0,0.0,0.0,0.0,0.0,0.0,0.0,0.0,0.0,0.0,0.0,0.0,0.0,0.0,0.0,0.4503922883466416,0.37826994244567125,0.02668372387307154,0.5004988858347831,0.3847052363482657,0.0086778454354213,0.5792883251666261,0.3833908665511371,-0.0023889407193018117,0.635350630098756,0.37434369891696073,0.001976822720202675,0.5332070881276236,0.48890862990948286,-0.06916463171597353,0.536390070798825,0.5070076728993069,-0.034054405093003844,0.5326523828193235,0.4716168503169851,-0.07475601160008385,0.5332683052109218,0.4485431907924299,-0.07121764047980467,0.5201155695069142,0.47224026427787963,-0.07194146134137663,0.5458497518504017,0.4718207333767774,-0.07443835033372043,0.4886340038916307,0.5710004798460594,0.019921521993508592,0.5959323899348616,0.5755797698977713,0.005237891633228983,0.5388426373218137,0.5496282660637262,-0.03226098995282169,0.5398263605129217,0.6070664486053308,-0.013812182321567909,0.4762287739858665,0.5722946006949416,0.022933809947009914,0.6112416149421407,0.5718969695598415,0.0059205956041361845,no,2025-11-18T07:29:55.638389
0.14508012671861564,0.8136935508887649,5.778160380398897e-07,0.20023751580649812,0.749272130861387,-0.0008620010679219314,0.23737665399896649,0.6488163668829413,-0.008012187620088365,0.2684265592064744,0.5855306557861568,-0.020653317167393742,0.3062102926075225,0.5418203911950784,-0.03218114915632174,0.16450595992958308,0.5489029203923752,0.0010394306117787592,0.2067673461225707,0.4921724061131175,-0.020924281203477838,0.2459108396526578,0.4662734951923051,-0.035589849774334194,0.2788035202413751,0.4507064605315165,-0.044572826855381206,0.1297061711469664,0.549065735361988,-0.014271486109287959,0.18509918519214424,0.47361906349545657,-0.040929227723417644,0.23896450702912903,0.46037124969261944,-0.050156453358487806,0.2765863363919483,0.45726756512439687,-0.051076252245277017,0.1059525221722917,0.568389373305046,-0.03136411350496582,0.18702767405103565,0.534597735807887,-0.06350391286322524,0.20525277778740492,0.6079437027013177,-0.058408375649121574,0.20237033186072811,0.6586175635245504,-0.04574113324677942,0.09854827573576515,0.6015772981140026,-0.049348549751153915,0.1790466170614055,0.600131550310889,-0.07184988832842176,0.19295261658761184,0.65709250512309,-0.06667841832991976,0.1872975692980061,0.6937642382768638,-0.05652155068291689,0.0,0.0,0.0,0.0,0.0,0.0,0.0,0.0,0.0,0.0,0.0,0.0,0.0,0.0,0.0,0.0,0.0,0.0,0.0,0.0,0.0,0.0,0.0,0.0,0.0,0.0,0.0,0.0,0.0,0.0,0.0,0.0,0.0,0.0,0.0,0.0,0.0,0.0,0.0,0.0,0.0,0.0,0.0,0.0,0.0,0.0,0.0,0.0,0.0,0.0,0.0,0.0,0.0,0.0,0.0,0.0,0.0,0.0,0.0,0.0,0.0,0.0,0.0,0.45959619302528765,0.3772146859979211,0.01725777161427968,0.5128155027451962,0.38538652201133683,0.0035947487741798817,0.59433312289711,0.384942304508555,-0.0003434197583100755,0.6498286353618781,0.3760930626085048,0.008418429751561518,0.5517265048697048,0.49336679840849207,-0.07039346071658548,0.5529823028459304,0.5102126372423476,-0.034103877395296855,0.5515631162963652,0.47595515152835033,-0.07639751594999768,0.5518623156093825,0.45217613867681644,-0.07317747137963851,0.5383140222603235,0.47625645749828427,-0.07436539787888305,0.565060740421432,0.47602377406181706,-0.07526208928920328,0.498881853468261,0.5717920776152905,0.018126890697593816,0.6106754072705924,0.5758492685796381,0.012906774560072286,0.5553661977159301,0.5499482792453946,-0.030836247930297832,0.5543939904218661,0.6075062434257428,-0.012780764065394589,0.48528033514547536,0.5715000072566505,0.020231415947792944,0.6264335096500254,0.5711157616392042,0.014142163620866635,no,2025-11-18T07:29:55.764721
0.14609394589858013,0.8137381810268105,5.659772239324949e-07,0.20156265956130723,0.7464895362330006,0.0005962337139246788,0.23830413512879384,0.6464654008010136,-0.005994625366024626,0.26882259142231374,0.5841179873569609,-0.018510281316455393,0.3064025557190063,0.5409886758412221,-0.029884888694400417,0.16553922066169857,0.5471413391367699,0.002479898334021103,0.2078711294426063,0.4907443751871435,-0.019605246309801566,0.24756127666217104,0.4663545979236443,-0.03426026469682324,0.2810131722882367,0.45289035561480306,-0.043213641461233236,0.1307477340062148,0.5478174817671451,-0.013675667590544335,0.18587961081840412,0.4729074636096057,-0.04072332737532157,0.23973504903200912,0.4607166915024224,-0.0502066750612639,0.27720550323415927,0.4590166720713995,-0.051244968664333146,0.10687238649217269,0.5677829470647392,-0.03155764585498955,0.18806064681803644,0.5342933740246253,-0.06370055639599288,0.20618708245573325,0.6077494268435177,-0.058612989171578075,0.2027146300559973,0.6582438982917399,-0.046041706504404534,0.09934773172278674,0.6015637299762671,-0.05026032674198912,0.1805241858514692,0.6001212193960146,-0.07273900422638091,0.19393969256447396,0.6563586858043429,-0.06765349140344332,0.18712922264300635,0.6921763264729504,-0.0576324895609094,0.0,0.0,0.0,0.0,0.0,0.0,0.0,0.0,0.0,0.0,0.0,0.0,0.0,0.0,0.0,0.0,0.0,0.0,0.0,0.0,0.0,0.0,0.0,0.0,0.0,0.0,0.0,0.0,0.0,0.0,0.0,0.0,0.0,0.0,0.0,0.0,0.0,0.0,0.0,0.0,0.0,0.0,0.0,0.0,0.0,0.0,0.0,0.0,0.0,0.0,0.0,0.0,0.0,0.0,0.0,0.0,0.0,0.0,0.0,0.0,0.0,0.0,0.0,0.45440911064037515,0.37542312638042263,0.021928213150842157,0.5057107942612394,0.38406207928874947,0.005749591675405237,0.5878826433062363,0.38578720957868695,-0.002238625035474775,0.6459642761484226,0.3782876446093443,0.004144848276817953,0.5395348890162732,0.4938921583928981,-0.07134850831120221,0.5417085152573463,0.5104461795373114,-0.03453411512072124,0.5393892389457595,0.4765384907574613,-0.07741871854533422,0.5402959069978828,0.4526718183942706,-0.0741472801169757,0.5261313208130078,0.4764942812574963,-0.07490752914965042,0.5533171622505872,0.4769062453082294,-0.07672719519186764,0.49032076043240325,0.5702134726417212,0.020508293379602496,0.6032060746451229,0.5767202842951596,0.009524084701244167,0.5447948175125976,0.5499820730009168,-0.0314448536829996,0.5437649108889573,0.6067787846118887,-0.012365413326625918,0.47698363671565147,0.5711695571466205,0.02326609169220826,0.6177940160345006,0.5753436533816291,0.01064222355446582,no,2025-11-18T07:29:55.889487
0.14713863094546775,0.8153897294561238,5.515079414045246e-07,0.2028580763040339,0.7472819146847987,0.000561445259032668,0.23936776664104945,0.6464267273475283,-0.00577739485293252,0.2698886150709362,0.5835383130125106,-0.018054338741807237,0.30727143169193877,0.540052260999148,-0.029076916583237463,0.16573439572790205,0.5477392801411999,0.0033412243055675086,0.2084216278440525,0.4913387561827822,-0.01852725396522116,0.2485530230938495,0.4688910341846386,-0.03330119471358591,0.2824957874514151,0.4575557953258265,-0.04230387238984304,0.1311642147580627,0.5485443240458803,-0.012661377090536411,0.18629259260583825,0.4748628635701685,-0.0395160148922945,0.24043649287166025,0.4642636760515423,-0.04926216549112313,0.27840563965285386,0.4649208293838214,-0.05048143031283464,0.10763300918384383,0.5682193381792813,-0.03044272038223339,0.18836856909888716,0.5339973075205067,-0.062221754162781064,0.20641435589699886,0.6067237975606291,-0.05765538192502339,0.20328008785276291,0.6577047724223897,-0.04560798682370781,0.1004754037923588,0.6015336404912921,-0.04907889613452338,0.18178157535953055,0.6004175640341737,-0.07132669867667274,0.19538229295992177,0.6573287083272813,-0.06657918880670403,0.1891776140986028,0.6943166476286413,-0.05687935206237799,0.0,0.0,0.0,0.0,0.0,0.0,0.0,0.0,0.0,0.0,0.0,0.0,0.0,0.0,0.0,0.0,0.0,0.0,0.0,0.0,0.0,0.0,0.0,0.0,0.0,0.0,0.0,0.0,0.0,0.0,0.0,0.0,0.0,0.0,0.0,0.0,0.0,0.0,0.0,0.0,0.0,0.0,0.0,0.0,0.0,0.0,0.0,0.0,0.0,0.0,0.0,0.0,0.0,0.0,0.0,0.0,0.0,0.0,0.0,0.0,0.0,0.0,0.0,0.4469264388555727,0.3770552540624037,0.027568738714627013,0.4969680079475753,0.386638044167652,0.008477014048399793,0.5792997506081963,0.38736277357157767,-0.004299609143679379,0.6373360213406603,0.38006033074087514,-0.0007900235015182917,0.526603411810459,0.49580456084203317,-0.070966402745689,0.530199073836559,0.5122902932903842,-0.03448696237055082,0.5261848202308601,0.4785385785028914,-0.07693672369355792,0.5273766260033664,0.4547226540539697,-0.07358337743088622,0.5132149998439887,0.4784810238904288,-0.07388883222848122,0.5402174159164771,0.4789458688880548,-0.07678267290616408,0.48236809095915206,0.5714973985141589,0.022803186597554717,0.5942542137751982,0.5788720184922607,0.005122849667232673,0.5329899289932678,0.5516112755198523,-0.031811037356498234,0.5327268947125908,0.6087821344629267,-0.012379484465273666,0.47079765801560924,0.5735344598553538,0.026189062619089588,0.6088721349989855,0.5785701199475741,0.005916727604711378,no,2025-11-18T07:29:56.033851
0.1478805346285223,0.8167422895213052,5.581918375742496e-07,0.20295674394062932,0.7477943925726545,-0.00013079022452706034,0.23903480095787288,0.6483387003207979,-0.0072015079145114754,0.26921017739134884,0.5853809512164145,-0.020065511861695893,0.30680735946073834,0.5410497317931379,-0.03161053426954022,0.1643903853224662,0.5488744144026465,0.0022990012798706026,0.20775154737863788,0.49251000409274914,-0.019803254616599437,0.24865794944460695,0.47172153475818235,-0.03456152861618665,0.28273884490616563,0.4619953009555692,-0.04347968152823546,0.13005292750794906,0.5503161135343232,-0.013474129667293458,0.18655529813015911,0.4769095430521741,-0.04004118494115,0.2409557543751688,0.46739765924426174,-0.049631869154343575,0.2785124049208788,0.4690634065112924,-0.0509498860045485,0.10715000312946235,0.5705800524953261,-0.031091234698305492,0.1887996545846151,0.5361786237862696,-0.06259435220026603,0.20662300987198423,0.607382810235469,-0.058414179343539874,0.20295359022631584,0.6569573888528727,-0.04691103238661587,0.1009170056018717,0.6041978841361032,-0.049602739259316436,0.1829697491117454,0.6016556668876161,-0.07168212325171985,0.19698353652846476,0.6580974973025262,-0.06707750429853368,0.19097793680718256,0.6947978249091388,-0.05763470531971934,0.0,0.0,0.0,0.0,0.0,0.0,0.0,0.0,0.0,0.0,0.0,0.0,0.0,0.0,0.0,0.0,0.0,0.0,0.0,0.0,0.0,0.0,0.0,0.0,0.0,0.0,0.0,0.0,0.0,0.0,0.0,0.0,0.0,0.0,0.0,0.0,0.0,0.0,0.0,0.0,0.0,0.0,0.0,0.0,0.0,0.0,0.0,0.0,0.0,0.0,0.0,0.0,0.0,0.0,0.0,0.0,0.0,0.0,0.0,0.0,0.0,0.0,0.0,0.4498713732001405,0.3800131810110755,0.023600366801406734,0.5010107044704613,0.3891994500404071,0.006446674012766414,0.5839324010819149,0.389294234590812,-0.003304605565230071,0.6414921311918755,0.38113642519328306,0.0019598895332202703,0.5347049887860126,0.5002009335467795,-0.07149869703076533,0.5375656600223749,0.5158551605116166,-0.03447492694481025,0.5341618473808262,0.48291206645595924,-0.07760150825199899,0.5347742905560045,0.458716174577377,-0.07436520880959938,0.520845887268262,0.48291027515265,-0.07489508087292286,0.5482512198028735,0.4829877553773694,-0.07711035351169296,0.48848498325137324,0.5744591146203912,0.021536463485225456,0.6018446178262435,0.5802473989308075,0.00823601612158688,0.5417021264000152,0.5539044892022632,-0.031503092159749266,0.5417445356131314,0.6117610742695798,-0.011549660111741447,0.4756393283850553,0.5774235879312932,0.02461652917110895,0.6152053274291498,0.5795564911814439,0.009322319594395322,no,2025-11-18T07:29:56.156738
0.14706087624008055,0.8183155002484761,5.538363625157853e-07,0.20219666158403843,0.7484430983001059,0.0009202077359682623,0.23801407179794432,0.6484928851259141,-0.005584889670683997,0.26792498813548615,0.585382391835548,-0.01804205929202539,0.30548204004950674,0.541202492029534,-0.029180495405658438,0.16295575359100833,0.5504335346015308,0.0038393516222138867,0.20711823805289392,0.4939446068055909,-0.018499484627118288,0.24817203366605195,0.4736763858941058,-0.03373350332331492,0.2824364803010595,0.46568885311831804,-0.04290302868516494,0.12810482997397193,0.5524983198954423,-0.012489376853114083,0.1839939887128495,0.47800671804689243,-0.03942777726512017,0.23832862787232256,0.4684529300640635,-0.04948744630176304,0.27577864456287166,0.47110195722388504,-0.05093957834463379,0.10521475961517292,0.5734368796946234,-0.030671966753606977,0.18714617448125714,0.5375296648098523,-0.06203793636691387,0.205401789164317,0.6074822426440559,-0.05822859680084308,0.20157853428132505,0.6560193006867361,-0.04703198442260176,0.0996035307960454,0.607363236215543,-0.04967898676530218,0.18250974274616125,0.6034636819659943,-0.07176865160860796,0.1970487785572393,0.6582998294026822,-0.0674816601978966,0.19111471167351163,0.6936083789119363,-0.05830494762197973,0.0,0.0,0.0,0.0,0.0,0.0,0.0,0.0,0.0,0.0,0.0,0.0,0.0,0.0,0.0,0.0,0.0,0.0,0.0,0.0,0.0,0.0,0.0,0.0,0.0,0.0,0.0,0.0,0.0,0.0,0.0,0.0,0.0,0.0,0.0,0.0,0.0,0.0,0.0,0.0,0.0,0.0,0.0,0.0,0.0,0.0,0.0,0.0,0.0,0.0,0.0,0.0,0.0,0.0,0.0,0.0,0.0,0.0,0.0,0.0,0.0,0.0,0.0,0.46701944471583867,0.38130748929589725,0.01113240992250457,0.521828943705949,0.3880434852960443,0.001349035190977719,0.6041183478340483,0.3858194786693074,0.0040614906664887965,0.6580124213488827,0.3766596058289871,0.0169798449437313,0.5700155524355326,0.4937422456001033,-0.07175474491130437,0.5692522285097226,0.5102187828009743,-0.03498607824555938,0.5697264877696977,0.4764900072794551,-0.07770220610110669,0.5688130791158929,0.45278933178121933,-0.07421170312415813,0.5559481070462251,0.4771399049417806,-0.07638442737288759,0.5830538909702386,0.4761648147499945,-0.07579764147704933,0.5124763273228607,0.5749425783501584,0.012113091808341154,0.6254882559689384,0.5753719194322922,0.015779850526194135,0.5737984652004349,0.5528557377671015,-0.03248187323904097,0.57259843024019,0.610581954819345,-0.01358303060520501,0.49827264995607745,0.5763360636895388,0.01377212159928667,0.6388392645904294,0.5709182750211114,0.017975583879834493,no,2025-11-18T07:29:56.281038
0.14966672914710938,0.8194369049017649,5.452292648311732e-07,0.20495418655497774,0.7466276742187175,0.0018081027236196549,0.24042662959079802,0.647105044371505,-0.005255542286596724,0.27059675448377396,0.5833174535757788,-0.018860665919694812,0.30943555146548823,0.538896265879803,-0.03144824614845929,0.163562808228705,0.5464755387202905,0.006153133890504621,0.20962789408423962,0.4928155946854492,-0.01752713432842025,0.2516907398097106,0.47337396562828915,-0.034092276072262895,0.2865702610102481,0.46702901952142406,-0.0439818838031652,0.12982563385714893,0.5494096771634499,-0.011353382506820418,0.18909588877371067,0.4760835754312221,-0.0396038021319154,0.24356815572969842,0.4696927962755468,-0.05081455449441313,0.2800089683538235,0.4739635376443827,-0.052703264991546976,0.10792269180571534,0.5715325889886234,-0.03084570519984016,0.19229538121359763,0.5365113107240942,-0.06366229381030707,0.21029017667759078,0.6079765796960515,-0.06026691558672945,0.20483044864538894,0.6563053878483271,-0.048841156410176306,0.10282782690310197,0.6069367588891741,-0.05100591753788638,0.18614408004751148,0.6011582178026078,-0.07314467936952004,0.2000818824884585,0.6564670631483778,-0.06788155478771668,0.1921377568997212,0.6916217980508625,-0.057850037146289356,0.0,0.0,0.0,0.0,0.0,0.0,0.0,0.0,0.0,0.0,0.0,0.0,0.0,0.0,0.0,0.0,0.0,0.0,0.0,0.0,0.0,0.0,0.0,0.0,0.0,0.0,0.0,0.0,0.0,0.0,0.0,0.0,0.0,0.0,0.0,0.0,0.0,0.0,0.0,0.0,0.0,0.0,0.0,0.0,0.0,0.0,0.0,0.0,0.0,0.0,0.0,0.0,0.0,0.0,0.0,0.0,0.0,0.0,0.0,0.0,0.0,0.0,0.0,0.48828572333448184,0.3816392603616403,-0.005898551020908283,0.5471182138802573,0.38673498839749576,-0.0056846092890013925,0.6251280311100174,0.38428147824532877,0.012938448412527635,0.6756279326573973,0.37469019190871045,0.03547114212118053,0.6094104959538655,0.49292170413607306,-0.06962673677211566,0.6040533660706572,0.5093501128646443,-0.0342742984509066,0.6095373137662881,0.4758647612920103,-0.07526872516974165,0.606985297559274,0.4524544007119292,-0.07170640373354781,0.5957675718279374,0.47682031236373545,-0.07579223922107362,0.6215693375005764,0.47529139961781036,-0.07159842635247157,0.5384284269327622,0.5755173511677245,0.0002738657838514489,0.6484963469461849,0.5719431332543541,0.0254691864766381,0.6061313388090187,0.5510869064735776,-0.03187165307748348,0.6039943261563956,0.6083397073062179,-0.015312113825921273,0.5244959853650779,0.575606454286252,-8.392163381042497e-06,0.66170273218497,0.5647659664862332,0.029031716390791575,no,2025-11-18T07:29:56.445135
0.1518413288269803,0.8209533379050603,5.290362328131028e-07,0.20718974345735186,0.746650152264388,0.0017958111788326577,0.24281832566251785,0.6468506784471966,-0.005201743944044922,0.27307364937285317,0.5831523214343433,-0.018655648374216512,0.31202423825906556,0.539096118636694,-0.031047841152664114,0.16543675402461175,0.5445652649350965,0.005463555551556241,0.21236678834785255,0.4906368905367325,-0.017644675068227096,0.2548465701039825,0.472414859238934,-0.03355362019228894,0.28963290656046004,0.4671124142044529,-0.04313923983730686,0.13165101264590923,0.5480565078932484,-0.01195289271019541,0.19320462109650727,0.4767388844210477,-0.03915032126868979,0.2479171472608682,0.4729295819031848,-0.04978872669328868,0.28398640286950055,0.4786570861096364,-0.051738036741865334,0.11015180682319153,0.571204146638553,-0.03127024498015766,0.19474187929698436,0.5367852493065967,-0.06288551514777496,0.21208184113496847,0.6062336683422884,-0.059616755633125504,0.20630185098351828,0.6525779144136655,-0.049006065526107326,0.10557665043365815,0.6078611344761727,-0.051291811713913324,0.18917847985262842,0.6013848564103066,-0.07302033782104199,0.20313309759484188,0.6562728200950019,-0.0679948443797039,0.19527417121118645,0.6912034242215067,-0.05847643520865799,0.0,0.0,0.0,0.0,0.0,0.0,0.0,0.0,0.0,0.0,0.0,0.0,0.0,0.0,0.0,0.0,0.0,0.0,0.0,0.0,0.0,0.0,0.0,0.0,0.0,0.0,0.0,0.0,0.0,0.0,0.0,0.0,0.0,0.0,0.0,0.0,0.0,0.0,0.0,0.0,0.0,0.0,0.0,0.0,0.0,0.0,0.0,0.0,0.0,0.0,0.0,0.0,0.0,0.0,0.0,0.0,0.0,0.0,0.0,0.0,0.0,0.0,0.0,0.5070494726329697,0.3803287984480702,-0.017740066597306692,0.5697493389786266,0.38448412522978426,-0.010021644992148363,0.6431162657018745,0.38193057076100057,0.01996387597089509,0.6883682835646453,0.3722773129562702,0.04896079229217004,0.6404556787993052,0.48913851086434695,-0.0663746797204294,0.6314131855396774,0.5062201280341898,-0.033131249125579756,0.6408862821196553,0.4721220102007537,-0.0715520355170188,0.6370930208556715,0.4490852120785293,-0.06787182983818466,0.6274326216683632,0.4732379279647428,-0.07342808003829789,0.6516263495154402,0.47155320567877057,-0.06664805342780077,0.56162464675877,0.5748940978136291,-0.009403096909502594,0.6680135216691221,0.5700525190331066,0.03116502368041385,0.6338249264826801,0.5474036355220977,-0.03129621916884199,0.6302008114069789,0.606755097831881,-0.01730988315713607,0.5470850896120891,0.5733876769111924,-0.01110003749691698,0.6789298553960739,0.5604373398181288,0.03573606913504156,no,2025-11-18T07:29:56.567685
0.15527605329326616,0.8193602703796083,5.319068870871058e-07,0.21018418905045327,0.7436737680725016,0.0022851094001528657,0.24488368625636114,0.6453469858185995,-0.004539032364478218,0.2741645306180901,0.5827523606301965,-0.017988203984328488,0.31348049767338654,0.5392940648534728,-0.030459984014986,0.166458812552982,0.5427390359614295,0.006551884861408418,0.2144587480824651,0.48935893446514356,-0.01687080859748902,0.2580383704153793,0.47239718243662093,-0.033145266281008515,0.29322532814957664,0.4683271905597918,-0.04274357765395349,0.13332307266530843,0.5465876881221156,-0.01089311196502369,0.19635362655920563,0.47502913294824817,-0.03795521583837874,0.25141196041403396,0.47218488897023864,-0.04854996791774839,0.28715253537907093,0.4790043927309504,-0.0503376135329667,0.11246516274997467,0.5695811315849626,-0.0302965267942852,0.198121058142526,0.536482604540307,-0.0621983705730883,0.21559991265532527,0.6060007572248857,-0.05925561298358927,0.20934013173432048,0.6522734650059814,-0.04850538735513855,0.10823163818961312,0.6056375667784153,-0.05028487717079085,0.19174259808776364,0.5973681400753468,-0.07175743892838332,0.20645962223701902,0.6522013800639804,-0.06634125310315724,0.19901207684371044,0.6878225251467183,-0.05638584410863102,0.0,0.0,0.0,0.0,0.0,0.0,0.0,0.0,0.0,0.0,0.0,0.0,0.0,0.0,0.0,0.0,0.0,0.0,0.0,0.0,0.0,0.0,0.0,0.0,0.0,0.0,0.0,0.0,0.0,0.0,0.0,0.0,0.0,0.0,0.0,0.0,0.0,0.0,0.0,0.0,0.0,0.0,0.0,0.0,0.0,0.0,0.0,0.0,0.0,0.0,0.0,0.0,0.0,0.0,0.0,0.0,0.0,0.0,0.0,0.0,0.0,0.0,0.0,0.5144286014154381,0.38008026488374885,-0.022078301508945207,0.5781484760612737,0.38569248370978654,-0.011390397964673978,0.6495466978190464,0.3839267397719798,0.023073698672977587,0.6943468565020949,0.37478729758760165,0.05459816307773804,0.6513144749892522,0.48980104776291533,-0.06511396806241464,0.6410982131674064,0.5073702762000936,-0.032830608946968994,0.6520063157844065,0.47289225290692594,-0.07002873957481075,0.6480129129585059,0.45008649246237564,-0.06617111636729446,0.6386571711056355,0.47389709761312393,-0.07243260396325027,0.6623646025989066,0.47258679530516745,-0.0646338287990616,0.5694459679602261,0.575189484838974,-0.014102834475626274,0.6738189799774749,0.5719777418125433,0.032434611288649384,0.6429227202470316,0.5478927502733322,-0.03164418575105078,0.6386254172429486,0.6078295509644329,-0.01817730139678817,0.5550638055444174,0.575331923582473,-0.016189964724894628,0.683951968933007,0.5635041089234992,0.037522643830464046,no,2025-11-18T07:29:56.691403
0.15497107463266366,0.8195379745357362,5.204738305321411e-07,0.2102274086917725,0.7442359757568319,0.0018745288417486865,0.24527002868649966,0.6457248561390514,-0.005499573606173449,0.2749138340270016,0.5829389759541364,-0.019478258190963854,0.3142776942626805,0.5389999453295684,-0.03244002293574713,0.16701562563493522,0.5422672044621906,0.005512283091306063,0.21534880964961955,0.48904153838907355,-0.018122779576025316,0.2589149021132835,0.47160491548569783,-0.034132068359076874,0.2939787258814671,0.4670812766162988,-0.04358755752185437,0.13413920962481424,0.5460601659585644,-0.011878506238740292,0.19887315348288803,0.47539405136601554,-0.03934245309076015,0.2542677451625376,0.4739889017996106,-0.04962227451947734,0.28970678481466516,0.48102668409931615,-0.05111012280485348,0.11380657040868637,0.5689220927395028,-0.031239347504899213,0.20113000382798069,0.5370038907711301,-0.06326010072090466,0.2187845201551773,0.6075053393878183,-0.059980745412054115,0.21222725831196157,0.6531856898508606,-0.04904703939917171,0.11038929438415135,0.60477233754265,-0.05124911467217884,0.19487776561139813,0.5986103510130152,-0.07272823311413215,0.20884771429147933,0.6534502932081072,-0.06748268106646357,0.2003570526783326,0.6875819883958079,-0.0577054932252416,0.0,0.0,0.0,0.0,0.0,0.0,0.0,0.0,0.0,0.0,0.0,0.0,0.0,0.0,0.0,0.0,0.0,0.0,0.0,0.0,0.0,0.0,0.0,0.0,0.0,0.0,0.0,0.0,0.0,0.0,0.0,0.0,0.0,0.0,0.0,0.0,0.0,0.0,0.0,0.0,0.0,0.0,0.0,0.0,0.0,0.0,0.0,0.0,0.0,0.0,0.0,0.0,0.0,0.0,0.0,0.0,0.0,0.0,0.0,0.0,0.0,0.0,0.0,0.4990642745055172,0.38580631319558234,-0.012471424757054438,0.560291733233655,0.39342433538364086,-0.008835220563539734,0.6367010847150347,0.3918025893369405,0.015026747854216645,0.6843959745900825,0.38239830570469713,0.04042492025072682,0.6250109264499331,0.4993267648024782,-0.06750012134910321,0.6177091359950191,0.516223958605189,-0.033202826014603115,0.6256795165920018,0.4822567096872963,-0.07300573334259833,0.6230853680221454,0.45881634362708473,-0.06955828479693038,0.6119790169473948,0.48290893341387703,-0.07416079765957313,0.6371952297853236,0.48201487194247783,-0.06878256668653718,0.5493249000548659,0.5814602741024552,-0.003427837143386267,0.6562406293148331,0.5801621115678928,0.028728543168774517,0.6199154063729054,0.5586045091202781,-0.031026373490378296,0.6159609427504263,0.6155798038158804,-0.014394191446334626,0.5341567802250591,0.5818876312267376,-0.004185015454052024,0.6685739432696804,0.573825453290256,0.032871670102619016,no,2025-11-18T07:29:56.843921
0.15226398983193395,0.8215230589803619,5.15400769756163e-07,0.20793635084456635,0.747909060723875,0.001965188545957134,0.2433544099211574,0.6483565088514623,-0.004994756865834322,0.2730015002149092,0.58515757663254,-0.018353861048029954,0.3120635974594042,0.5412962885732162,-0.03052482260280799,0.16613591392792598,0.5454633837633829,0.004236790538236187,0.21328708514078115,0.49006338484662115,-0.01828485187045828,0.25639722461621206,0.4732551584769874,-0.03303363422712678,0.29119006048197044,0.46973036132298096,-0.0416861062483959,0.13287033122613393,0.5489906773949469,-0.012787840773901148,0.19613454051564827,0.4786746408010345,-0.038809672623084504,0.2516300345189824,0.4772310014693396,-0.048175340310471285,0.2877159954756843,0.4848182970553038,-0.049434770124660514,0.11227352288263259,0.571613128097733,-0.03161572011675701,0.1983157848806041,0.5386508187147276,-0.062128983407508526,0.21626335090696105,0.6080633491296391,-0.05850804363545897,0.2108600751694314,0.654187572203186,-0.04793029536784929,0.10877243536622805,0.6070884507232293,-0.051128736634967135,0.19349861494480963,0.6008447754019849,-0.07197304520768368,0.2085356403522025,0.655404797626011,-0.06696086426112562,0.2019570931764771,0.6904204051800359,-0.057628531730962246,0.0,0.0,0.0,0.0,0.0,0.0,0.0,0.0,0.0,0.0,0.0,0.0,0.0,0.0,0.0,0.0,0.0,0.0,0.0,0.0,0.0,0.0,0.0,0.0,0.0,0.0,0.0,0.0,0.0,0.0,0.0,0.0,0.0,0.0,0.0,0.0,0.0,0.0,0.0,0.0,0.0,0.0,0.0,0.0,0.0,0.0,0.0,0.0,0.0,0.0,0.0,0.0,0.0,0.0,0.0,0.0,0.0,0.0,0.0,0.0,0.0,0.0,0.0,0.4898327926177488,0.3889697596623282,-0.0089151458193168,0.5499124655567231,0.39711013598405676,-0.008177107825566764,0.6284496076613199,0.39563867958382215,0.0113478655227342,0.6765024988421299,0.3864779613268893,0.03430243004349524,0.6115408335748506,0.5050542052886597,-0.0685924326151644,0.6054807782102171,0.5213117855159735,-0.033222112323564756,0.6121543764066577,0.48804093855241126,-0.07444768272421283,0.6100956143661447,0.46434385780578324,-0.07127437349044136,0.5981749640343816,0.4885257626835773,-0.07508646610578754,0.6242689789616468,0.48780911033723623,-0.07069680775208588,0.5380663425445228,0.5846980993162423,0.0014516033200945148,0.6473016675111916,0.5845468062398027,0.02780556787871881,0.6074015401138666,0.5637023004318737,-0.030344623543165642,0.6037294502284389,0.6202756265955165,-0.012532874652460469,0.5223983430773123,0.5852661274915731,0.0012432063803533054,0.660237057751631,0.5787840657278459,0.031573770108591956,no,2025-11-18T07:29:56.968345
0.15003352899647235,0.8222826364485702,5.274708948089039e-07,0.20549702114972687,0.7481583315170278,0.0016869952128454675,0.2410578578650892,0.6490316150786548,-0.005638429824056788,0.2706572305390113,0.5856424587130749,-0.01935150019785121,0.3094368839357339,0.5412398801264519,-0.03187989569213962,0.1638678122558064,0.5471722486462941,0.004683205718375587,0.21206727616242396,0.49252932552286655,-0.018786315898856,0.2554739600177618,0.47610613754041936,-0.03459815246443448,0.2904001933860505,0.47261070411424927,-0.04377347219670676,0.13079994162834863,0.5507904343796176,-0.012246803602944216,0.19413009438788242,0.47920795805577543,-0.03910638609489129,0.2495701146487124,0.47779469470821107,-0.04895945162362706,0.2860109330043369,0.48547005028870693,-0.050240704902761474,0.1103221519137284,0.5732510363617938,-0.031119486775826738,0.1967609378442594,0.5414575676367828,-0.06271439044142325,0.21412227156906966,0.6119506105789949,-0.05910546774594547,0.2081270076898869,0.6583415628483429,-0.04793269130081555,0.10673931294635675,0.6084169169929318,-0.05062842878198495,0.190512427944836,0.6003330224570806,-0.07167973967275243,0.20515706336162143,0.6547205703618488,-0.0660303647296305,0.19803779646616823,0.6896933397207552,-0.05597890949586652,0.0,0.0,0.0,0.0,0.0,0.0,0.0,0.0,0.0,0.0,0.0,0.0,0.0,0.0,0.0,0.0,0.0,0.0,0.0,0.0,0.0,0.0,0.0,0.0,0.0,0.0,0.0,0.0,0.0,0.0,0.0,0.0,0.0,0.0,0.0,0.0,0.0,0.0,0.0,0.0,0.0,0.0,0.0,0.0,0.0,0.0,0.0,0.0,0.0,0.0,0.0,0.0,0.0,0.0,0.0,0.0,0.0,0.0,0.0,0.0,0.0,0.0,0.0,0.4881514330396407,0.3910564087427547,-0.008115094356825201,0.5487571422975571,0.3988409497497646,-0.007696321546877143,0.6280241850867634,0.39725418643154425,0.011463622481044072,0.6755709513310839,0.38819781650366986,0.03427546182765391,0.6109352307827867,0.505454644377118,-0.06946814605444843,0.6048638164961608,0.521808666853522,-0.03374517684962475,0.6115740298724115,0.48854450115372333,-0.0753425092626687,0.6095170945785496,0.46508613826873635,-0.07206579102020885,0.5974566810547427,0.4891432893904184,-0.07592238070170511,0.6237268299501837,0.4882980379729165,-0.0716137696554428,0.5377480164527728,0.5860092135375157,0.0014375146462781076,0.6462119487820698,0.5862150499342477,0.027398478785274245,0.6068825673229398,0.5657294170273077,-0.031038725484084345,0.6038115439428022,0.6216464092412092,-0.01263459384874267,0.5212780785515956,0.5869985889914531,0.0013292665530224312,0.6597407975525733,0.5798154857180795,0.031172968217616996,no,2025-11-18T07:29:57.092843
0.14860056111860515,0.8239175499900322,4.968664658944368e-07,0.20401811335043718,0.7489045837539667,0.002532782529909145,0.2398456484049529,0.6487965165675714,-0.004265218122759245,0.2701617723320362,0.5855002411782843,-0.017538232318860068,0.308378679757021,0.5414543562142726,-0.029531629453137396,0.16204897855708333,0.547530353210705,0.005130221997488213,0.20999415214981548,0.4932990634629561,-0.017619315115491786,0.25293886094073514,0.4776125105750956,-0.0327727335198745,0.28760813983915867,0.4751336534868732,-0.041719047296468734,0.12894591312069287,0.5514551725483141,-0.012058721500819127,0.1932693280472127,0.48239741984667434,-0.03825352822224461,0.24812029214519893,0.4831678061715875,-0.047793710086677724,0.28344610933587816,0.49144456968380507,-0.049275576193508155,0.10882686293844684,0.5742142039318582,-0.03109583188435998,0.1947137938313399,0.5419678261004959,-0.06164287774992267,0.2115589708246273,0.611390965432396,-0.05785309744342447,0.20478805939694922,0.6563235104585953,-0.04725521588072489,0.1056522692439742,0.609875292612448,-0.050734680828928305,0.18933402461752147,0.6014697489051608,-0.07124331519942095,0.2032594342810991,0.6548712381304483,-0.0657064003237424,0.1948368888341469,0.6886996964888719,-0.05616926233639132,0.0,0.0,0.0,0.0,0.0,0.0,0.0,0.0,0.0,0.0,0.0,0.0,0.0,0.0,0.0,0.0,0.0,0.0,0.0,0.0,0.0,0.0,0.0,0.0,0.0,0.0,0.0,0.0,0.0,0.0,0.0,0.0,0.0,0.0,0.0,0.0,0.0,0.0,0.0,0.0,0.0,0.0,0.0,0.0,0.0,0.0,0.0,0.0,0.0,0.0,0.0,0.0,0.0,0.0,0.0,0.0,0.0,0.0,0.0,0.0,0.0,0.0,0.0,0.49403241374539103,0.3902176719207014,-0.011226736109996959,0.5567671986779228,0.3973249722599073,-0.008326016522866844,0.6342331590182962,0.3953623411853995,0.01448107087632812,0.680568598920318,0.38597020859153375,0.03935915087408735,0.6208152272955376,0.5030097289955048,-0.06852995876893488,0.6137658923846618,0.519647500350284,-0.03365854906929594,0.6215461373078793,0.48614414398277594,-0.07413707828169445,0.6191272721122729,0.46299806536258625,-0.07065529278388334,0.6076529559105195,0.48684960964481705,-0.07515141160090977,0.6332001015862674,0.48591357932829327,-0.07000210306297569,0.546209115552894,0.5851939366313524,-0.0024847480941929995,0.6533721818476237,0.5834395740985172,0.028425377135037292,0.6179778253618331,0.5632072575992709,-0.031411751041149724,0.6144150106913413,0.6191631580431509,-0.01402728950821242,0.5296884155251111,0.5857070719958791,-0.0030824730204304226,0.6658187170193134,0.5773692621003728,0.03250012162769125,no,2025-11-18T07:29:57.236558
0.14940815304541707,0.8233201713077297,5.133251280326024e-07,0.2042148472545376,0.7482228864738462,0.00227674773589707,0.239230222998558,0.6487546950132168,-0.004637946648006033,0.2690663310693918,0.5854196254700472,-0.018203580547025686,0.30720936417813205,0.5409021284683881,-0.030574434285379884,0.1614779596278535,0.5479108393899289,0.00704187337546978,0.209454730133841,0.4943695646618522,-0.016447928524454553,0.2527368487357103,0.4790016190475423,-0.03288005602876469,0.28767668859481127,0.47568081120903566,-0.042676542857500076,0.12897396644184286,0.5519668920087915,-0.010173115702065428,0.1934154931552096,0.4828302177968723,-0.03721284920712393,0.24879114286014753,0.4837468161698239,-0.047652846874760714,0.2847184717860116,0.49176170520818974,-0.04956988760301304,0.10878020260097734,0.5747563758383045,-0.029492440282511544,0.1951278635051208,0.5424524928193825,-0.061031749468208746,0.21136245281286448,0.6130294289442253,-0.05738820618621648,0.2038109975076749,0.6582805305970345,-0.04642934058480119,0.10488756200660204,0.6102652405864669,-0.04942670498663155,0.18840240917079076,0.5996632544650926,-0.07009624653031732,0.20167096504485024,0.653058475682198,-0.06400027225356986,0.19219288434798928,0.6869582404830529,-0.05387887833351797,0.0,0.0,0.0,0.0,0.0,0.0,0.0,0.0,0.0,0.0,0.0,0.0,0.0,0.0,0.0,0.0,0.0,0.0,0.0,0.0,0.0,0.0,0.0,0.0,0.0,0.0,0.0,0.0,0.0,0.0,0.0,0.0,0.0,0.0,0.0,0.0,0.0,0.0,0.0,0.0,0.0,0.0,0.0,0.0,0.0,0.0,0.0,0.0,0.0,0.0,0.0,0.0,0.0,0.0,0.0,0.0,0.0,0.0,0.0,0.0,0.0,0.0,0.0,0.4945471142651974,0.3899501612434012,-0.012397218546045384,0.5579685435871609,0.39769252782459474,-0.00870599745210129,0.6347546787027212,0.3962168066600902,0.01560293298970062,0.6819963570506435,0.3868714886637097,0.0415111959216342,0.6244367410071591,0.5024249217945054,-0.0686569264750932,0.6166848823419281,0.5194619702469345,-0.033941803439920454,0.6252731025093778,0.48549501033825077,-0.07418436634364417,0.6226885907566064,0.4623859390667149,-0.07059235821898138,0.6112613348468918,0.48629288555761513,-0.07536261424819735,0.6367934607128725,0.4852947317875597,-0.06988247941558971,0.5468036029577215,0.5852680527196679,-0.0041538679277707425,0.6546335882916707,0.5838221537351259,0.028907298246800356,0.6196710604222343,0.5629618112299029,-0.03196511550711375,0.6161133154633922,0.6197640908280635,-0.014529688480461048,0.5309797811497016,0.586825551378799,-0.004871018558455516,0.666565669544813,0.5780470020180514,0.03316420869749927,no,2025-11-18T07:29:57.364242
0.15032244043958248,0.8245455727334852,5.10669569667448e-07,0.20495548405636502,0.7487493450199125,0.0023488440861599473,0.23988845571800993,0.650066752709474,-0.005066138596015369,0.270261524757108,0.5866359027370835,-0.019266577335025313,0.3088600593816991,0.5414521051697104,-0.0323224220598824,0.16095581972348028,0.5476513356323882,0.007496465445754099,0.2102704197072136,0.49652150184386556,-0.016102216567317702,0.2540573836087685,0.4806673117610911,-0.032552288534840566,0.28923919626235617,0.47812598099437986,-0.042378703583882335,0.12891856114183514,0.5519204369807293,-0.0101168774113519,0.19513086248670436,0.4845085994990221,-0.03748091337452372,0.2507066649988756,0.4860883898792693,-0.04806520544090227,0.285848060260529,0.494151736760322,-0.04995188747082567,0.10935331003547784,0.5749238391165857,-0.029861793212199127,0.19659625183474805,0.5429077935746083,-0.06187595706242392,0.21410052553210362,0.6138835890219784,-0.058272824243864124,0.2069669851172484,0.6590964987999516,-0.047240656263493774,0.10614398221666085,0.6109697448793387,-0.050203316084414557,0.18994047980245166,0.6012867077417321,-0.07157533969963742,0.2040111151780457,0.6556021007046396,-0.06558452223709071,0.19493147833255636,0.6896330053676403,-0.05535529418704364,0.0,0.0,0.0,0.0,0.0,0.0,0.0,0.0,0.0,0.0,0.0,0.0,0.0,0.0,0.0,0.0,0.0,0.0,0.0,0.0,0.0,0.0,0.0,0.0,0.0,0.0,0.0,0.0,0.0,0.0,0.0,0.0,0.0,0.0,0.0,0.0,0.0,0.0,0.0,0.0,0.0,0.0,0.0,0.0,0.0,0.0,0.0,0.0,0.0,0.0,0.0,0.0,0.0,0.0,0.0,0.0,0.0,0.0,0.0,0.0,0.0,0.0,0.0,0.48414474005114727,0.3918636466388515,-0.006622707962131779,0.5458384983827833,0.39995187344846833,-0.007189995881150752,0.6244438991429255,0.3991567179014257,0.010260710133291277,0.6741158423856428,0.39013116149761107,0.03193300833241868,0.6053639972869505,0.5085550974824883,-0.06938714415933958,0.599585368483815,0.5247694158142326,-0.03362838827792074,0.6061030298408858,0.4915780769397934,-0.0753066878906026,0.6044142838674542,0.4679400108780001,-0.0721173134979375,0.5919511749498436,0.4919971907217321,-0.07569490321179284,0.6184232365419678,0.4914104205030786,-0.07178417076977797,0.532266681087015,0.5872710507624523,0.0031982438054775552,0.642374012220634,0.5873625987410371,0.02684237954506251,0.6033392318979762,0.5670103104935678,-0.030714313233727124,0.5994566134812078,0.6228414780159605,-0.012118824390304291,0.5161186003679417,0.5886792549431684,0.0032229328752989526,0.6553886895220861,0.583354038328209,0.030412738182754036,no,2025-11-18T07:29:57.496055
0.1496755645543936,0.8251618795273719,4.962156218883707e-07,0.20432151634687756,0.7513881472127913,0.002405796262139918,0.23959151469133758,0.6508601404614875,-0.004314241649919349,0.26997238330064266,0.5870279447309685,-0.017748371646714927,0.30844944506942007,0.5418937481071635,-0.030074645028764366,0.1624695078718033,0.5494746789512954,0.00762591440290072,0.21112266927476464,0.49693644002315196,-0.015536703815420497,0.2545787871241322,0.48154097239837546,-0.03187975644449424,0.289773031215666,0.4795106011138739,-0.04153495397647524,0.12997722764866873,0.553756069720986,-0.00957273990141665,0.19434085125344205,0.486572874416488,-0.03658810271506528,0.2500094136990838,0.48799888527681573,-0.047269873954844256,0.28643212169921134,0.4975890941739995,-0.04911865050213742,0.10971945830524502,0.5766170749785962,-0.028850179310691317,0.19603867178624762,0.5443519151474421,-0.060529360081047166,0.21382068135039858,0.6158667973243284,-0.05704868798760608,0.20782228750529474,0.6626045502785005,-0.04593818840725386,0.10573952322450512,0.6118790322335231,-0.0487224609513431,0.18934822698799875,0.6005906454834912,-0.06996382577461577,0.20378093557783816,0.6550131754152624,-0.06410128089274389,0.19573753378345424,0.6904248264963049,-0.05382042683123277,0.0,0.0,0.0,0.0,0.0,0.0,0.0,0.0,0.0,0.0,0.0,0.0,0.0,0.0,0.0,0.0,0.0,0.0,0.0,0.0,0.0,0.0,0.0,0.0,0.0,0.0,0.0,0.0,0.0,0.0,0.0,0.0,0.0,0.0,0.0,0.0,0.0,0.0,0.0,0.0,0.0,0.0,0.0,0.0,0.0,0.0,0.0,0.0,0.0,0.0,0.0,0.0,0.0,0.0,0.0,0.0,0.0,0.0,0.0,0.0,0.0,0.0,0.0,0.47300463554566946,0.39123383290194524,0.0011168846268771685,0.5311367627526404,0.4007573416963106,-0.004704192533148125,0.6124631516874753,0.40390856486807125,0.00419847556113054,0.6642569034315909,0.3941848803989978,0.02071001269512737,0.5811594885917479,0.5107684945572841,-0.06929361016107734,0.577945686504023,0.5268917929920315,-0.03303304266543818,0.5817283824054893,0.4937227689529518,-0.07544382122114969,0.5811161695101736,0.47001544050999156,-0.07255736353679337,0.5680010832425152,0.4937703800240664,-0.07487372655520863,0.594499177303424,0.4938595822283917,-0.07289708892659698,0.5155198597371569,0.5857250472661444,0.010799300920819013,0.6265258358661001,0.590978657883397,0.02289296853040145,0.5817592029221784,0.5689561502151982,-0.029630167742487744,0.5780240025223117,0.6248045566807097,-0.009380432127779822,0.5001848113534044,0.587451577630657,0.011719992302429426,0.6398346903344683,0.5873048515768242,0.025641334694430588,no,2025-11-18T07:29:57.638849
0.14844673205766096,0.8248985137878864,4.891032727529649e-07,0.20309725294110464,0.7517829312571525,0.0033469170176808243,0.23833863716553877,0.6509426582548832,-0.0026684983509411902,0.2688388225039743,0.5866956897612667,-0.015471772730803848,0.306171282083088,0.5412100690914236,-0.02724195654007512,0.16260533115205003,0.5505983345298927,0.00916411366343428,0.21311200037358075,0.5003070233028968,-0.01337790940595668,0.2568141907632227,0.4850673945777888,-0.030004547831316945,0.2921168129348746,0.483833281075278,-0.040011905712288146,0.13014800916143915,0.5547613261049998,-0.008308939962845619,0.1936583128304144,0.4879945431299893,-0.035100776770139834,0.24966814922281766,0.489502376498233,-0.04628177577654112,0.2865687035049783,0.5012052867472628,-0.04849269305476153,0.10982513953417807,0.577710724359873,-0.0277323518673837,0.1949070734057123,0.543429722203085,-0.05927776242558676,0.21411862988122726,0.6142588044982695,-0.055744028788348214,0.20927936306865308,0.6617386836589951,-0.04459474152497035,0.10576502817495284,0.6127816346184247,-0.04760859910941865,0.1887207360087241,0.5982715781586156,-0.06917934021970916,0.2036871618888222,0.6523476996060534,-0.06302591891331187,0.19609408478713958,0.6889289154377887,-0.05240722898125016,0.0,0.0,0.0,0.0,0.0,0.0,0.0,0.0,0.0,0.0,0.0,0.0,0.0,0.0,0.0,0.0,0.0,0.0,0.0,0.0,0.0,0.0,0.0,0.0,0.0,0.0,0.0,0.0,0.0,0.0,0.0,0.0,0.0,0.0,0.0,0.0,0.0,0.0,0.0,0.0,0.0,0.0,0.0,0.0,0.0,0.0,0.0,0.0,0.0,0.0,0.0,0.0,0.0,0.0,0.0,0.0,0.0,0.0,0.0,0.0,0.0,0.0,0.0,0.4702807944879226,0.39099498156022555,0.004415489610499074,0.5276104567719043,0.40169772461726694,-0.003190236175893642,0.6096480067939025,0.40559754482035765,0.0027366072437855085,0.6616509422171992,0.39629068620169616,0.01741033271249813,0.5742251655624298,0.5113695370907301,-0.06929398671067324,0.5717549210413182,0.5273941582338393,-0.0329865475575707,0.5747599817796795,0.4944194119823505,-0.07546119867243206,0.5745229571153163,0.4707854559651398,-0.07258690328739006,0.5611178535757559,0.4942615127583101,-0.07455272773330424,0.5877033802700592,0.49475784256206423,-0.07324939837136046,0.5103724610537286,0.5853887985525821,0.012604166319894179,0.6218533300729426,0.5921267150253013,0.020760374044351212,0.5770639123741752,0.5698595710602052,-0.029734975824712195,0.5731698436588457,0.6248871983652267,-0.00952655696440046,0.495627213120321,0.5870954098537654,0.013894746970420951,0.6348911465416696,0.5894520089850521,0.02325219636996853,no,2025-11-18T07:29:57.761925
0.14983363116459555,0.8254630131691202,4.085382064773427e-07,0.2033781031250819,0.7540406472329616,0.003090058585322112,0.23640019586300468,0.6531001800643312,-0.0024113995193879053,0.2656724898318898,0.5881235096869993,-0.01472672003902811,0.3008732268960743,0.5420432159460109,-0.025246813010735898,0.16313492546944236,0.5541821774139484,0.010916780270784743,0.21225872076927557,0.5022892056783954,-0.011299721825336423,0.2553668662995038,0.4939757720645902,-0.027427286802182673,0.2890462537956233,0.5016038556274369,-0.03668650268634236,0.1313222873709036,0.5571538685712225,-0.00570994701758602,0.19479140176032286,0.4945197956834181,-0.03224916293890531,0.24885498636458647,0.5044684440798812,-0.04320837666292781,0.2828525763017827,0.5242889629632463,-0.0451899267226885,0.1107995089350654,0.5776328029662983,-0.024582066609475005,0.1931912547485677,0.5409585186905013,-0.05482692492636302,0.21341320881668938,0.6120923651149642,-0.0509796548394065,0.20958285267785834,0.661799455621917,-0.04012278239514223,0.10553515994361846,0.6101558758266684,-0.04406931067157162,0.1882698625832004,0.5961716620155566,-0.06480001609335984,0.20304071937309914,0.650498249035891,-0.05910844408592935,0.1953089778660582,0.6886335975809549,-0.04909401463210267,0.0,0.0,0.0,0.0,0.0,0.0,0.0,0.0,0.0,0.0,0.0,0.0,0.0,0.0,0.0,0.0,0.0,0.0,0.0,0.0,0.0,0.0,0.0,0.0,0.0,0.0,0.0,0.0,0.0,0.0,0.0,0.0,0.0,0.0,0.0,0.0,0.0,0.0,0.0,0.0,0.0,0.0,0.0,0.0,0.0,0.0,0.0,0.0,0.0,0.0,0.0,0.0,0.0,0.0,0.0,0.0,0.0,0.0,0.0,0.0,0.0,0.0,0.0,0.47484277098701855,0.39115523578381306,0.0017623920253153542,0.5327545582390101,0.401964202303064,-0.004309637709751178,0.6140643147811523,0.405708316520477,0.004077450443764154,0.6653389863425931,0.3968346250413083,0.02021687869129917,0.5812169800781204,0.5125664228079078,-0.06866578556734605,0.5780410411767107,0.5282469305344611,-0.032594414307702664,0.5818482745430991,0.4956343403286005,-0.0748172686918469,0.581385813608241,0.47189643336491705,-0.0719765806264774,0.5681216547160396,0.4954562383899964,-0.07419608433755742,0.594607906184224,0.495919143925838,-0.07232535938460716,0.5158502763375638,0.5853465294032442,0.010577562513911419,0.6257013868973569,0.5921819447681286,0.022093270855631647,0.5821585626514736,0.5703376565380219,-0.02935722338902875,0.5780476114675607,0.6251764745297508,-0.010049553425700988,0.5005855801700848,0.5877103657640561,0.011623988373222885,0.6390803725128544,0.5893076561801481,0.024830452977817594,no,2025-11-18T07:29:57.891219
0.15228841287233685,0.8240861079677693,3.8134581741932867e-07,0.20544435428976338,0.7534018102707625,0.003792524170908436,0.2371782853733282,0.6530256208949738,-0.0010919966529311113,0.26619028291605173,0.5887634204833769,-0.013005773181209058,0.3006711338833704,0.5428358946818372,-0.023123465968451693,0.16484012847378063,0.5527285365409891,0.014633748475536529,0.21487714070766634,0.5055837779681345,-0.007336710776867969,0.25788682923167633,0.5011194117872237,-0.024531531593923808,0.2911469618654249,0.5122897694198586,-0.03474975764314371,0.13356500508891705,0.5554864048437778,-0.0025202548075961757,0.19763980574237455,0.49749724353720465,-0.029058636648810185,0.25095310386764175,0.5114259735200432,-0.04109992700169382,0.28367658760462666,0.5351759546414132,-0.043899581928572566,0.11345442888431317,0.5764536650196024,-0.022155154980228835,0.19353172660552698,0.5383846734497123,-0.05159589013771344,0.21441063289555018,0.6070456153596824,-0.048150719876473194,0.21144043771244908,0.656382960547546,-0.03811554683042462,0.10807278153206809,0.609637049508488,-0.042556379932405415,0.19080596121694657,0.5945795996997949,-0.0631757022232346,0.20621621625774708,0.6491308400540631,-0.057889556776093226,0.1994637447118186,0.6879864815316425,-0.0484386034396275,0.0,0.0,0.0,0.0,0.0,0.0,0.0,0.0,0.0,0.0,0.0,0.0,0.0,0.0,0.0,0.0,0.0,0.0,0.0,0.0,0.0,0.0,0.0,0.0,0.0,0.0,0.0,0.0,0.0,0.0,0.0,0.0,0.0,0.0,0.0,0.0,0.0,0.0,0.0,0.0,0.0,0.0,0.0,0.0,0.0,0.0,0.0,0.0,0.0,0.0,0.0,0.0,0.0,0.0,0.0,0.0,0.0,0.0,0.0,0.0,0.0,0.0,0.0,0.48285277887844275,0.39119071901667,-0.0022091821171971214,0.5422799974250928,0.40093151468951116,-0.0055708304304850345,0.622487206666928,0.40424172756851945,0.007238925470391722,0.6723179783550124,0.3967913305937361,0.026110267360500202,0.5952113812458015,0.509723859721291,-0.06886591289261124,0.5905178011860421,0.5257455961380497,-0.032999920598680316,0.5960452610622905,0.4929068650218976,-0.0748889402262316,0.5951385013532996,0.469570767646814,-0.07185383186077554,0.5821773623063689,0.4928252497320313,-0.07476945916668826,0.6084653519797463,0.49324427831706025,-0.07187792812803928,0.5255516621403395,0.5851245271756822,0.0066818137500254775,0.6344439184509673,0.5914049267373969,0.02428942310933581,0.5927055761770399,0.5703421848020616,-0.030029186322033028,0.5883870612345738,0.6247431859762707,-0.011376518674985332,0.5095223905145774,0.5859426782090239,0.007187814907179742,0.6481243804397768,0.5868413102086807,0.027414563051959544,no,2025-11-18T07:29:58.035415
0.15582967093754935,0.8226824890367563,3.751800809169687e-07,0.20750028067528864,0.7522436650307059,0.0034339250162408277,0.2390914357965579,0.6520392267492142,-0.001350752591583946,0.2681050411934766,0.5881330990299117,-0.013147312038634763,0.302180411163754,0.5429391580113898,-0.022923712863664722,0.16759408834196232,0.5520839109096547,0.01690791630189857,0.2171014607880983,0.5068883672078679,-0.004952564701305083,0.25959201269075116,0.504359501998043,-0.022671905103685976,0.29214550456285465,0.5177012716575611,-0.033285439086755304,0.13628721804672064,0.5548211753108354,-5.883164426921249e-05,0.19977895054632003,0.49884458524669073,-0.026678234114426512,0.25239811627441233,0.514798492960812,-0.039374376919616746,0.28400686038690043,0.5407377955026982,-0.042627994517247636,0.11595998583879355,0.5755664900548909,-0.019792624991142004,0.19367259979587415,0.5356554674373653,-0.048850071238061434,0.21483057739690992,0.6023442569596263,-0.045889233139845255,0.21237982495535326,0.6510885270782011,-0.036478452746038115,0.11031372918141834,0.608675136006075,-0.04045692692113015,0.1935794450469117,0.5932791940378247,-0.06088418780716917,0.2081238479274194,0.6479833816244742,-0.056193650832080236,0.20066857573983188,0.6873649598877543,-0.047390773151665136,0.0,0.0,0.0,0.0,0.0,0.0,0.0,0.0,0.0,0.0,0.0,0.0,0.0,0.0,0.0,0.0,0.0,0.0,0.0,0.0,0.0,0.0,0.0,0.0,0.0,0.0,0.0,0.0,0.0,0.0,0.0,0.0,0.0,0.0,0.0,0.0,0.0,0.0,0.0,0.0,0.0,0.0,0.0,0.0,0.0,0.0,0.0,0.0,0.0,0.0,0.0,0.0,0.0,0.0,0.0,0.0,0.0,0.0,0.0,0.0,0.0,0.0,0.0,0.4872036238743028,0.3903816399019355,-0.004203554352776808,0.5475450351619788,0.40115414926866,-0.005850365677673233,0.6274662710275558,0.40388808487743755,0.009901248402138458,0.6762147230966499,0.3968133288710868,0.030655221129204685,0.6034727665430057,0.5080106048255503,-0.06889357553829323,0.5977187365991856,0.524391693695093,-0.033498594041672616,0.6044858721082937,0.4912482482896811,-0.07469827089269687,0.6033377405142963,0.46818480480004576,-0.07138180382716397,0.5905717717922988,0.4912206728758881,-0.07490658362635103,0.6166214537227223,0.4917035638716649,-0.07135238575448366,0.5306025074388832,0.5853482657469598,0.003231056264115328,0.639311959139653,0.5910270571511234,0.024799697787187054,0.5993274890162543,0.5700187393527062,-0.031052329249054003,0.5949240272622607,0.6237192265883703,-0.013034075457998,0.5144942165165965,0.5851544998863722,0.003409227627683229,0.6525960780830475,0.5859612649409187,0.028205912064562574,no,2025-11-18T07:29:58.161304
0.15857263799095714,0.8210694139596013,3.644908526794769e-07,0.21010623958557675,0.7497377232567013,0.004736629738666888,0.24130931979742598,0.6502444132460519,0.00046627663473595244,0.27023888190960454,0.587378145431704,-0.011254977811621898,0.3041855403501723,0.5429763355498081,-0.02112701594041829,0.16955480636466097,0.5493623621301661,0.01935311541428785,0.21965827350489664,0.505653370157889,-0.002388679202521376,0.2626404693361364,0.5044918747745037,-0.020627995366038144,0.29597390393853185,0.518519671501922,-0.031773898786703836,0.13861613259342104,0.5523697048295663,0.001590962639531799,0.20356894599106695,0.4976022498939676,-0.02476337261457152,0.256034276328353,0.5165928457044966,-0.037590201614672684,0.2872857583222649,0.5438223121915041,-0.040972408180316666,0.11874343022031726,0.5736166633967387,-0.018957089288037642,0.1969380018132012,0.5336922549837125,-0.04762724069584441,0.21793129296280966,0.6011218638828741,-0.044379629610822854,0.21521973452920173,0.6496334330413589,-0.03489302303093894,0.1132775325251269,0.6074885496676952,-0.04040953261113213,0.1969015646789124,0.5920520778500586,-0.060600337976975546,0.2115191445180615,0.6468034135676692,-0.055651223818611796,0.20402260987757204,0.6856738747021016,-0.04669836685277482,0.0,0.0,0.0,0.0,0.0,0.0,0.0,0.0,0.0,0.0,0.0,0.0,0.0,0.0,0.0,0.0,0.0,0.0,0.0,0.0,0.0,0.0,0.0,0.0,0.0,0.0,0.0,0.0,0.0,0.0,0.0,0.0,0.0,0.0,0.0,0.0,0.0,0.0,0.0,0.0,0.0,0.0,0.0,0.0,0.0,0.0,0.0,0.0,0.0,0.0,0.0,0.0,0.0,0.0,0.0,0.0,0.0,0.0,0.0,0.0,0.0,0.0,0.0,0.48915192287331627,0.39052805587854955,-0.005005148760058782,0.5497078992319141,0.4013059530131981,-0.005978120869869298,0.6286087680382683,0.4044799101297588,0.010885259843985192,0.6774608037404026,0.3969751277610439,0.03230573658384177,0.6068448112729067,0.5078844621017247,-0.06869962879473751,0.6007005080929888,0.5245218191661958,-0.033577183944983914,0.6079007698687678,0.4911864391320232,-0.07440954895595575,0.6066259918677896,0.4682402192964615,-0.07099839124911894,0.5940011196989448,0.491197506561998,-0.07474282185200913,0.6198904013437068,0.49169073698057886,-0.0709446709727733,0.5315396153165027,0.5850971725482388,0.0017703382020014423,0.6410681852659325,0.5917090654274446,0.024751059122692324,0.6017555516351261,0.5695276413609998,-0.03145982541485121,0.597337779670025,0.6238230224795946,-0.01359402153474484,0.5169972956553015,0.5859853159775031,0.0018868240051110197,0.6541520763263748,0.586806229041428,0.028325166305427918,no,2025-11-18T07:29:58.291794
0.1605816676993398,0.8198527666626467,3.452910246956316e-07,0.21262107087597165,0.7487786926754088,0.005266725996140776,0.24401569608016288,0.6488288335151158,0.0013197579999780112,0.27335877994882846,0.5862438386555645,-0.010135760719203588,0.3075583581486808,0.5422201831462267,-0.019732242744202638,0.17265481085235154,0.5462628606476789,0.020356616678191327,0.2237382322781899,0.5031112376531022,-0.0012244622695102205,0.2668025608180087,0.5037105725209952,-0.01945580419609013,0.2995363508683443,0.5201691844772336,-0.0304608950572213,0.14180848144306138,0.5491104975277745,0.0023714434944497086,0.20754103147341205,0.49524624432793474,-0.02308718528578136,0.25913625530494644,0.5157835708987418,-0.03544325923838951,0.2892895704834591,0.5442804812567323,-0.03860822519902407,0.1221432664211747,0.5704556305112356,-0.018480231813093835,0.20046473726715053,0.5317173969563491,-0.046334386010115504,0.22079936043013149,0.5984674797262424,-0.04324881008210096,0.21761883716759312,0.6467366643833046,-0.03415864063152782,0.1168505439496362,0.6045623605043188,-0.04024749121296429,0.20115821305978548,0.5905263600748554,-0.06007586858906513,0.21584037320955796,0.645868378250662,-0.055422707726633394,0.20856257959603547,0.6851219147871165,-0.046825292335040666,0.0,0.0,0.0,0.0,0.0,0.0,0.0,0.0,0.0,0.0,0.0,0.0,0.0,0.0,0.0,0.0,0.0,0.0,0.0,0.0,0.0,0.0,0.0,0.0,0.0,0.0,0.0,0.0,0.0,0.0,0.0,0.0,0.0,0.0,0.0,0.0,0.0,0.0,0.0,0.0,0.0,0.0,0.0,0.0,0.0,0.0,0.0,0.0,0.0,0.0,0.0,0.0,0.0,0.0,0.0,0.0,0.0,0.0,0.0,0.0,0.0,0.0,0.0,0.49009087583008315,0.39104500554604815,-0.006394838010434459,0.5511243987774865,0.4019885556634747,-0.006834275511515293,0.6296242797634579,0.40550821482859706,0.01087040815483528,0.6781746815409166,0.3975616832099744,0.0327743741335337,0.608971520579004,0.5085009730972185,-0.06837829236415419,0.6025296501989907,0.525054778363234,-0.03328230731835148,0.6100788570241513,0.4918771232840063,-0.07412857414176,0.60875807096899,0.4689843743748695,-0.07081919448491866,0.596183183474274,0.4919177641347664,-0.07455857743801705,0.6219952154061216,0.4923499882078874,-0.0705805068897947,0.5328721683836541,0.585834164763423,0.0016772523150378415,0.6410925810019543,0.5923521757076493,0.025744403418307887,0.6026609798962373,0.5700121300543555,-0.031020115280367386,0.5981366322780972,0.6247754572007959,-0.012949373795749715,0.5182118803448932,0.5864424472744114,0.0016971409664558674,0.6551469767503761,0.5869298534027788,0.029404830994966213,no,2025-11-18T07:29:58.447067
0.16149214877581736,0.8185456977634675,3.3917399224243895e-07,0.2132509986232962,0.7485163171056792,0.004213239987196593,0.2453401398815884,0.6490798439655047,-0.000499027146894959,0.27455596019917616,0.586332097941445,-0.012460000441533146,0.3091831656475597,0.54231271541726,-0.022296205310044302,0.1744548396798684,0.5454120935757163,0.01815973162767942,0.22660600097147715,0.5013488801161476,-0.004378536646572446,0.2697563824712297,0.5034299813708186,-0.022724652981803133,0.3020831959953904,0.5203296173965453,-0.03379394161487621,0.14358098875886893,0.5481518037584704,0.0004904305973292161,0.21021961313164927,0.4940414045536082,-0.025902866590666044,0.26251235391742683,0.5164802783197018,-0.038128220393850096,0.29277724357093027,0.5456688761302277,-0.04126068118335813,0.12391365956346974,0.5693734088988063,-0.020119266498337594,0.20348619513256055,0.5306643134264473,-0.0484070443308081,0.22397535480851438,0.5976395063502428,-0.044975094601225424,0.22023852130262667,0.6448161516630115,-0.035802450541899164,0.11884662331821143,0.6033765169278034,-0.04174714471513044,0.20396901043290025,0.5901156454285867,-0.06141877021510485,0.21709809639624855,0.6448937740767318,-0.05668344501658074,0.20746392599939942,0.6828527555083348,-0.04827384594881897,0.0,0.0,0.0,0.0,0.0,0.0,0.0,0.0,0.0,0.0,0.0,0.0,0.0,0.0,0.0,0.0,0.0,0.0,0.0,0.0,0.0,0.0,0.0,0.0,0.0,0.0,0.0,0.0,0.0,0.0,0.0,0.0,0.0,0.0,0.0,0.0,0.0,0.0,0.0,0.0,0.0,0.0,0.0,0.0,0.0,0.0,0.0,0.0,0.0,0.0,0.0,0.0,0.0,0.0,0.0,0.0,0.0,0.0,0.0,0.0,0.0,0.0,0.0,0.48768782566280616,0.3912608034541383,-0.005221651415111696,0.5483695292818555,0.40261595928353483,-0.006499218267133908,0.6277063650022734,0.4052090319977336,0.009831516016180306,0.6761971449239007,0.3976484010379706,0.030861027661058537,0.6044348996461152,0.5093539256412454,-0.06848329695178763,0.5985336925921712,0.5256500669846565,-0.033215018625806676,0.6055186915793211,0.49269317814095026,-0.07430655062640673,0.6044374897596263,0.4696290835592762,-0.0710806078559008,0.5915805710767366,0.49262309322136727,-0.07457888449222859,0.6176531040619322,0.4931784897971505,-0.0709172274017207,0.5309040388274472,0.5862150884394508,0.0031883802544590807,0.6389553757747198,0.592408400771534,0.025403412377538973,0.5996269117143997,0.5706946739119891,-0.030652559903372054,0.5951444648874464,0.6254264949845227,-0.012649356964559343,0.5148611560557016,0.5861794534174029,0.0033453205772244585,0.6526961130108845,0.5873739399727211,0.02890517044204602,no,2025-11-18T07:29:58.569140
0.16200664378154347,0.8172404759302262,3.3963041724281016e-07,0.2141125445401294,0.7476615289332412,0.004108905088530018,0.24645780087302993,0.6482306344346871,-0.0007785321534297006,0.2761012210949952,0.5854349212317699,-0.012874594238182812,0.3108106629143026,0.5414804686934322,-0.022808715774624354,0.1752289690838612,0.5442869515100719,0.01733532890735892,0.22831856683476812,0.500167189629874,-0.005319260957344222,0.27110640991027457,0.5022708636025845,-0.023533865037582972,0.30292731610491874,0.5190228337722778,-0.03451887169373533,0.14434289222661006,0.5473230842484673,-0.00035585487767975685,0.21144221296745885,0.4934653746229192,-0.027121807085299127,0.2638383050066565,0.516017591628723,-0.039252972654796485,0.2942846880934867,0.5453594505582474,-0.04223079191208884,0.12474688088437311,0.5687658985183118,-0.02093952424240629,0.20551244463792792,0.5307099166466953,-0.049325045232759206,0.2260410608738388,0.5979964163354454,-0.045523397676503444,0.2222113532845607,0.6450900988799066,-0.03605605873676417,0.11987095982671589,0.6028647766657297,-0.042558991961747464,0.20557611868795816,0.5898268714050893,-0.06208488268712701,0.21792717744197498,0.6447406454306999,-0.05705913791559036,0.20738719697892488,0.6825490050124682,-0.04845274211865845,0.0,0.0,0.0,0.0,0.0,0.0,0.0,0.0,0.0,0.0,0.0,0.0,0.0,0.0,0.0,0.0,0.0,0.0,0.0,0.0,0.0,0.0,0.0,0.0,0.0,0.0,0.0,0.0,0.0,0.0,0.0,0.0,0.0,0.0,0.0,0.0,0.0,0.0,0.0,0.0,0.0,0.0,0.0,0.0,0.0,0.0,0.0,0.0,0.0,0.0,0.0,0.0,0.0,0.0,0.0,0.0,0.0,0.0,0.0,0.0,0.0,0.0,0.0,0.48480729734048966,0.3913021389211304,-0.0031963071738156552,0.544027597921491,0.4029877011164149,-0.006120358350093701,0.6244691988890761,0.4054783122234609,0.007548022288781896,0.673649625747549,0.39778051126803926,0.026963098035799084,0.5974358579308152,0.5108369836488698,-0.0689701978967274,0.5924263013570444,0.52671273691106,-0.033203861994420936,0.5984117949206725,0.4940702429830194,-0.07495651170832399,0.5976157285033178,0.47075556441414435,-0.07190135751395657,0.5845079428660203,0.4938887519110148,-0.07492574465767055,0.6107960802292083,0.49449685364605755,-0.07187090865492185,0.526239059408917,0.586003546750777,0.006373691014027445,0.6350492344419254,0.5924576431500492,0.02493057136520877,0.593168563164634,0.5707610492191019,-0.030190919330770137,0.588646419007215,0.6252802431129889,-0.01095530605854143,0.5102136977063481,0.5863468439801247,0.006793318604330403,0.6489554545385843,0.5881909568218403,0.02813685798713629,no,2025-11-18T07:29:58.693061
0.16279606390470303,0.8152025040574136,3.3418338280393266e-07,0.21627836400447403,0.7446296800912391,0.0052137506401171456,0.2489876228610221,0.6459293774285252,0.0006782819822122089,0.27895737660451203,0.5840384104087468,-0.011272470606754674,0.3137612976675166,0.541213058920233,-0.021188170685871845,0.17654410790733283,0.540466092570603,0.018409679495090384,0.23095180578819935,0.4976260208050417,-0.003955986100561345,0.2739656060352688,0.5006836583962172,-0.022218215824674894,0.3058457825956494,0.5190902111270904,-0.03312626306659232,0.14598466101141447,0.5436692418522457,0.0002010470126107526,0.2145422750256377,0.4915078931620608,-0.02587164035530072,0.2662361482432651,0.514244335727539,-0.03783691602562708,0.29645145766845504,0.5436695605414223,-0.04074071698666118,0.1270924319602072,0.5656426946185766,-0.020797959041657647,0.2086906634085941,0.5296831996716143,-0.048506807553165304,0.22827809909431762,0.59682527315872,-0.04466131145872463,0.22430094694219185,0.644304690610455,-0.03522494913743078,0.12281575754702494,0.6004892163548681,-0.0427734002734572,0.2084836944243166,0.5877568669369044,-0.061877293130057756,0.22152530635042017,0.6429723522773464,-0.056547678458203354,0.21241267917603165,0.6814602341556328,-0.047676274413377955,0.0,0.0,0.0,0.0,0.0,0.0,0.0,0.0,0.0,0.0,0.0,0.0,0.0,0.0,0.0,0.0,0.0,0.0,0.0,0.0,0.0,0.0,0.0,0.0,0.0,0.0,0.0,0.0,0.0,0.0,0.0,0.0,0.0,0.0,0.0,0.0,0.0,0.0,0.0,0.0,0.0,0.0,0.0,0.0,0.0,0.0,0.0,0.0,0.0,0.0,0.0,0.0,0.0,0.0,0.0,0.0,0.0,0.0,0.0,0.0,0.0,0.0,0.0,0.47358369069867196,0.3921475114209,0.005049826253728426,0.5302899932947757,0.4035149874381284,-0.0025810183670200598,0.6113372634383736,0.4066827066984309,0.003169727730541177,0.6637031221236525,0.3988000618855455,0.017688035995536356,0.5757784674957573,0.5112714891274439,-0.06863762163150731,0.573302448449976,0.527188669356943,-0.03280461176379296,0.5763941091397948,0.4944260771780789,-0.07464539148023965,0.5762586939959979,0.47103873751694003,-0.07165269868686415,0.5629200938695336,0.4941444775695058,-0.07373155361660078,0.5891492000209915,0.4949212975782244,-0.07246449615418593,0.5124133785766433,0.5846014940918649,0.011724215287256166,0.6218756490012056,0.593750412761548,0.019458702845052554,0.5758532914108845,0.5704282047490925,-0.029923751387027086,0.571860018948035,0.6255624800693729,-0.009916080306180066,0.4982900742464693,0.5864824847094074,0.01306384816264122,0.6354703258029225,0.5904247382833567,0.021999471456155502,no,2025-11-18T07:29:58.833842
0.1637119569801988,0.8121134190056355,3.4758343029008856e-07,0.21794858065336006,0.7408917839199787,0.004374568640347827,0.2513931134362789,0.6437849308807817,-0.0008716988457521085,0.28141677862665787,0.5825699139751254,-0.013434186182116694,0.31624135563994116,0.5393483457423889,-0.02384950082724512,0.1787663588490674,0.538673620692879,0.018174222130474517,0.23329385612305018,0.49604923243125315,-0.004632879621971113,0.275998716027278,0.4979345317060813,-0.023074517764901784,0.3073867636113241,0.5166441975702285,-0.03381834837022548,0.14835991533026932,0.5421522946092894,0.0002908282731801367,0.21660080818046717,0.4891369667436128,-0.02646926432148209,0.26838536161438464,0.5106855123423767,-0.038811865834468814,0.2981586050635137,0.5403777554580128,-0.04162638437390577,0.12969632992034255,0.5638292332422107,-0.020460575109751324,0.2106556322333002,0.5269482568640054,-0.04890600965290921,0.23119788547083053,0.5937287068975821,-0.04533616175312692,0.22783157038252627,0.6420774151141875,-0.03568423219822913,0.1255739478042742,0.5982256021635638,-0.04221596979922802,0.21072501611217126,0.5857517693067701,-0.06179969459290192,0.2240111429723254,0.6415470551307538,-0.05653451169406845,0.21525146513208704,0.6812545521211514,-0.047406923887387376,0.0,0.0,0.0,0.0,0.0,0.0,0.0,0.0,0.0,0.0,0.0,0.0,0.0,0.0,0.0,0.0,0.0,0.0,0.0,0.0,0.0,0.0,0.0,0.0,0.0,0.0,0.0,0.0,0.0,0.0,0.0,0.0,0.0,0.0,0.0,0.0,0.0,0.0,0.0,0.0,0.0,0.0,0.0,0.0,0.0,0.0,0.0,0.0,0.0,0.0,0.0,0.0,0.0,0.0,0.0,0.0,0.0,0.0,0.0,0.0,0.0,0.0,0.0,0.46757453301336793,0.392426237552491,0.009550609464087267,0.5226584601445496,0.40310798893829486,-0.0006376581123013144,0.6037132536636143,0.4075568203253812,0.0009231404331394768,0.6581757855338721,0.3996318661888589,0.012895712644245877,0.564054123083511,0.5116139414230817,-0.06870491665119144,0.5629405680589114,0.5275396459863786,-0.03273038737050579,0.5644668480803344,0.49470418968347607,-0.0747394742449683,0.56468002739694,0.47126779388454576,-0.07176825934208739,0.5511546136614514,0.49438055263134106,-0.07334789487842597,0.5774950201803261,0.49523405767888273,-0.0730336905810221,0.5051387677690422,0.584460244783817,0.014569240765416585,0.6149486031661454,0.5942986287173524,0.016662842168249523,0.5665526406261728,0.5709644914736673,-0.029896430389596614,0.5627353805200838,0.6259623423105348,-0.009611081869755064,0.49124465007451334,0.5867922701295145,0.01639883134263262,0.6282568549390437,0.5917232145644231,0.018836764902047973,no,2025-11-18T07:29:58.956619
0.16742208194850394,0.8054781033741252,5.208689336660523e-07,0.22166236235245595,0.7396405783728006,0.0017305423964747583,0.2596133370707319,0.6450589252392037,-0.0052622321567575275,0.29147085788976024,0.5859158421117692,-0.019055617775368308,0.32722345089030597,0.5443102328706604,-0.03127756273361653,0.18706160980297076,0.5417067315538675,0.0116334249825016,0.23599353181270766,0.4923625027875107,-0.012838435645991794,0.27637678606844857,0.48110136962806505,-0.03088436219506247,0.30832086886906995,0.4832013636166572,-0.041193605895952015,0.1534005953442347,0.5434247598515655,-0.005553188509999211,0.2170386029666145,0.47761938108928226,-0.03515570059068794,0.2693380768013787,0.4842525019836044,-0.047569373442766176,0.3028955256762881,0.4998358733926493,-0.04926522163868075,0.12979062919261602,0.5632589409714623,-0.02534860709609156,0.210944534647305,0.535903266854015,-0.05731192417874762,0.22640095988772468,0.6069437492198176,-0.05369357998201695,0.22015695923348802,0.6536141181615707,-0.04205280196320549,0.12032972265139323,0.5966050667830758,-0.046075860231254255,0.20169099008790783,0.5935047851813391,-0.0668121561383947,0.21155813580911115,0.6498399531272818,-0.0606852237625692,0.20063575580231824,0.6845778456902449,-0.05007501175863319,0.0,0.0,0.0,0.0,0.0,0.0,0.0,0.0,0.0,0.0,0.0,0.0,0.0,0.0,0.0,0.0,0.0,0.0,0.0,0.0,0.0,0.0,0.0,0.0,0.0,0.0,0.0,0.0,0.0,0.0,0.0,0.0,0.0,0.0,0.0,0.0,0.0,0.0,0.0,0.0,0.0,0.0,0.0,0.0,0.0,0.0,0.0,0.0,0.0,0.0,0.0,0.0,0.0,0.0,0.0,0.0,0.0,0.0,0.0,0.0,0.0,0.0,0.0,0.4658438842435004,0.3919523135270313,0.011002079037148843,0.5204087162039429,0.4023604780955131,9.573422857056828e-05,0.6023800867431536,0.4082066806218657,0.00035553663124438927,0.656303206678374,0.4001322728256459,0.011456368498696214,0.5606503146488264,0.5113223971088645,-0.06870448520538316,0.5599911661591248,0.5273817357205453,-0.03275174733038687,0.56100211248049,0.4943440570361808,-0.0747304090301475,0.5613396105326527,0.47091794228090356,-0.07176460218209678,0.5477803350327826,0.4939973747043424,-0.07319742740752239,0.5740880278494862,0.49491190183863265,-0.07317549369200985,0.5035189752827602,0.5853073826477221,0.015549383663457613,0.6130249364440652,0.5943273443727143,0.016004721421171146,0.5631822057710789,0.5714805901582204,-0.029884311229742364,0.560060442382921,0.6260496504548128,-0.009742948029862778,0.48909454355074544,0.5866337020126943,0.017459092232075854,0.6264483618376554,0.5919426734138034,0.017972355850126673,no,2025-11-18T07:29:59.084335
0.1689174974566624,0.8024889267557271,6.94445963796675e-07,0.2235429833012051,0.7381587250746907,-0.0011908930031116409,0.26415807105649936,0.6424185312231174,-0.009606162437381355,0.29756832243567144,0.5835958314219429,-0.023991488752686786,0.3350369785980003,0.5418601139748505,-0.03735387290821776,0.1935080523184585,0.5417397571782246,0.0032939542830355637,0.23935890072061622,0.4831745791306099,-0.02201997829034638,0.2759523253815219,0.45453702199893853,-0.039102308171057615,0.305356049964549,0.436014209654665,-0.048699141262032404,0.15677188851293383,0.5422429912024094,-0.012692222725480047,0.21607479519573247,0.46890108353856813,-0.04293832465831337,0.2670585093355572,0.4539453930949974,-0.05502303960126495,0.3021632927568147,0.4465205196278432,-0.056718469104767466,0.12909130515874698,0.5617302929344616,-0.030971722500034,0.20901415562025666,0.5435950715278224,-0.06528034527070735,0.2206563668442873,0.6174875909242246,-0.0615449782959096,0.21225645717869468,0.6631411683871208,-0.048871971799192504,0.11545616382785193,0.5952388367686894,-0.050213069751428446,0.19295666533585454,0.5973625474578418,-0.07259926497815769,0.20204366865833975,0.655123330922314,-0.0662896292529391,0.19089101738985617,0.6883015449631187,-0.05503460507026699,0.0,0.0,0.0,0.0,0.0,0.0,0.0,0.0,0.0,0.0,0.0,0.0,0.0,0.0,0.0,0.0,0.0,0.0,0.0,0.0,0.0,0.0,0.0,0.0,0.0,0.0,0.0,0.0,0.0,0.0,0.0,0.0,0.0,0.0,0.0,0.0,0.0,0.0,0.0,0.0,0.0,0.0,0.0,0.0,0.0,0.0,0.0,0.0,0.0,0.0,0.0,0.0,0.0,0.0,0.0,0.0,0.0,0.0,0.0,0.0,0.0,0.0,0.0,0.4669847627947391,0.39074853437372226,0.01019409644098038,0.5216381680976228,0.4013907656333355,-0.00044351346082771435,0.604177022856135,0.4071715072821395,0.00030865643391439967,0.6581323939542688,0.39883339612981056,0.01173379877964324,0.5623858400980033,0.5097198576311229,-0.0685146931844806,0.561646662734256,0.5259315459322483,-0.032618416900614615,0.5627172773343765,0.49278700420893207,-0.0745516967495422,0.5629795758504328,0.4694892476773933,-0.0716329137075874,0.5495607257305789,0.49246141787909536,-0.07308339477361211,0.5757228984309687,0.49338714415185264,-0.07293781455092092,0.5046194079046705,0.5844283218704309,0.015329514898768059,0.6157735816272603,0.5934663781895462,0.016483086520517328,0.5651723895543169,0.5713472754029016,-0.029798132762688792,0.5620634262238091,0.6256046060444382,-0.009100355575197408,0.49097006921685526,0.5857877234085382,0.017234833696230016,0.6277539276896864,0.5909107950771104,0.018538463931573594,no,2025-11-18T07:29:59.236109
0.16838261011272299,0.8021260816392008,7.705358937330653e-07,0.22313778597500059,0.7378080300349803,-0.002825154748442551,0.26444275725657457,0.6410885888556536,-0.011981771503181263,0.2983610189038785,0.5815704560418583,-0.026503691865962648,0.3364817875005611,0.5383363715988602,-0.04004636017136924,0.19518457774776454,0.5425734496702739,-0.0019173079728897575,0.24015799101925892,0.47875657021353646,-0.027527915152682422,0.2749443134256624,0.44143047327020596,-0.04365955279124971,0.30303710422402713,0.4125488571657419,-0.05250718666516632,0.15706713009802728,0.5416492756572044,-0.016908345920905097,0.21511581573350924,0.4649254608500183,-0.04724187917919903,0.26543817805530606,0.4394270751523876,-0.05845054746767807,0.3016991266564225,0.42084015030349986,-0.0596921483385566,0.12775648267180362,0.5597261625023108,-0.034008125685904333,0.20782162654097855,0.5466017106639661,-0.06932939449433195,0.21809060210948725,0.622039457865219,-0.06514636858063302,0.20988634763603542,0.6680214888013332,-0.05171584158304218,0.11259032038066562,0.5920958678739382,-0.05213241889306251,0.18891595759926272,0.5983773317638177,-0.07524894326865038,0.19781081439594617,0.6570654699064238,-0.06901627566029066,0.18783149365214624,0.690071871667503,-0.05757186805422796,0.0,0.0,0.0,0.0,0.0,0.0,0.0,0.0,0.0,0.0,0.0,0.0,0.0,0.0,0.0,0.0,0.0,0.0,0.0,0.0,0.0,0.0,0.0,0.0,0.0,0.0,0.0,0.0,0.0,0.0,0.0,0.0,0.0,0.0,0.0,0.0,0.0,0.0,0.0,0.0,0.0,0.0,0.0,0.0,0.0,0.0,0.0,0.0,0.0,0.0,0.0,0.0,0.0,0.0,0.0,0.0,0.0,0.0,0.0,0.0,0.0,0.0,0.0,0.4692016164695055,0.38987288066361436,0.009463162024770948,0.5242870217567124,0.4017466180156424,-0.0005024725174986303,0.606706333598325,0.40659561236852493,0.0014622818316987636,0.6601055958857496,0.39855748518953904,0.013650547016460034,0.5658082876999874,0.5082755133797705,-0.06887778436332223,0.5646130256763626,0.5246750160252824,-0.03298534008621162,0.5662577542296272,0.4913763705374647,-0.07487316562335394,0.5665097817072599,0.46816800588253515,-0.07184789302890165,0.5529997050970399,0.49103336272906795,-0.07353003770500903,0.5792504377103573,0.4920516666489473,-0.07311826852824518,0.5076456607642401,0.5839705822628064,0.014014913834835585,0.6172217543737345,0.5927688960916908,0.01682952204052829,0.5694371240374123,0.570429404093205,-0.030398903146574098,0.5656957777576718,0.6243471683920159,-0.010015296002086733,0.49239009323078786,0.5849336733154447,0.015804840144387763,0.6296814155488685,0.5903705968183404,0.019005416927880627,no,2025-11-18T07:29:59.364605
0.16708931089952403,0.802599922743276,7.848614358309885e-07,0.22284112373186216,0.7369113471040533,-0.003160429449134956,0.2636281626859045,0.6394932487716225,-0.012542485347286365,0.29673232913406056,0.5793851959774721,-0.027029612309715102,0.3348887601185743,0.5347047027042611,-0.04049418112960037,0.1935981011612129,0.5423391151721273,-0.003591443300238061,0.2395930436091473,0.4790381607381006,-0.029596184299773752,0.27463235361319893,0.4391800433110139,-0.04580241248435376,0.30299605290833165,0.407113381839478,-0.0548434995035474,0.1549569791005464,0.5407710639817852,-0.018395514315895548,0.21431435661248216,0.46542667986691894,-0.049266946278075124,0.2661480798685649,0.4371384667181921,-0.0602812326754179,0.30373494073528523,0.4148513705466474,-0.06157576117455975,0.12562108725861032,0.5585238554821124,-0.03529205867313043,0.20774572545138986,0.5476402332120796,-0.07130624284090453,0.21772763547780882,0.6234409017898941,-0.06702387175836842,0.20874258398237394,0.6688139084059461,-0.053531543384804745,0.11074764280127375,0.5905872365244782,-0.05322303741787048,0.18785687018900132,0.5988579018266568,-0.07693340703814905,0.1961275714712351,0.6573666725981704,-0.07102562753165481,0.1850470912636723,0.6891431464698904,-0.05990807275084502,0.0,0.0,0.0,0.0,0.0,0.0,0.0,0.0,0.0,0.0,0.0,0.0,0.0,0.0,0.0,0.0,0.0,0.0,0.0,0.0,0.0,0.0,0.0,0.0,0.0,0.0,0.0,0.0,0.0,0.0,0.0,0.0,0.0,0.0,0.0,0.0,0.0,0.0,0.0,0.0,0.0,0.0,0.0,0.0,0.0,0.0,0.0,0.0,0.0,0.0,0.0,0.0,0.0,0.0,0.0,0.0,0.0,0.0,0.0,0.0,0.0,0.0,0.0,0.4772763659673348,0.3889475623201037,0.0033938152963691815,0.534475523531707,0.40048449598902236,-0.0028199787519168347,0.616078591565703,0.40403371791121406,0.005377403535493785,0.6673245181138495,0.39731086842541985,0.02137341129223423,0.5824932413498412,0.5086267613018542,-0.06919831680848836,0.5792859997804726,0.5245934448736794,-0.03327156939982864,0.5832330481524876,0.49175485985884315,-0.07519070497950267,0.5829511575047834,0.468320898979323,-0.07207664461406402,0.5694671720370453,0.49137164025640256,-0.07453375905946139,0.5960571977961424,0.4923509834566529,-0.0727118025614134,0.5175935298831577,0.5835300861677191,0.009225136434761434,0.6266122666903462,0.5914085152093128,0.020595501965305324,0.5820725151417988,0.5683560170299704,-0.030502529680822888,0.5775267259397643,0.6225864679545529,-0.012003469838379192,0.5012590870378335,0.5840811605121687,0.010311042603414198,0.6400938963845111,0.5883567936083737,0.02332229494956463,no,2025-11-18T07:29:59.493966
0.1660170096234223,0.8034771759941355,7.653086242449439e-07,0.2219554310003572,0.7363651646141909,-0.0022238394740677824,0.26197688666178465,0.6385770846957936,-0.011124466124125074,0.2940478587170013,0.5781531804834718,-0.025198814097534095,0.33181332243923867,0.5329835502351872,-0.038365093948079035,0.1912886250129795,0.5426783406880992,-0.002551875778003687,0.23787677272343885,0.4822022227926801,-0.02821223945984581,0.2733145152675217,0.44294909982437597,-0.044619542511436336,0.3021286793586763,0.41081014703546165,-0.054082722957936154,0.15278819826475837,0.5410157724312612,-0.017811160113181825,0.21311719723906045,0.4677198511448547,-0.04845703242324777,0.26609917950451867,0.4406779848945117,-0.05934118140762282,0.30419722817728156,0.41889602099529333,-0.06075307825475939,0.12386823416032056,0.5590550114088113,-0.035080259410851675,0.20718175646587209,0.546842380848212,-0.07093678379924026,0.21734038202704375,0.6230547330547523,-0.06614855598349711,0.20771214872212493,0.6685362876990668,-0.05252595852852584,0.10941249131464406,0.5913721511964279,-0.05329060055123852,0.18709313983454812,0.5982199124173109,-0.07707751952096661,0.19565026849890796,0.6571145551616188,-0.0707473023126757,0.18404366136498282,0.6890740222705898,-0.05944361319198135,0.0,0.0,0.0,0.0,0.0,0.0,0.0,0.0,0.0,0.0,0.0,0.0,0.0,0.0,0.0,0.0,0.0,0.0,0.0,0.0,0.0,0.0,0.0,0.0,0.0,0.0,0.0,0.0,0.0,0.0,0.0,0.0,0.0,0.0,0.0,0.0,0.0,0.0,0.0,0.0,0.0,0.0,0.0,0.0,0.0,0.0,0.0,0.0,0.0,0.0,0.0,0.0,0.0,0.0,0.0,0.0,0.0,0.0,0.0,0.0,0.0,0.0,0.0,0.4913493896582432,0.3879832704579187,-0.003720944082996554,0.5501978488267818,0.39827286880788093,-0.004742580991575693,0.6291974366806024,0.40044244994758094,0.011719720941309419,0.6780391807106723,0.39377575393679287,0.03273286746164122,0.606646744271112,0.5030650507730737,-0.06862231293119311,0.6010035676983876,0.5195761780986135,-0.03383157756864773,0.6075310655591692,0.4863215238720638,-0.0741681031475482,0.6061794604929618,0.46341403959662564,-0.0705985333098587,0.5937674567155442,0.4863030357615936,-0.07446551993586244,0.6195313738519134,0.4867642163415161,-0.070752385774916,0.5341315403894242,0.5828262954394351,0.0011358327800918364,0.6418855293546183,0.5866550327511408,0.023691279742132185,0.6024362538515695,0.5635782975736705,-0.0319075425416701,0.5978701301474639,0.6188288525209014,-0.014743291585981035,0.5190912179707448,0.5816578802896537,0.0012140240018869144,0.6554850208736825,0.5817306939195128,0.02712055552704796,no,2025-11-18T07:29:59.641103
0.1656858542599152,0.8023099938846715,7.599804149297457e-07,0.22194102282125022,0.7341002649548005,-0.0016924472656886752,0.261962944702276,0.6374065185365565,-0.010840477676663672,0.29387633323766627,0.5764881905930694,-0.02526562316889091,0.3315574163866268,0.5301289006096895,-0.038858375490522824,0.1898890385087061,0.542057029612238,-0.002201827244132337,0.23783054939997322,0.48415469668724886,-0.02790083617751469,0.2737721252017769,0.4456098891722893,-0.04467137388990968,0.3031036291538255,0.41369484578984084,-0.05452015511493247,0.15179849727567066,0.5405106387581263,-0.017792770428342698,0.2134338394222951,0.4698067000551544,-0.04825672990631554,0.26669157779127606,0.44411303815305114,-0.0592600686303041,0.30496681045685825,0.42379602866704974,-0.0609997068805993,0.1233884727968656,0.5588640177931813,-0.03534107735669289,0.20752268521449962,0.5490699929429506,-0.0706017090125428,0.21631299807996246,0.6233915935838794,-0.0658888142354257,0.20537337168858094,0.6677120239307102,-0.05275577610254646,0.10923409461629115,0.5913550948204735,-0.05380972411387705,0.18760664818055683,0.5980186964907142,-0.07714281063519339,0.19556114271474406,0.6566683002916096,-0.07061100445142567,0.18281805545542157,0.6889242443925886,-0.059410155589649696,0.0,0.0,0.0,0.0,0.0,0.0,0.0,0.0,0.0,0.0,0.0,0.0,0.0,0.0,0.0,0.0,0.0,0.0,0.0,0.0,0.0,0.0,0.0,0.0,0.0,0.0,0.0,0.0,0.0,0.0,0.0,0.0,0.0,0.0,0.0,0.0,0.0,0.0,0.0,0.0,0.0,0.0,0.0,0.0,0.0,0.0,0.0,0.0,0.0,0.0,0.0,0.0,0.0,0.0,0.0,0.0,0.0,0.0,0.0,0.0,0.0,0.0,0.0,0.4880715263415728,0.3863897661226666,-0.0039355036740557885,0.5478735313565214,0.3964782639422858,-0.00552418435195564,0.627475062067413,0.3982409381371663,0.010237611616166575,0.6774605748428697,0.3911970072794087,0.030858468642929984,0.6043065030674102,0.5047827368638165,-0.06938846756417215,0.5988705954565546,0.5205228557710322,-0.033840253859459095,0.6051680121897561,0.48781680320056586,-0.07522165885021376,0.6039166970090236,0.4642502945585591,-0.07192420117922707,0.5910713337387841,0.4877375832923645,-0.07542510293472618,0.6175709568825454,0.48805147107339936,-0.07188099425021091,0.5307789214112191,0.5813100531419282,0.003936946467056311,0.6422042004244557,0.5841727913008024,0.025633639620249747,0.6017319904893224,0.5615889379771276,-0.030832620769762644,0.5964512024352584,0.6174997188381942,-0.014104363880723308,0.5147659029840906,0.579988923541357,0.003906854589546954,0.6558180981863224,0.5795806499039398,0.02877154143504135,no,2025-11-18T07:29:59.763007
0.1650306989271378,0.8018592317808215,7.539257708673561e-07,0.22083495495119823,0.7329950842500901,-0.0013428998245319215,0.26096977017122924,0.6361522627263013,-0.010380209550993579,0.29205235004473645,0.5743641822048752,-0.024866116375597932,0.32937709662676984,0.5270066283157853,-0.0385736557547333,0.18811634674945116,0.5414818188584719,-0.00045819883292892434,0.23756188150292698,0.48604276549030717,-0.026805207472466775,0.2745051407602207,0.44942283220230217,-0.044272762947314234,0.3050846474378594,0.41976311164804847,-0.05452100317826053,0.15024295977560692,0.539795092843266,-0.016480242262474236,0.21330335365823389,0.4693828369698685,-0.0481693657067989,0.2671531351204229,0.4466604402515286,-0.059903874146504284,0.30581915533142595,0.42968310454157843,-0.06163180830396714,0.12222009331056888,0.557887713347198,-0.034559918969450765,0.20755839838813742,0.546698268375467,-0.0708117074392014,0.2160124970196222,0.621840429846673,-0.06640742699538504,0.20470001302562973,0.6665890470529405,-0.05306244234502495,0.108506876973568,0.5900728451759686,-0.053514398317304965,0.18781332700136927,0.5970583213288532,-0.07744174739342144,0.19551096208489202,0.6564286623700022,-0.07101667519386201,0.18227179363595206,0.6888149933758749,-0.059616232675944576,0.0,0.0,0.0,0.0,0.0,0.0,0.0,0.0,0.0,0.0,0.0,0.0,0.0,0.0,0.0,0.0,0.0,0.0,0.0,0.0,0.0,0.0,0.0,0.0,0.0,0.0,0.0,0.0,0.0,0.0,0.0,0.0,0.0,0.0,0.0,0.0,0.0,0.0,0.0,0.0,0.0,0.0,0.0,0.0,0.0,0.0,0.0,0.0,0.0,0.0,0.0,0.0,0.0,0.0,0.0,0.0,0.0,0.0,0.0,0.0,0.0,0.0,0.0,0.4706294811034875,0.38709667522995056,0.008252229125546587,0.5256438129023056,0.3963847301442844,1.2201340025726204e-06,0.6068500474369047,0.39915523645788065,0.005081274821636633,0.659778606761187,0.3914778438115183,0.01938983490993569,0.5719531396677078,0.5038197639416281,-0.06998764897087545,0.5697913866050015,0.5201027507843808,-0.03412458668634233,0.572343243861144,0.4868312590040381,-0.07581555525685393,0.5719972214617415,0.4634335628113917,-0.07239446368251286,0.5587369333965679,0.4867592241231796,-0.07479221727723286,0.5853236120624885,0.4872092440520577,-0.07367849251122911,0.5089101079929783,0.5797693826119187,0.009941429868586081,0.6192569609471674,0.5855672985606337,0.017029853519799947,0.5723466747566851,0.5610510383740923,-0.03186093571783287,0.5689426558231132,0.6175687957670586,-0.013719869032338058,0.4949778838097791,0.5814341142136106,0.011343526268882173,0.6333815124625307,0.5835375116127365,0.01946699311013933,no,2025-11-18T07:29:59.890958
0.15915717728530046,0.804862068092254,7.056273552955837e-07,0.21578220246930485,0.7365130739033806,-0.0009831235020152226,0.2551132128725371,0.6387154734327765,-0.00888336712344832,0.28618932843232614,0.5766479655359551,-0.022444641754464617,0.3229062019455489,0.5297404836620583,-0.03524832031151067,0.18207219489057183,0.5420358906704621,0.0018857681422383642,0.23069918153706226,0.4876272517999479,-0.023383429443549784,0.26800413547887286,0.4552920142170721,-0.0408354686762061,0.2995242484911923,0.4298049030587502,-0.05138224055940996,0.14496264125808087,0.5408796628824332,-0.014061921921964256,0.20743467473532498,0.47355493135858384,-0.04460665145653361,0.26125739076711296,0.4527999068723616,-0.056681491011164126,0.2999212600568797,0.43845299650563724,-0.059031381395049404,0.11735559716855196,0.5597825846246488,-0.032134659789293196,0.20181117452299097,0.5474796573925369,-0.0672044511448231,0.21244793597452516,0.6211938026270414,-0.06311099035161155,0.2024960170308889,0.6658833451760217,-0.0503946783158192,0.10398124344560435,0.5924242609516317,-0.05115942268608397,0.18272957220019712,0.5984971052864664,-0.07458217958917822,0.19111934725242985,0.6566615538946569,-0.06840148119119599,0.17811212696247675,0.6891378440828807,-0.05732733123632014,0.0,0.0,0.0,0.0,0.0,0.0,0.0,0.0,0.0,0.0,0.0,0.0,0.0,0.0,0.0,0.0,0.0,0.0,0.0,0.0,0.0,0.0,0.0,0.0,0.0,0.0,0.0,0.0,0.0,0.0,0.0,0.0,0.0,0.0,0.0,0.0,0.0,0.0,0.0,0.0,0.0,0.0,0.0,0.0,0.0,0.0,0.0,0.0,0.0,0.0,0.0,0.0,0.0,0.0,0.0,0.0,0.0,0.0,0.0,0.0,0.0,0.0,0.0,0.47058291615370296,0.38820207217975644,0.0047865152258101465,0.5263205405511131,0.397485740087401,-0.0021713242824611036,0.6089844204622268,0.39992195724204,0.004886288798986652,0.6618395208660214,0.3914152784597905,0.020271717898199905,0.5763501932049782,0.5079919995283397,-0.06981334549535975,0.573766802788127,0.5232993123562255,-0.0334753375276175,0.5767266520380702,0.49106459879465975,-0.07590897595000785,0.576119868036016,0.4673242862503614,-0.07282583950178842,0.5628818636766623,0.49099556038102493,-0.07511016158399186,0.5897804996214084,0.4911606080728199,-0.07354385356352547,0.5112072767729021,0.5815963197430016,0.010245925299946078,0.6230350671206174,0.5858249083306861,0.020200108169020535,0.5776327785633402,0.5620130138941537,-0.030293885260826263,0.574116224895657,0.618102165503616,-0.012570042721845108,0.4969586393803229,0.58304168951304,0.01138700572147102,0.636970563083606,0.5831527077087577,0.022756065563241223,no,2025-11-18T07:30:00.038283
0.15499720994430122,0.805051439004852,7.142708884768222e-07,0.21106201022217455,0.7371208050161893,-0.0007149422499449424,0.24976341357280418,0.6389883297778354,-0.008462581233304475,0.28089222848427525,0.5768500111626766,-0.021918630495884175,0.3175750999981193,0.5290984367830402,-0.034512380018931685,0.17658321682432948,0.5436993902185776,0.003091343270935171,0.22574476151676492,0.489967874614421,-0.02256428551957591,0.262694813901851,0.45690038697704344,-0.04015408205813002,0.29397872132582686,0.4312939106367741,-0.05076018939701264,0.139186100492398,0.542446492141061,-0.013197962983248516,0.2010182095743504,0.4722340068599026,-0.045073173613041015,0.2549473993926126,0.45240333206586525,-0.05739559025753614,0.29380261191625723,0.4395243414706683,-0.05934413854608313,0.11134597517567231,0.5610555212284927,-0.031696578588231994,0.19547649223166455,0.5467530032301124,-0.06773633042031957,0.20647015156146226,0.6212520481507552,-0.0632968646914632,0.19683447977503843,0.6665998909717998,-0.04991916837856218,0.09788601938591862,0.5937355396040049,-0.051116175870291325,0.17654518045158096,0.5999643269409474,-0.07511664440388782,0.1848342886755771,0.6586124220069141,-0.06878890990211464,0.1717622392257719,0.6909699578271153,-0.05740419831440717,0.0,0.0,0.0,0.0,0.0,0.0,0.0,0.0,0.0,0.0,0.0,0.0,0.0,0.0,0.0,0.0,0.0,0.0,0.0,0.0,0.0,0.0,0.0,0.0,0.0,0.0,0.0,0.0,0.0,0.0,0.0,0.0,0.0,0.0,0.0,0.0,0.0,0.0,0.0,0.0,0.0,0.0,0.0,0.0,0.0,0.0,0.0,0.0,0.0,0.0,0.0,0.0,0.0,0.0,0.0,0.0,0.0,0.0,0.0,0.0,0.0,0.0,0.0,0.4868243107265402,0.38948175360582366,-0.0044006194969801425,0.5452658949513073,0.3985823428143914,-0.005616530634251086,0.6250121045926094,0.4003728794989726,0.010551570284932244,0.6736616670759246,0.392238130343558,0.03146937086788314,0.6019460762453571,0.507003262709345,-0.06882455802137487,0.5966773803235832,0.5228322325960357,-0.03347330632429554,0.6026510481297833,0.4902767790535494,-0.07460451978004237,0.6011715670803707,0.4670822916170401,-0.07128229259559025,0.588819045108137,0.49039028798203166,-0.07485728799371522,0.614841903291234,0.49036129153755437,-0.07121651222430576,0.5301658780333627,0.5833094442228497,0.0026312680077421706,0.6396496563153593,0.5869298882855213,0.024893412827701033,0.5996339885782399,0.5635903098855382,-0.0308198554515868,0.595132109945387,0.6202080708957289,-0.013680360559333065,0.5152504276022251,0.5840347815145615,0.0027197635701255544,0.6523489273338104,0.5816355031196682,0.02827375724210321,no,2025-11-18T07:30:00.169833
0.1532386517713335,0.8063785398988493,7.090213886213681e-07,0.2075579296020159,0.7381006170466688,-0.0006706513036091562,0.24643095548177563,0.6396460005689256,-0.008640025001576412,0.2778611955047261,0.5766237746738981,-0.022312755830694316,0.3144028499391689,0.5278202223530832,-0.03508154576276842,0.17261028351296812,0.5450618597497154,0.0029748335072510208,0.22037440165386357,0.4892158021172004,-0.021880034865367333,0.25743695005509726,0.4571981275915338,-0.038825069232910035,0.28891721388957514,0.4323364823531466,-0.04901513380451771,0.13513358748432003,0.54406711361089,-0.013152799963354014,0.19657540833837225,0.4720522146115919,-0.043733496055349395,0.2506923105790654,0.45268146458830677,-0.055317710047906025,0.2897633874858386,0.44064235133263946,-0.0570403111941088,0.10716768655934608,0.5626741548670234,-0.0314429477359576,0.19143811860957616,0.5456007192683308,-0.06641316179958201,0.2017512419909057,0.6206154466351157,-0.06170437435959135,0.19168713192443404,0.6665676938417654,-0.048475788397416696,0.09358101012163592,0.5950572906378789,-0.050631446724232004,0.17283084619626854,0.5987841220314173,-0.07388391847488932,0.18144933239568803,0.6581297774402246,-0.0672655634532069,0.16885359400911476,0.6914925942413928,-0.05584147228084937,0.0,0.0,0.0,0.0,0.0,0.0,0.0,0.0,0.0,0.0,0.0,0.0,0.0,0.0,0.0,0.0,0.0,0.0,0.0,0.0,0.0,0.0,0.0,0.0,0.0,0.0,0.0,0.0,0.0,0.0,0.0,0.0,0.0,0.0,0.0,0.0,0.0,0.0,0.0,0.0,0.0,0.0,0.0,0.0,0.0,0.0,0.0,0.0,0.0,0.0,0.0,0.0,0.0,0.0,0.0,0.0,0.0,0.0,0.0,0.0,0.0,0.0,0.0,0.4950927977296794,0.389566645273676,-0.0077353647003962755,0.5551651625940619,0.39988504526564755,-0.00644858290803276,0.633698972504282,0.4014435493915151,0.013767278904005581,0.6811623066500686,0.39431783068806014,0.037133546395140375,0.6147362691617257,0.5064669028276034,-0.06852317902532634,0.6079985288382442,0.5228955834515671,-0.03380308346262194,0.615772062751644,0.4897215641130708,-0.0740613830961598,0.6140935490717252,0.4667269735406062,-0.07046892255101855,0.601903060218482,0.4898315753274187,-0.07477942898406884,0.627577555697207,0.4900243820597089,-0.0702105256424492,0.538020296442371,0.5845629733969778,-0.0016086092171883563,0.6470355525114699,0.588263854760589,0.02605396066568825,0.610663352826794,0.5648577917950335,-0.03176888628304152,0.6056106971827002,0.6211400857675361,-0.015240082191282858,0.5239661251895098,0.584925820856768,-0.00195243563659705,0.6599658984317673,0.5832955082984967,0.02986054293460637,no,2025-11-18T07:30:00.293163
0.15410175056208505,0.8050141913189772,6.997605674455737e-07,0.20932526789444134,0.7364305103398933,-0.0022625299654925584,0.2480839600921909,0.6400418911898431,-0.011412997359688514,0.27919469162824806,0.5766201501619612,-0.026095426242852746,0.3149084158076353,0.5267599189157994,-0.03999633851277383,0.17396988750452713,0.5432045922989452,0.0011649228253737224,0.22082315198831637,0.4879761392692783,-0.024849341504985054,0.25831782273815806,0.45582475487586027,-0.042792236737474385,0.29014056931566007,0.43086697307583477,-0.05351868233404444,0.13682375508783262,0.5421542669399513,-0.014435811631082963,0.1978315289610944,0.4702046205942939,-0.04563526614772513,0.25168123972785666,0.4519860658226721,-0.05777911790010601,0.2900546920520547,0.4410749348120564,-0.05977167551549617,0.109043581057383,0.5610006998128148,-0.032317232365693796,0.19339643915136095,0.5467232798612162,-0.06780127318962026,0.20325700685828013,0.6216741621832195,-0.06363493924664634,0.1924901058291413,0.6664308958710781,-0.05064109221737843,0.09546177671280122,0.5936908035697481,-0.051208334955124044,0.17445554399781155,0.5983373389450146,-0.07450541359721448,0.18268523790413904,0.657204313044148,-0.06794342435646528,0.16938681063256336,0.6892165725227655,-0.056525472692067105,0.0,0.0,0.0,0.0,0.0,0.0,0.0,0.0,0.0,0.0,0.0,0.0,0.0,0.0,0.0,0.0,0.0,0.0,0.0,0.0,0.0,0.0,0.0,0.0,0.0,0.0,0.0,0.0,0.0,0.0,0.0,0.0,0.0,0.0,0.0,0.0,0.0,0.0,0.0,0.0,0.0,0.0,0.0,0.0,0.0,0.0,0.0,0.0,0.0,0.0,0.0,0.0,0.0,0.0,0.0,0.0,0.0,0.0,0.0,0.0,0.0,0.0,0.0,0.482039416061495,0.3887191043541384,0.0014458551990293384,0.5393964603100925,0.4001931780454977,-0.0033451779609365946,0.6197311443293809,0.4034579735978877,0.00695802232339218,0.6705863818444739,0.39625130349710624,0.02424235215313111,0.5882833948958043,0.508097071218184,-0.06894632579429655,0.5844780101180509,0.5243677243296196,-0.03338441834504712,0.5891529292926159,0.4912550735766541,-0.0747717155952162,0.588730815559117,0.4679824336802076,-0.07149286821263162,0.5755620197160982,0.4909675312903039,-0.07436402164168308,0.6016616883481762,0.4918316275799948,-0.0720557690911564,0.521428219252756,0.5832519909823939,0.006958208980519773,0.6304155952979408,0.5905836747977444,0.021052041671984063,0.586882858683447,0.5653128976293893,-0.030958214730025073,0.5824254893822894,0.622224461590662,-0.011999993422058399,0.5068386900123193,0.5848205638078243,0.007815340626201445,0.6431028673238701,0.5882301251457236,0.024038818588589576,no,2025-11-18T07:30:00.436253
0.15500420645350882,0.8039764455206336,6.964157844620514e-07,0.2098319451130303,0.7359172028590031,-0.0017804664336157202,0.24883787884122333,0.6392484026414303,-0.01089427229124081,0.28056861899794666,0.5760921779042381,-0.025480957036865023,0.3165964934892211,0.5265809279618517,-0.03924382732623593,0.17388084918734886,0.5442089670059485,-8.885639563196274e-06,0.22178175207104722,0.4881040779163469,-0.025526330467668154,0.2592028352239069,0.4560662022441435,-0.04275632199250886,0.2906551659635246,0.4311259172725518,-0.05309206228118085,0.13673960992812118,0.5431154740385181,-0.01575163412451718,0.19876264908881594,0.47039286744321934,-0.04625742226475097,0.2530550218243013,0.45201125309756957,-0.05756872307656839,0.29152064682158246,0.441064311669105,-0.059309072742026764,0.10933747776786157,0.5616601084742174,-0.03361725994710433,0.19447834292868493,0.5463453101652882,-0.06826051266125643,0.20433778934403798,0.6202662795951039,-0.06368812533878872,0.1933293143915642,0.6645304885239179,-0.05087675281187525,0.09645940281911003,0.5939256205768357,-0.05244704660899837,0.1759914411320921,0.5980821483238257,-0.07531394934921873,0.18433436591413999,0.6566851352475074,-0.06872782129669425,0.17103282688658272,0.6889461966751248,-0.0575671196686301,0.0,0.0,0.0,0.0,0.0,0.0,0.0,0.0,0.0,0.0,0.0,0.0,0.0,0.0,0.0,0.0,0.0,0.0,0.0,0.0,0.0,0.0,0.0,0.0,0.0,0.0,0.0,0.0,0.0,0.0,0.0,0.0,0.0,0.0,0.0,0.0,0.0,0.0,0.0,0.0,0.0,0.0,0.0,0.0,0.0,0.0,0.0,0.0,0.0,0.0,0.0,0.0,0.0,0.0,0.0,0.0,0.0,0.0,0.0,0.0,0.0,0.0,0.0,0.4737430633240214,0.3886355572067476,0.006612717266495174,0.5295121945219591,0.4001106437979869,-0.0015107247677541616,0.610608347366488,0.4047812691323179,0.00319676625935912,0.6627788118977314,0.39738965657509884,0.01697791061315375,0.5728770370894731,0.508369574332084,-0.0684502914624597,0.5707716293037154,0.5245123676808621,-0.03283965505985076,0.5735072479180975,0.4914716327336853,-0.07436464274619552,0.5735473650244316,0.46816144508297797,-0.07127748556324406,0.5601959921769273,0.4910546935035046,-0.07333968963358378,0.5862281353575598,0.492135523305569,-0.07229932999874517,0.510754163947667,0.5827466140729688,0.01182123553125024,0.6210433725143116,0.5914188587115858,0.01829992077490323,0.5738364901193878,0.5669296560023472,-0.030191775389016042,0.5699497830650919,0.6222558674988222,-0.010579821106506971,0.4970728361455716,0.5838438844753996,0.013240378396193889,0.6335715566668484,0.5891719420932781,0.02070794204162307,no,2025-11-18T07:30:00.568330
0.15371219970521663,0.8047222043696614,6.875820601102396e-07,0.20851835211698572,0.7369777521634493,-0.000997098225809782,0.24756323076191644,0.6396361448994352,-0.009320069244666754,0.27928667735309165,0.5768771143141338,-0.023399591113454236,0.31501408684585264,0.5277105560867914,-0.03666973241326102,0.1731567476713531,0.5437176343380115,0.0021992228539511596,0.22020832775099297,0.48809360103855676,-0.022737539669676114,0.25719290835749786,0.45653832511155845,-0.039797791821773995,0.2886404693390697,0.43192561379908717,-0.050054909565354105,0.13573995147704582,0.5429898983504358,-0.013812365176081526,0.19687801291034424,0.4718588513718325,-0.04401329949316192,0.2509494576165383,0.4531817861690698,-0.05550161829292096,0.28972723663405786,0.4419945844043462,-0.05731236373343156,0.10784141291399632,0.5618325161473565,-0.032001327729544574,0.19246392448653638,0.545813002563418,-0.06665022641982538,0.20380923833809567,0.6202944919551447,-0.06225814664196764,0.1944863473379368,0.665979580418804,-0.04937549371431585,0.09441352594873959,0.5943787522420769,-0.05112084908846716,0.1737741804726241,0.5979696925930041,-0.07412836390867537,0.18326072314872038,0.6567289339910938,-0.06771524259758113,0.1714249902894141,0.6900062904953077,-0.05652054589028524,0.0,0.0,0.0,0.0,0.0,0.0,0.0,0.0,0.0,0.0,0.0,0.0,0.0,0.0,0.0,0.0,0.0,0.0,0.0,0.0,0.0,0.0,0.0,0.0,0.0,0.0,0.0,0.0,0.0,0.0,0.0,0.0,0.0,0.0,0.0,0.0,0.0,0.0,0.0,0.0,0.0,0.0,0.0,0.0,0.0,0.0,0.0,0.0,0.0,0.0,0.0,0.0,0.0,0.0,0.0,0.0,0.0,0.0,0.0,0.0,0.0,0.0,0.0,0.47604030972387745,0.3887505438488114,0.004555100039263639,0.5322481531539238,0.4003190307288732,-0.0027201698942530576,0.6137770752659619,0.4039760316904494,0.0035797644565933933,0.6661268856356027,0.3964459033169226,0.018377060401009705,0.5781527695861489,0.5090788947462269,-0.06868981793906219,0.5756219599098076,0.5249223198668135,-0.032756335625189814,0.5787710540261111,0.49228974402683107,-0.07473304269062744,0.5785977253093044,0.46895497104612766,-0.07175667274687968,0.5652587462391442,0.4919504571176199,-0.0738731641875385,0.5915660873702472,0.49282599913390174,-0.07247997748983584,0.5151047984197563,0.583048993872727,0.01098220516054809,0.6241664232623896,0.5913260560952949,0.019647192355198826,0.5788087172333847,0.5671805529462419,-0.030032256606966443,0.5746513193737325,0.6219662158577179,-0.010102742543674305,0.5005043250246901,0.5850078749693282,0.012364117451747609,0.637365843583821,0.5890023986589437,0.02230859150134895,no,2025-11-18T07:30:00.690965
0.15170670379071105,0.8060383869023905,6.949307908786909e-07,0.20628193567486783,0.7391497771513658,-0.0008671571582966294,0.24542564291210522,0.6411958862657882,-0.008947920589975445,0.27731537556276104,0.5776446745486532,-0.02283939423179931,0.31354798013137664,0.5283088977619473,-0.03594876889465694,0.17176390908777084,0.5450116453855585,0.003151136244919153,0.21853557764521847,0.48894829371099746,-0.021470170150599623,0.25523075393384537,0.45685935296639324,-0.038152315459160084,0.2864882499111578,0.43175710197209916,-0.04809749587292707,0.13404284375190487,0.5439494493735821,-0.012867770706266098,0.19487932915233475,0.4715331605367997,-0.04283486887721622,0.24876455979095424,0.4528680954523175,-0.05396442900448699,0.2874377349046678,0.4414120201284274,-0.055365513066242565,0.10577547336230593,0.5628360354670193,-0.03112348635063645,0.19010637948865622,0.545890231121034,-0.06594906732721081,0.2011146654007945,0.6215656004888334,-0.061347968845724035,0.1917044954997179,0.6678652844511165,-0.04807588862334845,0.09197590479742315,0.5956149611525479,-0.05024852312387874,0.17096492531931987,0.598541846695138,-0.0732793382710949,0.1806956823641742,0.6576266342108942,-0.06655601044154226,0.16921803623090395,0.6910419636070289,-0.05500831736145102,0.0,0.0,0.0,0.0,0.0,0.0,0.0,0.0,0.0,0.0,0.0,0.0,0.0,0.0,0.0,0.0,0.0,0.0,0.0,0.0,0.0,0.0,0.0,0.0,0.0,0.0,0.0,0.0,0.0,0.0,0.0,0.0,0.0,0.0,0.0,0.0,0.0,0.0,0.0,0.0,0.0,0.0,0.0,0.0,0.0,0.0,0.0,0.0,0.0,0.0,0.0,0.0,0.0,0.0,0.0,0.0,0.0,0.0,0.0,0.0,0.0,0.0,0.0,0.47949652674628473,0.39101132286396567,0.0018164009028866007,0.5359091827590603,0.40239548228528926,-0.0037504365592473956,0.6173284222956091,0.4035568428782676,0.005632706366997659,0.6679169727479162,0.3958163873035647,0.022421950639569355,0.5863068370921924,0.5109521024882411,-0.06896932162536148,0.582802979819482,0.5267673773654289,-0.033117109705576436,0.586978762982599,0.4940091332829849,-0.0749538175629937,0.5864051882810255,0.4703945470903703,-0.07185876214849096,0.5732393885118756,0.4938083165991618,-0.07443008295231456,0.5996486850406382,0.49437043779746537,-0.07235040107435327,0.5193374593771908,0.5849469872947162,0.008403949206987917,0.6294057638353269,0.5913205435734653,0.021255777290067654,0.5847537479313438,0.567538429730491,-0.03045118227042267,0.5805710348432689,0.6232464476867783,-0.011254798251319326,0.5047887316308448,0.5874070966262046,0.009437303536007977,0.6423242815979713,0.5892161866074564,0.024169824891504516,no,2025-11-18T07:30:00.837467
0.1515243988676303,0.8065654373572164,6.957136736540144e-07,0.20589188014612686,0.7392876585608819,-0.001504554487226568,0.24508601495847876,0.6419572497067618,-0.01022725765373902,0.27713385093026055,0.5780587040231364,-0.02454430834460411,0.3138344642230217,0.5284216848753127,-0.03801682437001886,0.1705726296833126,0.5464113085612332,0.0013773838427346208,0.2177643728208125,0.48945103992285866,-0.0234723918415118,0.2548507299599342,0.45759654183201254,-0.03999916314656937,0.28611432761613953,0.4327904629504661,-0.04978474646267909,0.1329538149499881,0.5452607394820944,-0.014382594073638287,0.19425166693698814,0.47131847397948995,-0.044138160645506797,0.24813240029685957,0.45272863974905453,-0.05475467649772594,0.28647766903180927,0.4417121650782518,-0.05593349737415236,0.10480744657223381,0.5638762634877517,-0.03237436758511303,0.19001971309361324,0.5469943976344915,-0.06675577901444311,0.2003765533029096,0.6214675407877821,-0.06203319503325173,0.19003245172410593,0.666658554558093,-0.04896595717447578,0.09136934195702685,0.5963562684085341,-0.05128559510798181,0.17103571386653477,0.5996460272980695,-0.07381731008026676,0.1799774763968927,0.6584180322143185,-0.06703911165225535,0.1674055321497232,0.6913793769031543,-0.05567340693383258,0.0,0.0,0.0,0.0,0.0,0.0,0.0,0.0,0.0,0.0,0.0,0.0,0.0,0.0,0.0,0.0,0.0,0.0,0.0,0.0,0.0,0.0,0.0,0.0,0.0,0.0,0.0,0.0,0.0,0.0,0.0,0.0,0.0,0.0,0.0,0.0,0.0,0.0,0.0,0.0,0.0,0.0,0.0,0.0,0.0,0.0,0.0,0.0,0.0,0.0,0.0,0.0,0.0,0.0,0.0,0.0,0.0,0.0,0.0,0.0,0.0,0.0,0.0,0.46797572971797574,0.39200345939798625,0.009012006976912127,0.5221234296420881,0.4022701806939981,-0.0004141831732925878,0.6046523238358692,0.4049202299489605,0.002503694341777116,0.6571146643715472,0.3965666152874101,0.01533609217841605,0.5666608943990625,0.5111190017789411,-0.06925129015094521,0.5652407848201719,0.5269894919339809,-0.033247827450220355,0.5670040397039613,0.4941437672096916,-0.07522246650692638,0.5669337364229987,0.47054035728446586,-0.07208375927978328,0.5535367143384116,0.49395451814474234,-0.07397001843419371,0.5800419006658422,0.4944911038560462,-0.07335157115790417,0.5066616604585157,0.5850311206100198,0.012538016657491475,0.617383880958267,0.5919953133097124,0.01655389884392499,0.5683969836191448,0.5685117788281819,-0.030732140873558866,0.5656840400370672,0.6237318895481163,-0.010898271390760142,0.493156271724007,0.5881509107360454,0.014301469322477865,0.6297361318592426,0.5910187433186056,0.018918019656448,no,2025-11-18T07:30:00.967829
0.15071789381123749,0.8076326418124583,6.905465960632438e-07,0.2057803212361837,0.7396351019683529,-0.001219076199653577,0.2454243976336011,0.6421843004553401,-0.009795887529684088,0.2777302258601422,0.5787947695874044,-0.024044543695987033,0.31359626634460414,0.5287781878184394,-0.03741743152111382,0.17014711653843365,0.5464228257112044,0.00184309326095786,0.21725590288398566,0.4895492141905553,-0.023047808012714423,0.2543612195341434,0.4580711133232328,-0.03984726518181664,0.28584923968049103,0.43345828591763874,-0.049949666706013765,0.13260432694673477,0.5449972213092693,-0.014169792548976823,0.19375372453218426,0.47159076758457075,-0.04402583703375956,0.2477083690875434,0.4529076271789096,-0.055009351212157956,0.28659342922339365,0.44170298884348536,-0.056544173272895425,0.10472313074919064,0.5635373255552925,-0.03239199915048002,0.19037447931854656,0.547421460148804,-0.06641580905835567,0.20034315336043917,0.6220637610192725,-0.061518372960179785,0.18989525704338842,0.6672184934636626,-0.0485466607708612,0.0915957558390767,0.595843044759153,-0.0516075698827253,0.17142401979127672,0.6001879848099234,-0.07391418012248316,0.17996240397231492,0.659132765077191,-0.06707808097118154,0.16722979463550003,0.6916431827619562,-0.05578901130213758,0.0,0.0,0.0,0.0,0.0,0.0,0.0,0.0,0.0,0.0,0.0,0.0,0.0,0.0,0.0,0.0,0.0,0.0,0.0,0.0,0.0,0.0,0.0,0.0,0.0,0.0,0.0,0.0,0.0,0.0,0.0,0.0,0.0,0.0,0.0,0.0,0.0,0.0,0.0,0.0,0.0,0.0,0.0,0.0,0.0,0.0,0.0,0.0,0.0,0.0,0.0,0.0,0.0,0.0,0.0,0.0,0.0,0.0,0.0,0.0,0.0,0.0,0.0,0.4583387494157582,0.39233405026993884,0.014018103857194238,0.5107595192720329,0.4014734390932988,0.0016748412531049496,0.5933672679035761,0.4060253101773077,-0.0002873880652346462,0.6472385126629159,0.39716660270290916,0.009543598903661864,0.5510531134631116,0.5107251076266074,-0.06894689360681416,0.551153711644934,0.5267391960593062,-0.03298401408383477,0.5511013045008759,0.4937036996343944,-0.0749334713411173,0.551317088414899,0.4701158765220242,-0.07187068982508565,0.5379259890432903,0.4935590221014697,-0.07314232667668014,0.5642871933138781,0.49403388975475193,-0.07362304712103392,0.49603052784297397,0.5855154537319051,0.016133637575040237,0.6063230552004317,0.5934312117810464,0.01349079121788382,0.5542849590756551,0.5689792904837321,-0.03035356616461652,0.5522180893258608,0.6254174303125408,-0.010147608724218705,0.48345423616374605,0.5878885647659109,0.0184045898524101,0.6193831594946084,0.5913766657324077,0.01539336793701273,no,2025-11-18T07:30:01.091815
0.1495157453279553,0.8082521939378453,6.800869184156332e-07,0.2044380127766383,0.7408425172241057,-0.0010391585131692793,0.24333231540825412,0.6419691956206601,-0.009077366042799245,0.27532386746956083,0.5786172410559092,-0.0228710697057549,0.31175843767097455,0.5296969673966923,-0.035713000768272135,0.16884038376636723,0.546254628130413,0.0026888655590931888,0.2154802593576804,0.48966100541070734,-0.022103824380214233,0.2521839476271791,0.45832365785790546,-0.03888935558392456,0.28348369710312393,0.4342174616405363,-0.0490692640827537,0.13105109887480704,0.5454499751718466,-0.013372105964105568,0.19124593845847113,0.4730837992242617,-0.04392511703062604,0.24548257330624576,0.454572799480797,-0.05515763401407706,0.2846531977135416,0.443421287884496,-0.056672742472314644,0.10292799650953452,0.5644798706443149,-0.03169652365652978,0.18773721189542975,0.5471978211388551,-0.0665220543559429,0.1994711192860965,0.6222192074177478,-0.061590365130349864,0.19040727599836732,0.6681485111723677,-0.048296149859770085,0.08961414263830933,0.597127660036742,-0.05101416922085217,0.1690428497679986,0.6008733350563289,-0.07412134231262822,0.17832311610349372,0.6593979231231597,-0.06762594963070757,0.1662243272732325,0.6918638668097501,-0.05641283595688353,0.0,0.0,0.0,0.0,0.0,0.0,0.0,0.0,0.0,0.0,0.0,0.0,0.0,0.0,0.0,0.0,0.0,0.0,0.0,0.0,0.0,0.0,0.0,0.0,0.0,0.0,0.0,0.0,0.0,0.0,0.0,0.0,0.0,0.0,0.0,0.0,0.0,0.0,0.0,0.0,0.0,0.0,0.0,0.0,0.0,0.0,0.0,0.0,0.0,0.0,0.0,0.0,0.0,0.0,0.0,0.0,0.0,0.0,0.0,0.0,0.0,0.0,0.0,0.461493766311349,0.3937427731017358,0.01159305330582204,0.5148888164425808,0.4029077025035357,0.0004418645005297634,0.5981515592619229,0.4066969552729037,0.00035261754628229886,0.651651094271674,0.3978787625292805,0.01126222838384206,0.5578827295316199,0.5120057000897777,-0.06904971008212984,0.5574314853390685,0.5278424402461448,-0.03293906126414353,0.5579661912766983,0.4951045992602514,-0.07510333983062907,0.5579771660813051,0.47160263673780345,-0.07211802787376834,0.5446406158862387,0.49502419896558314,-0.07351778785578086,0.5711719729978051,0.4953648531358141,-0.0735792596378256,0.5012367459599849,0.586910165506547,0.015221567096923776,0.6113142926358451,0.5938067323324787,0.015244232848982213,0.5605499292601176,0.5707258121959066,-0.03028126875800082,0.5583474386849183,0.6259423291241659,-0.009582132986179043,0.4879483326147252,0.589823080152502,0.017341477739670645,0.6244440392733662,0.5922478156790854,0.0173544431879144,no,2025-11-18T07:30:01.236684
0.1488917158474951,0.8073813211968279,6.970350226294325e-07,0.20362768915189566,0.740410087509529,-0.0010517413412944926,0.24244674490047716,0.6413948792300841,-0.009084456866565591,0.27444940789020644,0.577854735687943,-0.02290095114274342,0.31090175058330527,0.5290364753174562,-0.03584210322491728,0.16814603918705096,0.5466722812397365,0.002554740132722771,0.21447698339759783,0.4895576970145883,-0.02247366155841709,0.2510425168595872,0.45718625205135877,-0.03922011312044586,0.2823095982902552,0.43220675423488,-0.049300550072711724,0.13005346336543544,0.5457762792901011,-0.013538727280041199,0.19013188536883824,0.4716370876337907,-0.04452040199184691,0.24455987383707523,0.4532983614389306,-0.05582894131252521,0.283898120615804,0.44265746253241217,-0.05719609832079401,0.10158593892716487,0.5645903860763231,-0.03187948610886067,0.18628365561984164,0.547785551547287,-0.06691132112423762,0.19704914999081513,0.6229907584844934,-0.06211414886447036,0.187128066939003,0.6684623328452476,-0.048837615196875704,0.08773595698767082,0.5969562152627406,-0.05119817476209368,0.16746343385616727,0.6014222422504545,-0.07429840848412822,0.1762424092489896,0.6602665599044754,-0.06786020589350167,0.1635101420616422,0.69234095621295,-0.05669053335551029,0.0,0.0,0.0,0.0,0.0,0.0,0.0,0.0,0.0,0.0,0.0,0.0,0.0,0.0,0.0,0.0,0.0,0.0,0.0,0.0,0.0,0.0,0.0,0.0,0.0,0.0,0.0,0.0,0.0,0.0,0.0,0.0,0.0,0.0,0.0,0.0,0.0,0.0,0.0,0.0,0.0,0.0,0.0,0.0,0.0,0.0,0.0,0.0,0.0,0.0,0.0,0.0,0.0,0.0,0.0,0.0,0.0,0.0,0.0,0.0,0.0,0.0,0.0,0.4666074693220563,0.3943213091125134,0.008460010728949023,0.522057231946037,0.40306919971005795,-0.0008753694618308558,0.6052552136920119,0.40630375341045394,0.0021963539567401444,0.6575785328517031,0.397501943730308,0.015100000261874472,0.5672849135405291,0.5109772152792639,-0.069369190209665,0.5659109483580108,0.527105171500941,-0.03321287209289578,0.5675334427281167,0.49408333910652036,-0.0754090198773106,0.5673556756500581,0.47072430857180547,-0.07236217278636194,0.5540486948220866,0.49406799409605756,-0.07417262514527477,0.5806424487868054,0.49435827552878353,-0.0735185036678279,0.5089426980646787,0.5882361119776692,0.012901101363259051,0.6174059787821407,0.5936910453616434,0.017274303540935218,0.5693973672980581,0.5718725093599009,-0.030673855333239776,0.5662903363067994,0.6260852414148814,-0.010178246512259567,0.49358280220976736,0.5900437896699857,0.014682232839544004,0.6309029616952464,0.5917559125773967,0.01966788968215491,no,2025-11-18T07:30:01.383739
0.1509567045385852,0.8082060760284829,5.684587676333504e-07,0.2042311422372523,0.7368344058610877,-0.0013038336374693342,0.23698314004219184,0.6395252773206542,-0.008932816463501874,0.2632431685103803,0.5739874755519487,-0.02266853910467783,0.29744061304075237,0.523573881932486,-0.034999957910142356,0.1631476184423452,0.5423969609609784,0.0074650381365584904,0.2091982194033239,0.4895951368593068,-0.017998939544751052,0.24810810478141712,0.4700645805268314,-0.03592448299724323,0.2806547763761533,0.4588173798459022,-0.04638841308619679,0.12779824574083082,0.5425638116993413,-0.007942105980734339,0.1883178043162894,0.47700553515085686,-0.038850602526189264,0.24149864400319337,0.47188553280553247,-0.05087118096505281,0.2789748636354624,0.4742931086694654,-0.05261049742654557,0.10116251528095763,0.5607136147834618,-0.026220567320804446,0.18438852213632156,0.5421412742134324,-0.06075224466164998,0.19643634265697907,0.6163717961638623,-0.05702256574199718,0.1877773254721794,0.6632423682811444,-0.04458850157507856,0.08796653453555295,0.591906290233299,-0.04557078962890489,0.16625992810447904,0.590923662943846,-0.06771957531852876,0.17540983761342455,0.6490046290485358,-0.06144727638601513,0.1628225735294478,0.6835390260228873,-0.05048973145367506,0.0,0.0,0.0,0.0,0.0,0.0,0.0,0.0,0.0,0.0,0.0,0.0,0.0,0.0,0.0,0.0,0.0,0.0,0.0,0.0,0.0,0.0,0.0,0.0,0.0,0.0,0.0,0.0,0.0,0.0,0.0,0.0,0.0,0.0,0.0,0.0,0.0,0.0,0.0,0.0,0.0,0.0,0.0,0.0,0.0,0.0,0.0,0.0,0.0,0.0,0.0,0.0,0.0,0.0,0.0,0.0,0.0,0.0,0.0,0.0,0.0,0.0,0.0,0.46830996275036074,0.3941934787149252,0.008848287328687168,0.5235984010911215,0.40423768837698637,-0.0010885810142476863,0.6066474752198767,0.4078943679504967,0.0011374181349981948,0.660007181245569,0.39872676045844624,0.013610423926071065,0.5670060076716775,0.5120401117747637,-0.06950884723343358,0.5659324293544052,0.528474250942121,-0.03321775508173956,0.5672844396791829,0.4950391472039026,-0.07560315101831953,0.567270538783281,0.4716053277659366,-0.07262396970588314,0.5538396426304647,0.49498283730853443,-0.07427126253692229,0.5804420942683569,0.4953675588945721,-0.07381390604471985,0.5086707346753447,0.5879624876275522,0.014315956323125708,0.6182142634904203,0.5950885088830618,0.017408908434386104,0.5693365520534175,0.5723763291237676,-0.030487985990301242,0.566140004722232,0.6273468831071142,-0.009284337039662164,0.49366171021933986,0.5904536875710463,0.016157563528755997,0.6318966228783391,0.5927226473268301,0.019687308809509405,no,2025-11-18T07:30:01.576527
0.1506463360396631,0.809887942971059,4.838248883852812e-07,0.20492497793558553,0.7359072859097462,0.0004027929585013177,0.23592051353591983,0.637267819496051,-0.005642857818388255,0.26185904439160373,0.5727678197213937,-0.01836096007641037,0.29582111275664325,0.5245689186197464,-0.029854920062403884,0.15904297931470898,0.5401812783415885,0.012478913024523237,0.2068287421388911,0.4908452291380808,-0.012271617388747038,0.2470819135090252,0.4798126221134676,-0.031111000990363274,0.28032895340604846,0.4770498808094486,-0.04228273931873888,0.12548720160767432,0.5423899073202365,-0.003296353731842245,0.18941548406064868,0.4842665164596295,-0.03359173835253784,0.24167015892710328,0.48679815265993787,-0.046773887536697964,0.2781877084309667,0.4949314275818793,-0.04933566575326321,0.10075426831757804,0.5622456499744335,-0.02203252435724966,0.18485147696142937,0.5438089448211785,-0.05514399427692141,0.19560290727037644,0.6176533627673713,-0.05237012810491583,0.18604008851495552,0.6638351223768088,-0.04089102102939585,0.08857628481609915,0.5938973034323081,-0.04175810831471375,0.16587643253664122,0.5894790569758446,-0.0624547136589058,0.17387141985193932,0.6456425144239414,-0.05602303828417883,0.16050513791380608,0.679001536488998,-0.04514231921375693,0.0,0.0,0.0,0.0,0.0,0.0,0.0,0.0,0.0,0.0,0.0,0.0,0.0,0.0,0.0,0.0,0.0,0.0,0.0,0.0,0.0,0.0,0.0,0.0,0.0,0.0,0.0,0.0,0.0,0.0,0.0,0.0,0.0,0.0,0.0,0.0,0.0,0.0,0.0,0.0,0.0,0.0,0.0,0.0,0.0,0.0,0.0,0.0,0.0,0.0,0.0,0.0,0.0,0.0,0.0,0.0,0.0,0.0,0.0,0.0,0.0,0.0,0.0,0.4685125172142612,0.39440544361447405,0.009533376980377662,0.5228844723808879,0.4044304494035658,-0.0010625784466090056,0.6058208563214099,0.4095297132816601,-4.967544324526569e-05,0.659125329295041,0.4008620078918818,0.01158904489678926,0.5644802231790242,0.5139472650262521,-0.06901551988560908,0.5636957767213463,0.5301815765647342,-0.032758506448311873,0.5648165219407266,0.49689657095359774,-0.07515839546665451,0.5650719809413994,0.47329383941530934,-0.07231037025252157,0.5514716301493083,0.4966590546911401,-0.07369752270503799,0.5780007657716448,0.4973200868060278,-0.07352295802581223,0.5066406663813278,0.5881959693081609,0.015775169737030442,0.6165140638607649,0.5970054999783351,0.01725819944226496,0.5669317039995023,0.5740265341698092,-0.02972287670118385,0.563591573997316,0.6286408354286792,-0.00845719244684913,0.4919522298359654,0.5904066280834663,0.017696342307497906,0.6300500670582186,0.5943875873772517,0.01938026811497933,no,2025-11-18T07:30:01.701193
0.15155873058277405,0.8104318068927866,4.6653405972258135e-07,0.2039338087624476,0.7352825847769251,0.00012468895395545345,0.2342712630159572,0.6379491048316437,-0.0065957898956206,0.26007004825209157,0.5735620686207676,-0.020112921839037935,0.2931166501664686,0.5244861857464882,-0.03220408797412167,0.155820046879244,0.5392509396640346,0.014137547850836506,0.20425582623101707,0.4922163764184438,-0.011522575206320437,0.2456672156642149,0.4855761081196076,-0.031327353301392157,0.27931271202406915,0.48704638758642593,-0.042906979862516376,0.12319429625891147,0.541823435763466,-0.0015761622314236588,0.19047011404723108,0.4881846889320242,-0.0316482337238196,0.24190091958863558,0.49671649204423285,-0.04482169603892832,0.2764594785240695,0.5075574358025058,-0.04749726677972971,0.09935723237651478,0.5621567283475836,-0.020593335335458478,0.18459077647033106,0.543902013599783,-0.0532587175246082,0.19520668612429726,0.6178508663259311,-0.05036293942224513,0.18543455003722095,0.6631685863882946,-0.03896819032045354,0.08787901961318301,0.5945863229483775,-0.040706658451180114,0.16617137902905516,0.5892470617997662,-0.06070109371166268,0.1744592895234428,0.6441780901930803,-0.053923435189424086,0.16110980116992335,0.6766128969790877,-0.04284733541876525,0.0,0.0,0.0,0.0,0.0,0.0,0.0,0.0,0.0,0.0,0.0,0.0,0.0,0.0,0.0,0.0,0.0,0.0,0.0,0.0,0.0,0.0,0.0,0.0,0.0,0.0,0.0,0.0,0.0,0.0,0.0,0.0,0.0,0.0,0.0,0.0,0.0,0.0,0.0,0.0,0.0,0.0,0.0,0.0,0.0,0.0,0.0,0.0,0.0,0.0,0.0,0.0,0.0,0.0,0.0,0.0,0.0,0.0,0.0,0.0,0.0,0.0,0.0,0.4662571907045656,0.3944649493424848,0.011761709855771775,0.519417933707839,0.4044205101317374,5.7415317555405045e-05,0.6030817140283959,0.4099896090669775,-0.0009155641198336054,0.6568678325609574,0.4024252591310682,0.009460819981012676,0.5583934078217356,0.5150248491154514,-0.06891384078482267,0.5581678391796887,0.5310493060722078,-0.03264884951772455,0.5587058898499104,0.49796293975555406,-0.07505793526641975,0.5592335367143673,0.47428251729428644,-0.07221139820714381,0.54543801119587,0.4975467395457348,-0.07337547114751716,0.5720260946606485,0.4985086774076068,-0.07364545532339767,0.5021344987828575,0.5885150381151553,0.017037042196536747,0.6129173820146873,0.5982189841963208,0.015857467217414344,0.5621394710316573,0.5745813892334184,-0.02954029563984659,0.558884786746888,0.629142555070144,-0.008774391489009749,0.4878475463879,0.5901863136049503,0.019127758623743975,0.6260056813314623,0.5960923713787504,0.017777171188679965,no,2025-11-18T07:30:01.824041
0.15072175293186324,0.8107535385343603,4.6101416656643824e-07,0.2029677498135053,0.7357778771472211,0.0006853697681113987,0.23341762519513146,0.6382478454341629,-0.005743320087550409,0.25891159101294764,0.5746909592943621,-0.0192080863664942,0.29127840259788274,0.5258307763124989,-0.031246876419330886,0.15393129240343578,0.5384738890214704,0.015863502591962213,0.20308442759323833,0.4921999563547831,-0.009958240165939406,0.2450011429583167,0.48744247109776767,-0.030275882908575812,0.27910841110866086,0.4916903211640473,-0.04209065754893683,0.12169432843636721,0.5412566904922067,-0.00025133238373731704,0.19035030886277646,0.4896274499328548,-0.030383044949263506,0.24203364487103135,0.49922501676644016,-0.04418465944920316,0.2767592485679887,0.5112564186115496,-0.0471834753952369,0.09845480319091623,0.5622662561339358,-0.019718180152279715,0.18414628739507383,0.5430472959577589,-0.05229033925513438,0.19529820942138248,0.617661191229143,-0.04979581126814847,0.18597543239108516,0.6634526436999761,-0.03862506512210841,0.0876300236260476,0.5951917520389165,-0.04026515115719063,0.16653038915957,0.5895279715412862,-0.06023228125681897,0.17477620194975546,0.6445968735705849,-0.053547164265363476,0.16162194859817197,0.6772584235967368,-0.042408656369002914,0.0,0.0,0.0,0.0,0.0,0.0,0.0,0.0,0.0,0.0,0.0,0.0,0.0,0.0,0.0,0.0,0.0,0.0,0.0,0.0,0.0,0.0,0.0,0.0,0.0,0.0,0.0,0.0,0.0,0.0,0.0,0.0,0.0,0.0,0.0,0.0,0.0,0.0,0.0,0.0,0.0,0.0,0.0,0.0,0.0,0.0,0.0,0.0,0.0,0.0,0.0,0.0,0.0,0.0,0.0,0.0,0.0,0.0,0.0,0.0,0.0,0.0,0.0,0.45485391020785837,0.3932611542805411,0.01845179954259431,0.507226552608314,0.4026066289338573,0.0031418396289448628,0.5906760448785016,0.4094129720053744,-0.0036047676056712354,0.6464352163769905,0.40160872031146,0.0033623468377386202,0.5411365871429845,0.5132134002142351,-0.06972564808239279,0.5425088227442175,0.529569504100786,-0.03312807121903779,0.5412401972557352,0.49603986144882195,-0.07591208271618907,0.5422567975491545,0.47229628973215754,-0.07302671970079137,0.5281547107828715,0.4955705439881842,-0.0735589751167197,0.5548685594725056,0.49675153966968477,-0.07513445873197891,0.4892011269072216,0.587205854466742,0.021141333861124857,0.6006485613648571,0.599088642393418,0.011922234098448736,0.5455730059034782,0.5737088047489266,-0.029957538899885547,0.5428906317462467,0.6284764570356518,-0.009007296581705754,0.4763503718620484,0.5888062496064302,0.023832044766140443,0.6148643056429955,0.5971440813116287,0.01330232304413499,no,2025-11-18T07:30:01.977979
0.15083974316228935,0.8102821778880145,4.57050716913391e-07,0.20275136916801745,0.7352283112084983,0.00013382115747145857,0.2329202418358851,0.6389121402616371,-0.006743493716522221,0.2578081395425761,0.5755616234936929,-0.02060264800242568,0.2896488510525119,0.5263070021165155,-0.032968117893112325,0.15300425266658071,0.5380136891148459,0.015656741432902514,0.20246527516746876,0.49231311628087665,-0.01085307493787531,0.2444385095136928,0.4890866465920509,-0.03177626698159828,0.2784033745702148,0.49452351699109653,-0.043789114528314584,0.12101757255649194,0.5414469661662846,-0.00021765266790491284,0.1905736698942636,0.49134938380279214,-0.030732848729238,0.24171867189611748,0.5013865214256701,-0.044747865213922336,0.27615033665963523,0.5136749853620645,-0.0477893869083099,0.09799704698835286,0.5629601010283937,-0.019584761337688855,0.18439787743166777,0.5457044178992285,-0.05245819885720815,0.19477208685504702,0.6200214391967248,-0.050335277439384485,0.18524287640805936,0.6654464694596988,-0.03924236813389299,0.08724122001109433,0.5963112588338656,-0.04007382730355373,0.1660593765823294,0.5906568204340342,-0.0600601469820262,0.17404248838933314,0.6455776685720204,-0.0533927594443406,0.16091973608650054,0.6784065622240887,-0.04213046284534149,0.0,0.0,0.0,0.0,0.0,0.0,0.0,0.0,0.0,0.0,0.0,0.0,0.0,0.0,0.0,0.0,0.0,0.0,0.0,0.0,0.0,0.0,0.0,0.0,0.0,0.0,0.0,0.0,0.0,0.0,0.0,0.0,0.0,0.0,0.0,0.0,0.0,0.0,0.0,0.0,0.0,0.0,0.0,0.0,0.0,0.0,0.0,0.0,0.0,0.0,0.0,0.0,0.0,0.0,0.0,0.0,0.0,0.0,0.0,0.0,0.0,0.0,0.0,0.44799480736261144,0.3933510580591548,0.023645858698034462,0.4985158721818044,0.4026048295693151,0.006090219418471092,0.5821217772648428,0.40919330312419294,-0.0043434667140289885,0.6383080856550785,0.40111141646352266,0.00038445434834533283,0.5297927978038989,0.5128663500991066,-0.06926057140881686,0.5322731644238665,0.5294092582855157,-0.033137876361762894,0.5296887069118642,0.49564467072895046,-0.07528003778276952,0.5309152430281172,0.471924509669393,-0.07220152542566158,0.5168721873826314,0.49526639460704525,-0.07251483766054606,0.5433401666247568,0.49635809300455064,-0.07491293678252388,0.482316061066564,0.5866949694410889,0.021751264288014344,0.5921410517128546,0.5992107855254749,0.007544416998058251,0.534350578898547,0.5725470941774418,-0.030495788185351556,0.5322620985860598,0.6295464417517737,-0.010705715073714825,0.47018186987668004,0.589376885646492,0.024922218740380038,0.6063973685044812,0.5976861189391243,0.008645806046597072,no,2025-11-18T07:30:02.113922
0.15060912675911936,0.8094611799531473,4.597563714604031e-07,0.2028764714249244,0.7344339843529522,0.0001995711639584951,0.2330778452173734,0.6391121441779072,-0.006646629536203624,0.25776771735143483,0.5759592556555378,-0.02049269194032741,0.2896915476995653,0.5270807223564755,-0.03288617871720226,0.15228496181684137,0.5387445948492473,0.016480925541399568,0.20216112297725855,0.49314455662600354,-0.010397805590090771,0.2443262166628027,0.49051020480962104,-0.03178148105215854,0.2782034143892944,0.4968382823955803,-0.04392364048630809,0.12064257873821072,0.5421100766633883,0.0006097314075405303,0.19053346287395828,0.49119641612548665,-0.02998893943207715,0.24110614864928404,0.5014495244457452,-0.04440778606333915,0.27504351277981454,0.5142249817614613,-0.04756068785990141,0.09795935823576885,0.5634405676822418,-0.01879995193394586,0.18478069512881684,0.5470844176784045,-0.051541053748081156,0.19461948787980926,0.6207826319347118,-0.04984362079264165,0.18465816974518645,0.6658511505890718,-0.038942191721017344,0.08738790950863516,0.596458518287172,-0.03931363691742475,0.16644080071887618,0.5915055590359868,-0.05875555787709956,0.17391163620011013,0.6460542973997949,-0.05198373781245179,0.1603497839267914,0.6786730119660788,-0.04066403769958821,0.0,0.0,0.0,0.0,0.0,0.0,0.0,0.0,0.0,0.0,0.0,0.0,0.0,0.0,0.0,0.0,0.0,0.0,0.0,0.0,0.0,0.0,0.0,0.0,0.0,0.0,0.0,0.0,0.0,0.0,0.0,0.0,0.0,0.0,0.0,0.0,0.0,0.0,0.0,0.0,0.0,0.0,0.0,0.0,0.0,0.0,0.0,0.0,0.0,0.0,0.0,0.0,0.0,0.0,0.0,0.0,0.0,0.0,0.0,0.0,0.0,0.0,0.0,0.4419433519244469,0.39237501218578164,0.027338567864370434,0.4918455024666346,0.4021834638216372,0.008029322282853243,0.5758923231207179,0.4086653271993417,-0.00526739511266573,0.6320878156298921,0.40026613694651353,-0.0022886580725959274,0.5203648270368677,0.5113888244254688,-0.0689330977740629,0.5236757353109933,0.5284208201961483,-0.033158084288316673,0.5201521470731807,0.49420914650167463,-0.07484585283308284,0.5216156157843833,0.47065359158568065,-0.07166375480877805,0.5075177649292613,0.4939100527722726,-0.07175922675835836,0.5338479082864385,0.4950168710853289,-0.07479486306294048,0.4763676743740718,0.5866673358805938,0.02271315929988333,0.5851755239681522,0.59950759346159,0.004591262116335179,0.5252793455691923,0.5711643478032137,-0.03096366637873325,0.523420607942093,0.6293814967662372,-0.011330605498736188,0.4645401921929405,0.5894419645040779,0.02627189951409709,0.5993337223896765,0.598426196504932,0.0054876480970640525,no,2025-11-18T07:30:02.294163
0.15084030035761373,0.8082191067841298,4.550477718179605e-07,0.20276149011891437,0.7337734876045614,0.00039030144368605574,0.23302538257916094,0.6392690983741252,-0.006188196885239125,0.2578373453567019,0.576889092902308,-0.01973431949628389,0.28962040451556176,0.5286501386287993,-0.03187843389818386,0.15306960636236966,0.5392420422023031,0.01643771820330553,0.20206999263143627,0.4934579505246488,-0.010312804831146011,0.24420329813404798,0.4910403983680979,-0.031634070647119615,0.2777183584912628,0.49725616517125515,-0.04380154323414373,0.1213396259334078,0.5427344695317216,0.0005189208261122258,0.19033094679905113,0.49162101363429944,-0.029988028353836408,0.2412227372770651,0.501879542610751,-0.044475589509798005,0.2749740309508356,0.5144975957753687,-0.04774456645054054,0.09844321943351247,0.564133110856044,-0.01888558765904389,0.1845144669653865,0.5482940508611445,-0.05154918742475412,0.19473049598839706,0.6214903087919104,-0.04997830293358088,0.1845934614533084,0.665668802776378,-0.039254227638748876,0.0875820765976556,0.5972443639142464,-0.03935413072434692,0.166131079640196,0.592388913904056,-0.05873143108798864,0.17378933237322172,0.6466692535640179,-0.05196056955358002,0.160089037135038,0.6785868619419779,-0.04072748404497309,0.0,0.0,0.0,0.0,0.0,0.0,0.0,0.0,0.0,0.0,0.0,0.0,0.0,0.0,0.0,0.0,0.0,0.0,0.0,0.0,0.0,0.0,0.0,0.0,0.0,0.0,0.0,0.0,0.0,0.0,0.0,0.0,0.0,0.0,0.0,0.0,0.0,0.0,0.0,0.0,0.0,0.0,0.0,0.0,0.0,0.0,0.0,0.0,0.0,0.0,0.0,0.0,0.0,0.0,0.0,0.0,0.0,0.0,0.0,0.0,0.0,0.0,0.0,0.44040760621429864,0.3918614188564864,0.02846843177649979,0.48974475960467045,0.40233483446132523,0.008359335900039731,0.5734082429927014,0.40838765997094006,-0.0062517758626501945,0.6302250866231583,0.4004335980724465,-0.004105176726999449,0.5164592594504407,0.5120757152847102,-0.06847673940374173,0.5201188899657536,0.5289517712392791,-0.032830175899007774,0.516183940300659,0.49484966993433954,-0.0743969467188371,0.5177217082675578,0.4711591889622434,-0.07129414510124649,0.5036784906999898,0.49452989220416,-0.07117222390526408,0.5298331281086733,0.4956478765560006,-0.0745022952049188,0.47407734001849494,0.5864259783689163,0.02364354165990804,0.5812613118745943,0.5995240327461149,0.0038209057688973077,0.5221371960923964,0.5711130688963426,-0.030622044399021435,0.5206985353915634,0.6287313496366281,-0.010708982597681426,0.46234986618466606,0.5894997464999332,0.027367783386358674,0.5961307083551777,0.5988087820655611,0.004610895541129487,no,2025-11-18T07:30:02.422557
0.15039638580693493,0.8076219120575312,4.704357383195236e-07,0.20202658522745645,0.7336058705036357,0.00014774591166796106,0.23269891521374048,0.6399987264140828,-0.006957483156969667,0.25736686098325207,0.5777656710048344,-0.02097570067799586,0.28876161827340585,0.5295458604158554,-0.03361387725924112,0.15247806456614882,0.5405046408864604,0.015040847252130174,0.20086039344954534,0.49418399104086597,-0.012320734499930744,0.24315485300741552,0.4913383969112523,-0.03383573736864286,0.2770350690952942,0.49729557604819014,-0.046001809149163006,0.12043734978568507,0.5443232186430428,-0.0009370893266325219,0.1894090445617494,0.4918204973900791,-0.03211284813602083,0.24081605575706283,0.5017100421298079,-0.046759728623426415,0.2750031713143842,0.5144904940069928,-0.050012291346999166,0.09733431879196872,0.5657849625821052,-0.020325162140807918,0.18334482066044672,0.5492705620173337,-0.053680672557639586,0.19386516043497537,0.6226391837748462,-0.051988263685408834,0.1838884837922403,0.6673151042652337,-0.04098953212822854,0.08629921948335806,0.5991229026964878,-0.04073328716023578,0.16492442063798818,0.5932508338860796,-0.060576426769861594,0.1732534890687863,0.6476311608434409,-0.05352869850049721,0.16009395883222083,0.6801827060449941,-0.04194243578490815,0.0,0.0,0.0,0.0,0.0,0.0,0.0,0.0,0.0,0.0,0.0,0.0,0.0,0.0,0.0,0.0,0.0,0.0,0.0,0.0,0.0,0.0,0.0,0.0,0.0,0.0,0.0,0.0,0.0,0.0,0.0,0.0,0.0,0.0,0.0,0.0,0.0,0.0,0.0,0.0,0.0,0.0,0.0,0.0,0.0,0.0,0.0,0.0,0.0,0.0,0.0,0.0,0.0,0.0,0.0,0.0,0.0,0.0,0.0,0.0,0.0,0.0,0.0,0.4451121252030203,0.39271669585173563,0.025286126817631743,0.4945546125398764,0.40406490630155495,0.006855015445843964,0.5785054847261023,0.409189164133877,-0.005046389283612927,0.6353969695238899,0.4014149000799244,-0.0011672508305361207,0.524538980454209,0.5137781764175321,-0.06887872287488836,0.5272791672538424,0.5304375922579757,-0.032896353375185955,0.5243364710258025,0.49657479822686673,-0.07485413982994621,0.525581953748876,0.47278241764320056,-0.07175476541814071,0.5116241226502574,0.49622070252793754,-0.07193688001212414,0.5379195163916017,0.4973293985402989,-0.07464115617122313,0.48001122278558417,0.5871284993620705,0.021539631089069713,0.5884314650822708,0.5989651141933394,0.00560810083040405,0.5304404652260688,0.5722397064357049,-0.030893241897045755,0.5293257176622124,0.6294186609633337,-0.010181332709090184,0.4674215338394415,0.5915372246198244,0.02512008866858932,0.6006557839604563,0.600213804227437,0.006793492654620596,no,2025-11-18T07:30:02.547663
0.15082658530182486,0.8028770764148893,6.202427025089964e-07,0.2010298716456725,0.7351706072183706,-0.001752117548751226,0.23350539694746167,0.6378039381734721,-0.009997659202392161,0.2603113477813599,0.5727091270635439,-0.024328874938967317,0.2943379295552515,0.5237117493779259,-0.03751182271169949,0.15425058974290565,0.5460972818480306,0.009267764055639338,0.19969355186069032,0.4937636423538528,-0.017939993150055112,0.23858664901118457,0.47441498679142635,-0.03787522686579802,0.27118382435401306,0.4635647325278792,-0.04930776286084306,0.1206752861089108,0.5485629502829776,-0.006015137304938089,0.1825314597179322,0.48137288445057846,-0.03792928724149522,0.23418251376462837,0.47512987989726324,-0.0511880704676094,0.27058077173907835,0.47455370866960356,-0.053262848841653346,0.09642492281155939,0.5681833185789554,-0.024447232796888256,0.1799734431118243,0.5468526739301146,-0.05910904671325659,0.19200347129977452,0.6192303322629419,-0.05604701166793883,0.18411239422842607,0.6632729364729031,-0.04370638681215733,0.0856839052112015,0.5997901364888536,-0.04397975190214223,0.16373528923745112,0.5928121621098184,-0.06533687327582091,0.17257848259391387,0.6482168398440227,-0.058526565490416224,0.16044185094902744,0.6804829889172724,-0.04697715095369618,0.0,0.0,0.0,0.0,0.0,0.0,0.0,0.0,0.0,0.0,0.0,0.0,0.0,0.0,0.0,0.0,0.0,0.0,0.0,0.0,0.0,0.0,0.0,0.0,0.0,0.0,0.0,0.0,0.0,0.0,0.0,0.0,0.0,0.0,0.0,0.0,0.0,0.0,0.0,0.0,0.0,0.0,0.0,0.0,0.0,0.0,0.0,0.0,0.0,0.0,0.0,0.0,0.0,0.0,0.0,0.0,0.0,0.0,0.0,0.0,0.0,0.0,0.0,0.4629969080910121,0.39683448770972707,0.011766782638644438,0.5166807341092174,0.40744695696356736,0.0002664890086132433,0.6002643249760424,0.4098418948511334,-0.0001656295424330035,0.653771048887006,0.40169535530386297,0.010647174885568503,0.5579862229675068,0.5168899727416945,-0.0692443575404925,0.5574980223571611,0.5329583007047172,-0.03287363540195894,0.5581890413486251,0.49985249787594555,-0.07538016356292995,0.5584518302603633,0.47614990895397025,-0.07245557601599327,0.5449131255302984,0.4996193918580697,-0.07375078124789862,0.5713976298903657,0.5002747697371447,-0.07387918381614517,0.5020290305345615,0.5911458925471699,0.015577454945940906,0.6117764351034676,0.5990722506429649,0.015265183716460112,0.5604493695568515,0.5758419978215816,-0.030115939631968333,0.5582314997784481,0.6307762214366381,-0.009241158028044438,0.48802197087632476,0.5939930018629822,0.01778511927744971,0.624076182519016,0.5984330964000649,0.017408413437336182,no,2025-11-18T07:30:02.689215
0.1499227792069656,0.8035208622354597,6.84973514786112e-07,0.20075957712685236,0.7368157230065394,-0.002683688603648241,0.23480986004332616,0.6376789640303548,-0.011513816112515956,0.26347827044066774,0.5712598779772675,-0.02590319726282482,0.2974914318663251,0.5197078329638043,-0.03921835168265963,0.15663072354328966,0.5490014569335369,0.0047767889075930325,0.20035651634258042,0.4907849812721412,-0.022248436216026395,0.23655430213143913,0.45946729800215086,-0.040865221609964864,0.26711267521659543,0.4361658289314048,-0.05157260560968942,0.12183701517912734,0.5498670371322267,-0.010311951628613597,0.1792631067777588,0.47276560541899193,-0.042210937508243604,0.23055328031933736,0.4554078466621173,-0.054274972598502155,0.2674983457599048,0.44519824009987746,-0.05558807983373904,0.09678374254086194,0.5680035133181796,-0.028342915854921293,0.17993706701251233,0.5442055592150421,-0.06375930441207874,0.19283717753726595,0.6182914387621625,-0.0595372899147132,0.1849990235640841,0.6631415880370192,-0.04620038694522127,0.08601916240012208,0.5979147754473382,-0.04751159764196429,0.16392844362137296,0.5924262908441853,-0.0697849641952835,0.17300926087589064,0.6493212561875753,-0.06306609380158362,0.1603441190365445,0.6810086396154966,-0.05161090369864603,0.0,0.0,0.0,0.0,0.0,0.0,0.0,0.0,0.0,0.0,0.0,0.0,0.0,0.0,0.0,0.0,0.0,0.0,0.0,0.0,0.0,0.0,0.0,0.0,0.0,0.0,0.0,0.0,0.0,0.0,0.0,0.0,0.0,0.0,0.0,0.0,0.0,0.0,0.0,0.0,0.0,0.0,0.0,0.0,0.0,0.0,0.0,0.0,0.0,0.0,0.0,0.0,0.0,0.0,0.0,0.0,0.0,0.0,0.0,0.0,0.0,0.0,0.0,0.474503238033505,0.3981781279014181,0.00338256342943274,0.5314285540339025,0.4079816968894146,-0.003471310765396647,0.6136842440729516,0.4099138526846991,0.0037914685127323966,0.6656143993653016,0.4014870298543469,0.019308379377274455,0.5798622783347971,0.5185158765590644,-0.06948679814452147,0.5770707947212136,0.5340963759993312,-0.03301970718335843,0.580388072596157,0.5015798009933317,-0.07566910344989912,0.5799769157729582,0.4777956864506332,-0.07276694027259167,0.5665870966987887,0.5014833049473606,-0.07489637768759563,0.5933581429290391,0.5017638764152033,-0.07329465150198852,0.5172034944161454,0.5932981171243388,0.010898059879863826,0.6264873562884586,0.5989614888621319,0.02104714429350895,0.5794014075433946,0.5777529650725187,-0.029828192643776334,0.5763115122850828,0.6325266633840295,-0.010056782922197449,0.5005260711353364,0.594799396239032,0.012170961551846198,0.6393307719998644,0.5958598053411457,0.02378556020425235,no,2025-11-18T07:30:02.814123
0.1493567407153717,0.8046589215466544,6.882622047787326e-07,0.20123506455200496,0.7366560559593702,-0.0025132805790422834,0.23580897572269,0.6359636997638194,-0.010919729673235432,0.265115718677327,0.5696710158872086,-0.024775964336664104,0.2989673766663855,0.5184785595692892,-0.03746503240895105,0.1585631066895144,0.5478029259231283,0.0029703686174479826,0.20171941225788004,0.4873182368385395,-0.023467195445552393,0.23685053356255337,0.45190175186152615,-0.04118674508745218,0.2665587529077133,0.4240917659938701,-0.05150867235650334,0.12300529838965828,0.5481198743953523,-0.012205225765103165,0.17886185238485108,0.46954541443244213,-0.04367012951190188,0.23017973254400706,0.4470680597885019,-0.05503547008869505,0.2678409077661218,0.4320433448843809,-0.05626066691863191,0.09763924789120047,0.566213268986284,-0.030155562873716332,0.1809701856874047,0.544388598661171,-0.0654215178528785,0.19326613039890106,0.6189018791634909,-0.06058313803236976,0.18497527623545315,0.663770039709809,-0.04703219223211877,0.08690505304115792,0.5960422854802456,-0.04927599314285295,0.16469769648252713,0.5935417665711558,-0.07163551204969101,0.17299956797704596,0.6501858821049418,-0.06508193471984355,0.15974704681056198,0.6807824982611937,-0.05396697012506078,0.0,0.0,0.0,0.0,0.0,0.0,0.0,0.0,0.0,0.0,0.0,0.0,0.0,0.0,0.0,0.0,0.0,0.0,0.0,0.0,0.0,0.0,0.0,0.0,0.0,0.0,0.0,0.0,0.0,0.0,0.0,0.0,0.0,0.0,0.0,0.0,0.0,0.0,0.0,0.0,0.0,0.0,0.0,0.0,0.0,0.0,0.0,0.0,0.0,0.0,0.0,0.0,0.0,0.0,0.0,0.0,0.0,0.0,0.0,0.0,0.0,0.0,0.0,0.4818921481724837,0.397779403873614,-0.0008067291572155405,0.5401204419015185,0.40810410835624444,-0.005360961916347887,0.6220721339764783,0.4101923181975894,0.005703928096452659,0.6729149982590058,0.40190162125423035,0.023566865590884657,0.5918484238944951,0.5177359241384494,-0.06930302147922027,0.5879447868564565,0.5333962519454358,-0.033011060496328945,0.5925793963005962,0.5010018546134871,-0.07543638030008384,0.591903537241719,0.4775240104034706,-0.07249402030147223,0.5786945254840989,0.5009672262518328,-0.07509454953915991,0.6052759805106926,0.5012227575664273,-0.07263579070250946,0.52636369293256,0.5937860209759572,0.008142125184399171,0.633547386459125,0.5989981077409261,0.02329347427175543,0.589788096101867,0.5781596091288954,-0.029919109296031195,0.5859914042023864,0.63293088845471,-0.009790069627786214,0.5088477137407335,0.5944975598863311,0.009069068337098326,0.6470887201216363,0.5947101908900247,0.02645394802027183,no,2025-11-18T07:30:02.952986
0.1488577887427147,0.8063173452948116,6.826867818804035e-07,0.20146239235290678,0.7367715170543921,-0.0016863704534082848,0.23651375980491418,0.6360786366193517,-0.009744080461993225,0.26605992547407,0.5700496638560035,-0.02337597270412774,0.2999511735226306,0.5188264186758647,-0.035806346794127586,0.15901472391370022,0.5479053262962199,0.0026327830353989057,0.2022168383253664,0.48684352100429934,-0.023099630718059802,0.23730084482712172,0.4512366146373518,-0.040100369041237954,0.2670473687119286,0.4229939032167379,-0.050067620262452525,0.12315272793852536,0.5478933610505967,-0.012860268994864853,0.17927422170700913,0.4692292761725962,-0.0436359758099661,0.23100178962090717,0.44610242264785205,-0.05453922135649848,0.26906282494152495,0.431239054157965,-0.05569347884350842,0.09779864182913944,0.5657512341692742,-0.030918956307587613,0.18169697805755428,0.5451597305439644,-0.06541666943030354,0.19362344936092285,0.6193816515663799,-0.060391109965052675,0.18498752755111053,0.664626518802048,-0.04701827088093098,0.08731096897610913,0.5956021895598097,-0.0501044815204192,0.16568784649937743,0.5952219493027288,-0.07206928607607689,0.17402363180689762,0.6525696809358937,-0.06557229314722761,0.16106286524840918,0.6839879459842346,-0.054637933586647855,0.0,0.0,0.0,0.0,0.0,0.0,0.0,0.0,0.0,0.0,0.0,0.0,0.0,0.0,0.0,0.0,0.0,0.0,0.0,0.0,0.0,0.0,0.0,0.0,0.0,0.0,0.0,0.0,0.0,0.0,0.0,0.0,0.0,0.0,0.0,0.0,0.0,0.0,0.0,0.0,0.0,0.0,0.0,0.0,0.0,0.0,0.0,0.0,0.0,0.0,0.0,0.0,0.0,0.0,0.0,0.0,0.0,0.0,0.0,0.0,0.0,0.0,0.0,0.4735887395916511,0.39609999892529424,0.005247744341966418,0.5296537375389703,0.4071763985270297,-0.0027115598473250475,0.6120121645720099,0.4110171235782411,0.002701991471461917,0.6651655219623733,0.40313244791425507,0.01708416465926884,0.5748690619152041,0.5170207747885698,-0.06918346914081329,0.5726112331499079,0.5328903833770453,-0.032843761290191946,0.5755164184833974,0.500154505111309,-0.0753309226498798,0.5755387990316261,0.4765828242220066,-0.07242575548011615,0.5618991867322991,0.4998628605529031,-0.07435440579179484,0.5885122378063107,0.500635697478282,-0.07317898720344285,0.5141191295053731,0.5917370120195795,0.011931550850501797,0.6219804390925233,0.5994656871903178,0.01939859918870579,0.5747293914118343,0.5770346118459418,-0.029838720796618562,0.5714968252911193,0.6316380270921164,-0.009317330652487544,0.4977939130227105,0.5936285845543716,0.013510289591856583,0.6351648935271572,0.5973981419194692,0.02207094449516752,no,2025-11-18T07:30:03.095328
0.14864402338918725,0.8077532430457365,6.846730933859733e-07,0.20139804698173597,0.7376538182577259,-0.001713728234908692,0.2368120680814732,0.6370238268240802,-0.009783686943567994,0.26646238084502144,0.5708150965344776,-0.023416366227485393,0.3002634086502389,0.5187279252002065,-0.03574849856901127,0.15856247753740887,0.5487285854465414,0.002821139762469324,0.20207819567387553,0.487345096769621,-0.022853316562686098,0.23767463209173392,0.4520777210855369,-0.0396455579425264,0.26788158378337823,0.42427206280679425,-0.049488578878317556,0.1224940171126686,0.5484845716748192,-0.012723166350124791,0.1788684976342434,0.46830802917096914,-0.043553590894775875,0.23123946550060862,0.4459940851594897,-0.05428086175530517,0.2697429398183272,0.432534285165187,-0.055210749413042395,0.09722069094997965,0.5662334161378293,-0.03085178534588098,0.1822760611003294,0.5456742213320103,-0.06534821072318553,0.19416427411416962,0.6202133522857992,-0.06020670783112768,0.18510333320590652,0.6652057369133837,-0.04674985256838469,0.0872245612943614,0.596058088073667,-0.05010540288794283,0.16666321573540266,0.5971438649711887,-0.07195443226290149,0.17462278336074327,0.6546668854985407,-0.06546774583299034,0.16104432880435748,0.68542946908396,-0.05458603355517524,0.0,0.0,0.0,0.0,0.0,0.0,0.0,0.0,0.0,0.0,0.0,0.0,0.0,0.0,0.0,0.0,0.0,0.0,0.0,0.0,0.0,0.0,0.0,0.0,0.0,0.0,0.0,0.0,0.0,0.0,0.0,0.0,0.0,0.0,0.0,0.0,0.0,0.0,0.0,0.0,0.0,0.0,0.0,0.0,0.0,0.0,0.0,0.0,0.0,0.0,0.0,0.0,0.0,0.0,0.0,0.0,0.0,0.0,0.0,0.0,0.0,0.0,0.0,0.4673730307607914,0.3950330090394446,0.00934054124244894,0.5218766677349392,0.4062795903739351,-0.0010624845879394365,0.6045884275332736,0.4122356045833482,0.00021576776681466164,0.657929379871949,0.4045713888188066,0.01203102368058621,0.5621704585393892,0.516582644436216,-0.06859567777528641,0.5610087616021147,0.532570721693024,-0.03245082318538395,0.5626705963743434,0.4996158828027706,-0.07471895697046296,0.563031338087743,0.47602222811766376,-0.07187369968453325,0.5493314870009457,0.4991730058751683,-0.07329603065611699,0.575740156540866,0.5002549807400641,-0.07304724827329506,0.5050468649102335,0.5904633005215848,0.015106059225912462,0.6132376544007692,0.5997936522537588,0.016891427000950032,0.5641363007207182,0.5770419634108401,-0.029471084705548337,0.5608115101225188,0.6321551088791575,-0.008650373951351775,0.4894123674114712,0.5919589396370338,0.017042939080450827,0.6261368576980268,0.5982828934485194,0.01912796972302903,no,2025-11-18T07:30:03.217060
0.14638177715270062,0.8086679766559248,6.745500069897575e-07,0.19950994212003745,0.7385901642481867,-0.0017221120911609191,0.23450187497167532,0.6378555995158609,-0.009374024283248784,0.26368537304732764,0.5723528018778498,-0.022666892867792474,0.29738876413766524,0.5207615627740534,-0.03462713307642916,0.15627868280232718,0.5492963791910136,0.003070564476918773,0.19923799597355352,0.48698763415351015,-0.022376063191549844,0.23536774189244364,0.4525694720578136,-0.03892394979424122,0.26623610238897305,0.4258466822050557,-0.04852514385803257,0.12035590659996681,0.5489707926409222,-0.012237234434037663,0.17642956734911175,0.4691584694366351,-0.043068619505086184,0.22958014787519748,0.4472025663090692,-0.05379005498692077,0.26868055956980813,0.43469432382649,-0.05457198376728551,0.09528711532762807,0.5664648809719756,-0.030099468431874513,0.17995933737484884,0.5455772661244555,-0.06462580476750135,0.1935159479468057,0.6207715087349102,-0.059369925541631,0.1858174533699592,0.6671927372406427,-0.04559634251916243,0.0853460335833055,0.5958681789683978,-0.04912228448742749,0.16447047947786597,0.5975626291542192,-0.0708763652215024,0.1732787685085653,0.6550250871794309,-0.06436350980023083,0.16049659222143076,0.6864249484415924,-0.053316654280973166,0.0,0.0,0.0,0.0,0.0,0.0,0.0,0.0,0.0,0.0,0.0,0.0,0.0,0.0,0.0,0.0,0.0,0.0,0.0,0.0,0.0,0.0,0.0,0.0,0.0,0.0,0.0,0.0,0.0,0.0,0.0,0.0,0.0,0.0,0.0,0.0,0.0,0.0,0.0,0.0,0.0,0.0,0.0,0.0,0.0,0.0,0.0,0.0,0.0,0.0,0.0,0.0,0.0,0.0,0.0,0.0,0.0,0.0,0.0,0.0,0.0,0.0,0.0,0.47656687467242603,0.40019280075385316,0.0007797297047517967,0.5343175703272016,0.4092615379123399,-0.0051671006434718045,0.6164281260915422,0.41479250135974355,0.0030537761633749965,0.669704714979462,0.4118821495066018,0.018974546022424398,0.5812893572966569,0.5257932724820851,-0.06843023755259453,0.5778136304405684,0.539980919156067,-0.032084888814657764,0.582158152229225,0.508957731211566,-0.07475360349977501,0.5820105485280481,0.4847866517880952,-0.07219587145228822,0.5682956282203215,0.5082758468668749,-0.07412636915625026,0.5950666953968978,0.5093780418322056,-0.07228341959377224,0.5142557127094808,0.5938622752703291,0.012135188834128563,0.6252255018715577,0.602638860323733,0.02360364032814416,0.5779579153845442,0.5806968409182954,-0.02785044733760598,0.5736413252535965,0.6351849379291875,-0.008528762173283166,0.49905195835630933,0.5944118199772084,0.013114582511859086,0.6388300748813468,0.5996955434230207,0.026269821962258764,no,2025-11-18T07:30:03.346673
0.14145783167346487,0.8144918774556937,6.430823367289215e-07,0.19488649496720334,0.7451437330564054,-0.0022840148433556683,0.22898070093407602,0.6433444669809072,-0.009039754482040108,0.25650963812040073,0.5770344014558164,-0.021252740590030364,0.2893713275167544,0.5259783334481076,-0.032241296502470866,0.15282954924017572,0.5519319773228628,0.0032443997925875566,0.19349368345306628,0.4894385554648166,-0.021433318455346857,0.22962692961578893,0.45661602281689356,-0.037728833430145395,0.26088463058405864,0.4320629766654246,-0.047092501295724086,0.11655995374630299,0.5522468854733694,-0.011337343334182728,0.17063212276108847,0.4745373868932672,-0.04133126049514544,0.22354163915557054,0.4526780858850949,-0.052102209885938375,0.2623662287862163,0.4404114355090549,-0.05293633108473547,0.09081736626829287,0.5707391400480606,-0.02847117564430058,0.17359147740467523,0.5496145379084192,-0.06288098799461722,0.18934484893525588,0.625221302768334,-0.058040756798263204,0.18350035106413762,0.6728066702579709,-0.04432516544324077,0.08000936627895744,0.601062361779197,-0.04679639048156203,0.15760766744088306,0.6021171898498605,-0.06881379600215058,0.1679097511614024,0.6592140904971404,-0.06267855149318544,0.15688112363108586,0.6913201399980027,-0.05167538561729227,0.0,0.0,0.0,0.0,0.0,0.0,0.0,0.0,0.0,0.0,0.0,0.0,0.0,0.0,0.0,0.0,0.0,0.0,0.0,0.0,0.0,0.0,0.0,0.0,0.0,0.0,0.0,0.0,0.0,0.0,0.0,0.0,0.0,0.0,0.0,0.0,0.0,0.0,0.0,0.0,0.0,0.0,0.0,0.0,0.0,0.0,0.0,0.0,0.0,0.0,0.0,0.0,0.0,0.0,0.0,0.0,0.0,0.0,0.0,0.0,0.0,0.0,0.0,0.5343555925734109,0.4051656591860162,-0.02607890386348256,0.5929671612374381,0.4142469531907891,-0.014250204930879636,0.6617910212252449,0.42094035120286677,0.01950844339455943,0.7004353302547,0.41972952451755263,0.048761160883908125,0.6530208321174141,0.5311422736578821,-0.058773927430844,0.6387749339832542,0.5442068134713136,-0.028673191107198515,0.655128838602024,0.5149118540110107,-0.06367570840400699,0.6525508966128095,0.4919709077765244,-0.06089487424979428,0.6425517650398025,0.5141960284253503,-0.06618468967467989,0.664603933187722,0.515241814657329,-0.05856767799685446,0.569774036746052,0.5987947781819632,-0.010269561878712086,0.6677142171146728,0.6036761501325696,0.035651927729594274,0.6397737200652427,0.5853044191182817,-0.02573589986353041,0.6310226148458076,0.6390366227502993,-0.011641903152877126,0.5505324751307609,0.5975332408163172,-0.012595255045554565,0.6730181620592037,0.6022210021688162,0.04061289995438931,no,2025-11-18T07:30:03.498936
0.13892482509843593,0.8173547434306057,6.538574868276602e-07,0.192944998191228,0.7470981288115279,-0.00233926007707966,0.22692844806320653,0.645405503658758,-0.009830774956409782,0.25403590812765947,0.5782927510933562,-0.02284453178110441,0.28775969940290846,0.5259621176594176,-0.03465323732918496,0.15012242224171948,0.5543034672991267,0.0032341806223048757,0.19104717886232492,0.492242332212961,-0.02198430451220693,0.2276087655896213,0.45944567453443863,-0.03856277392463595,0.25880649085011953,0.43506793335434163,-0.04809763479884395,0.11401093813633127,0.5548813129339809,-0.011603289614878411,0.16907462418381267,0.47485468506765105,-0.04179191916821366,0.22211954340657786,0.45363453106167284,-0.05253049632411371,0.26040491138254906,0.44172071762101306,-0.05337661723363761,0.08849242912036966,0.5736984262538124,-0.029065657438587248,0.172275966768782,0.5514099544057172,-0.06371775024769008,0.1871092968903231,0.6265834225519221,-0.05901710878634245,0.18015204447146854,0.6729619453298674,-0.04550080559781153,0.07830103248611645,0.6045217535805623,-0.04763867970196933,0.156593483087774,0.6048937783069646,-0.0696384696456199,0.16624488424483236,0.6620332654271743,-0.06337837046290322,0.1544005795562694,0.6931404266922692,-0.05239300560607331,0.0,0.0,0.0,0.0,0.0,0.0,0.0,0.0,0.0,0.0,0.0,0.0,0.0,0.0,0.0,0.0,0.0,0.0,0.0,0.0,0.0,0.0,0.0,0.0,0.0,0.0,0.0,0.0,0.0,0.0,0.0,0.0,0.0,0.0,0.0,0.0,0.0,0.0,0.0,0.0,0.0,0.0,0.0,0.0,0.0,0.0,0.0,0.0,0.0,0.0,0.0,0.0,0.0,0.0,0.0,0.0,0.0,0.0,0.0,0.0,0.0,0.0,0.0,0.5762342571440968,0.4087325268967801,-0.03895950960102324,0.6302439613636531,0.4206077936596798,-0.017850284946549916,0.6887957426892674,0.4268680869116293,0.029177352596947453,0.7192608663354646,0.42612769885087837,0.06536447714448207,0.6925856635848759,0.5343922868934095,-0.05153877290116533,0.6737541867143749,0.5479066746914368,-0.026114614922247786,0.6953316340760974,0.5186059890897033,-0.0553377136989546,0.6918234033425681,0.4967059846366295,-0.052171776699472566,0.6841103361026649,0.5175236116419506,-0.05948874606386048,0.7026581091147656,0.5194476013403527,-0.048879042919626074,0.6040193464064733,0.6047926048407222,-0.02496857480301018,0.6884542002321411,0.6108719755656287,0.03854085221397259,0.6767252353625927,0.5909100075156075,-0.025346053792977934,0.6647922608301914,0.6440620855031098,-0.015174216742721217,0.5857997313226284,0.5995519235240033,-0.028829421906899178,0.691561432981201,0.6082115421629757,0.04487534112993418,no,2025-11-18T07:30:03.624850
0.14194662268277053,0.8164159679162458,6.522370357176465e-07,0.19604465844553237,0.7446802759250053,-0.0022238132692751914,0.2301238801986336,0.6429468853018216,-0.010351966243716404,0.2580331803087562,0.5757317363121353,-0.024218969616605444,0.29349442222647865,0.5234676616129119,-0.03707448870751259,0.152820328008906,0.5507605373986478,0.0036387084985799586,0.19437873470675526,0.48991575634123696,-0.022407386091681428,0.23177341144652497,0.45712039834052254,-0.03996519521453336,0.26357596812231776,0.4329542426037608,-0.05022794293192987,0.1172465498887261,0.552272934957057,-0.011663549745213149,0.17351816564949302,0.47223852932429183,-0.04265915579914036,0.22712925248007573,0.4526989910805343,-0.05405227417996114,0.2651299967088069,0.4413368669510705,-0.0552955187612194,0.09188166924468075,0.5721520309484089,-0.029630422607934026,0.1767143936779701,0.5491519245390555,-0.06493765738426298,0.19129655777028437,0.624024999802496,-0.060283930057405385,0.18317382076202135,0.6688597475462966,-0.04673148598338643,0.08162354931362249,0.6038624357140024,-0.04867904020293817,0.16060656130182538,0.6018624179277438,-0.0708988688037994,0.16996179765077082,0.658255609669001,-0.06422998341870748,0.15690214555682885,0.6878072815224041,-0.05294659612900921,0.0,0.0,0.0,0.0,0.0,0.0,0.0,0.0,0.0,0.0,0.0,0.0,0.0,0.0,0.0,0.0,0.0,0.0,0.0,0.0,0.0,0.0,0.0,0.0,0.0,0.0,0.0,0.0,0.0,0.0,0.0,0.0,0.0,0.0,0.0,0.0,0.0,0.0,0.0,0.0,0.0,0.0,0.0,0.0,0.0,0.0,0.0,0.0,0.0,0.0,0.0,0.0,0.0,0.0,0.0,0.0,0.0,0.0,0.0,0.0,0.0,0.0,0.0,0.588204818925442,0.4133657184235182,-0.04812703603000762,0.6441501102594633,0.4264640750143492,-0.0227452011394446,0.7006497369700151,0.43286527984211376,0.0309524572440132,0.7276955519574051,0.43417523643982825,0.07121862327396986,0.7068910681148409,0.5451647587402075,-0.05041614920907609,0.6854913688126623,0.5573883840185394,-0.025397779540937374,0.7104184334435357,0.5294604807451844,-0.05424138048808337,0.7071536383549388,0.5070387003642742,-0.05136667689057643,0.6990370117612781,0.5280580049043035,-0.05915932297058514,0.7173591813674567,0.5304118874182995,-0.04707188750612251,0.6120013309371539,0.6108249773566556,-0.027528416855104543,0.6927120334923829,0.61791458971534,0.044544892830189954,0.6896274520852881,0.5977060446933201,-0.02386935242958099,0.674563001247539,0.6521047570078415,-0.012178817839874335,0.5925226397854597,0.6051459647470023,-0.03218030187449394,0.6963395338772277,0.6151937370467588,0.051479482388812,no,2025-11-18T07:30:03.752073
0.1450069442158741,0.8145715010040977,6.428657649565606e-07,0.19928390027245643,0.7419969987909023,-0.002078986408182861,0.23366186156423685,0.640859895087358,-0.010489386094973647,0.2631215125682041,0.5737754314590614,-0.02471226761654695,0.2988501583483467,0.5204870411126236,-0.03793990850852429,0.1560239986239751,0.5465294271771071,0.003549928777045359,0.19829810464328318,0.48636148768485493,-0.02178870961682603,0.23636807760284012,0.4548525709201392,-0.039304959404361024,0.26859998552791,0.4317635848009496,-0.049799223923822064,0.12074488230758708,0.5485788083293586,-0.011831855018502056,0.17845747605041637,0.47181566983449397,-0.041680317259425836,0.23321537759234806,0.4533209728103935,-0.05279773076499793,0.27217996784636206,0.4435579462528637,-0.0543893981602499,0.09588023607011335,0.5695347847956461,-0.029833205052155032,0.1814606578065258,0.548033549034817,-0.06383164538353012,0.19571766018177686,0.6219548347916136,-0.05894780206388183,0.18772334624736658,0.6662055092540291,-0.045871927867658334,0.08653807766799021,0.6022138750034551,-0.04897850445381932,0.16617521554165976,0.5997370120244034,-0.07054954427710189,0.17512081685469372,0.6562802358457005,-0.06364220546162348,0.16190714946002835,0.6863822140834982,-0.05245024836722467,0.0,0.0,0.0,0.0,0.0,0.0,0.0,0.0,0.0,0.0,0.0,0.0,0.0,0.0,0.0,0.0,0.0,0.0,0.0,0.0,0.0,0.0,0.0,0.0,0.0,0.0,0.0,0.0,0.0,0.0,0.0,0.0,0.0,0.0,0.0,0.0,0.0,0.0,0.0,0.0,0.0,0.0,0.0,0.0,0.0,0.0,0.0,0.0,0.0,0.0,0.0,0.0,0.0,0.0,0.0,0.0,0.0,0.0,0.0,0.0,0.0,0.0,0.0,0.5454130857990094,0.40857037737925483,-0.031672858377254615,0.6055849652363906,0.4243086547480803,-0.018406559135166055,0.6764930479970315,0.4355846732500669,0.018056056880610412,0.7155451612898293,0.43785198699242084,0.04924355282306729,0.6621312838266313,0.5496051881603107,-0.058859340851572114,0.6475143063278704,0.5611395333579178,-0.027946962104102586,0.6651782842953152,0.5336668744363129,-0.06416581143697381,0.6639510195215551,0.5101591585985037,-0.06188116843686727,0.6522811930869074,0.5316167834046054,-0.06694782495174612,0.6749365012462436,0.5349926294143347,-0.05876067576461788,0.5706709778732095,0.6082667584212935,-0.008725081349644948,0.6675335887581391,0.6223721963526498,0.04066253941383803,0.6444191254128375,0.6001289014913287,-0.023933431140816364,0.632388746069021,0.6526433337613365,-0.008036050285003338,0.5540483687094108,0.6027235556271328,-0.011324848528760364,0.6778185894846191,0.6184778871619903,0.04577856013492629,no,2025-11-18T07:30:03.890446
0.14836558921961995,0.8108464783367504,6.398202611621179e-07,0.20245609552244725,0.7378305172940107,-0.0016605839636146434,0.23672160573081075,0.6378618146663291,-0.009682869332962316,0.2657918319285951,0.5715103253448566,-0.023518839527744452,0.30099110776914406,0.5192736242397835,-0.03629544496738165,0.16121646988684335,0.5445574000509559,0.004279110813576157,0.20377890419933095,0.4856843570759938,-0.020964666645311342,0.241745018763769,0.455183381750658,-0.038368433156555776,0.2739060364603585,0.43301543364345574,-0.048759096083114455,0.125523432235985,0.5457878458608463,-0.011108876480194717,0.18264381952621528,0.46900652065867154,-0.04103840323120103,0.2366873998757715,0.45131422216207084,-0.05215724172753738,0.2758894595930419,0.443017049813291,-0.05359884518517599,0.10014462636945495,0.5657228262433431,-0.02908334788329292,0.18527093236214426,0.5458048053802167,-0.06296650103434585,0.1980030524696192,0.6193656803829437,-0.05813887366506432,0.18972203517660077,0.6638099768502964,-0.045022500445608,0.09011010888995671,0.5975765067079654,-0.04819165948267844,0.16919743970003673,0.5965291081049446,-0.06967286595816917,0.17781767310105673,0.6522718451414782,-0.06293456152814736,0.16515213157043396,0.6818866033624735,-0.05180940467448758,0.0,0.0,0.0,0.0,0.0,0.0,0.0,0.0,0.0,0.0,0.0,0.0,0.0,0.0,0.0,0.0,0.0,0.0,0.0,0.0,0.0,0.0,0.0,0.0,0.0,0.0,0.0,0.0,0.0,0.0,0.0,0.0,0.0,0.0,0.0,0.0,0.0,0.0,0.0,0.0,0.0,0.0,0.0,0.0,0.0,0.0,0.0,0.0,0.0,0.0,0.0,0.0,0.0,0.0,0.0,0.0,0.0,0.0,0.0,0.0,0.0,0.0,0.0,0.511670504500762,0.4024481616167209,-0.014064921753149037,0.5703895022905892,0.4185118660741439,-0.011746755512131873,0.6481103595717121,0.43294200746434314,0.008420582313199702,0.6947564997885913,0.434447016173632,0.03058570494338899,0.616865473065278,0.5458863662626199,-0.06446291879071145,0.6083993727073922,0.5583511935855445,-0.030025281973610627,0.6192624495664809,0.529539478554216,-0.07051507542411625,0.619624634621541,0.5054555355961726,-0.06828697708838298,0.6057623764621243,0.5271435560108506,-0.07133343800740344,0.6310269077924638,0.5312881738571003,-0.06681604086187361,0.5376042801353352,0.6030443546668846,0.004502441378815031,0.6421318413570664,0.62127121599325,0.03200346382273656,0.6043526489014108,0.5970676007319314,-0.025487619455772714,0.5953547832002972,0.6505655402384412,-0.006742215617920833,0.5217617945756146,0.6006469512297041,0.004037400933078085,0.6548306311547394,0.6203962893527847,0.03575783439882539,no,2025-11-18T07:30:04.016687
0.14747922233655558,0.8090276870100195,6.344395464268134e-07,0.20159877524068148,0.7351624059687064,-8.908616332185305e-05,0.23636489394940882,0.6351339650991252,-0.007523198276352426,0.2656608514577668,0.5694969050449411,-0.020957109356710513,0.30037362364298725,0.5177557992033268,-0.03333336733382568,0.15991921836284,0.543222758920589,0.004977918812105147,0.2041860131023968,0.48515764971032965,-0.020296923538338653,0.2425666271663846,0.45529991135720155,-0.03763881856647426,0.2751063924252781,0.4341345865002252,-0.04797458684298889,0.1242882865871335,0.5444079512411989,-0.011232418610916927,0.18232875499893222,0.4668102920800148,-0.041481629917173315,0.23638130373341415,0.45010394421473293,-0.05265519389292919,0.2756247239028137,0.4432867835879428,-0.05402699568934016,0.09942139768122558,0.5639006809000682,-0.029823573773835543,0.18553133907202138,0.5423694584876853,-0.06369594748668206,0.19812751501626177,0.6156101168028,-0.058685012280210724,0.18950706911437004,0.660686146157158,-0.04549854702758973,0.09024604814142954,0.5957178214062746,-0.049397982822041046,0.17017934449000632,0.5942239074994328,-0.07096207429526005,0.17920266867380794,0.6505443941550592,-0.06406997464963848,0.16675381315402954,0.6815350303685231,-0.0528244528339889,0.0,0.0,0.0,0.0,0.0,0.0,0.0,0.0,0.0,0.0,0.0,0.0,0.0,0.0,0.0,0.0,0.0,0.0,0.0,0.0,0.0,0.0,0.0,0.0,0.0,0.0,0.0,0.0,0.0,0.0,0.0,0.0,0.0,0.0,0.0,0.0,0.0,0.0,0.0,0.0,0.0,0.0,0.0,0.0,0.0,0.0,0.0,0.0,0.0,0.0,0.0,0.0,0.0,0.0,0.0,0.0,0.0,0.0,0.0,0.0,0.0,0.0,0.0,0.48541884347314407,0.3984373431279253,-0.0007117286965453648,0.5412832165974888,0.41505151914623334,-0.0065044931553669885,0.6218828110209788,0.42713435216852713,0.00141830738266799,0.6726660688029871,0.42593504282535666,0.016654043860845413,0.580879994766663,0.5378147506190266,-0.06649022363252118,0.5766629782371647,0.5516488724542408,-0.03071767326093232,0.5825099312384712,0.5210449758837059,-0.0728199117376414,0.5835033158650003,0.49678376910366645,-0.07060444324013151,0.56921461923654,0.5189793796003502,-0.07219962023117593,0.5950325946165993,0.5227493778182901,-0.0704546466411495,0.5134834089981029,0.5976894019790568,0.013541780234566855,0.6197737635053764,0.6164645667463962,0.024371121832795054,0.5744134167072514,0.5907092423463276,-0.02635632502094809,0.5675857601876425,0.6458271321873968,-0.00568116102152858,0.49817259097524624,0.5983274769938651,0.014580338374759333,0.6329956633537827,0.6170833573362282,0.02707026821080815,no,2025-11-18T07:30:04.141095
0.14461602326191716,0.8111390845461932,6.16377819104497e-07,0.19903614215696946,0.7381066823010647,-9.364233867305722e-05,0.2328765207709767,0.6373180365981008,-0.006706043677201639,0.2615528252020737,0.5720224257490178,-0.019253125799094238,0.29594746722463083,0.5215692483927858,-0.030756128319112584,0.15578313973619143,0.5446589756764963,0.005373832595084651,0.19960464078181211,0.48634268889553955,-0.01879781656975126,0.23805845374947496,0.4579366283899732,-0.035797250317768724,0.271057139894356,0.4378418246145535,-0.04606124031470962,0.1207755671543551,0.5461395618346649,-0.010313150774323144,0.17893539832914368,0.4723943502083271,-0.039206136469616855,0.23317267570188926,0.4554775981468715,-0.050297439067469654,0.27252759122424924,0.4477876460015825,-0.05211014528605726,0.09637293633579674,0.5660989143254613,-0.02831229218380374,0.18148194552601998,0.545144365932075,-0.0607726549896217,0.19559078261169993,0.6179768711741509,-0.05563940858804428,0.18813529706176266,0.6633072549786034,-0.04284524213278386,0.08704192020938284,0.5984345246786622,-0.0473581143548987,0.16547181818626064,0.5961087896967532,-0.06808104509888964,0.17561078459372848,0.651712531397598,-0.06101230692301718,0.16438941634025558,0.6829804306047937,-0.0498579648964895,0.0,0.0,0.0,0.0,0.0,0.0,0.0,0.0,0.0,0.0,0.0,0.0,0.0,0.0,0.0,0.0,0.0,0.0,0.0,0.0,0.0,0.0,0.0,0.0,0.0,0.0,0.0,0.0,0.0,0.0,0.0,0.0,0.0,0.0,0.0,0.0,0.0,0.0,0.0,0.0,0.0,0.0,0.0,0.0,0.0,0.0,0.0,0.0,0.0,0.0,0.0,0.0,0.0,0.0,0.0,0.0,0.0,0.0,0.0,0.0,0.0,0.0,0.0,0.4820511426752546,0.4003740658796823,-0.0019001729641211045,0.5388267171988146,0.4151317324592022,-0.007100799281540916,0.6203082575555485,0.4229316797063186,0.0024438530467723466,0.6718559244924359,0.4184190099075514,0.01902312479546301,0.5845372719251863,0.5336821448541147,-0.06741404067787862,0.5802857680645053,0.5481610384381189,-0.03127941420126217,0.585794983462482,0.5168679090176739,-0.07378459388981298,0.5860298921758931,0.4926602125032645,-0.07144765167830665,0.5721586530592795,0.5154960796565136,-0.07332012798596646,0.5984039415992237,0.5180032320476491,-0.07120426594919681,0.5173196514003728,0.599984830555721,0.011774427168663108,0.6242066115576809,0.6129003522590013,0.024799496312472774,0.5801740874467959,0.5895878837120737,-0.027303993004341442,0.5746737985966288,0.645623394708887,-0.006156879336430598,0.5008677293083477,0.6006555652696224,0.012833536658925601,0.6369157424911767,0.6122676663409199,0.02778782656641787,no,2025-11-18T07:30:04.291206
0.1440920832552376,0.8114941903195901,6.348339316939957e-07,0.19797668900412865,0.7386190664770704,-0.0008631712154161344,0.23206133962581046,0.6395716476649714,-0.008555216514404003,0.26036296021418076,0.5739677486907016,-0.02213100549449255,0.2945541167938874,0.5223106127751893,-0.03468880677620974,0.15489678485728103,0.5474500143904485,0.0043964970682360445,0.19873665788766356,0.48907774214807953,-0.02090590812769818,0.23733260033073877,0.4605000385287497,-0.03851575630269273,0.2703236545428582,0.44015493587829113,-0.049027640461557845,0.119702228238318,0.5489263950301865,-0.011345561744463046,0.1780007653777028,0.4722940638847574,-0.041345970930941084,0.2322392939194604,0.4564429237625379,-0.052716271936350374,0.27144936513688966,0.44967395243346947,-0.054361515887247455,0.09515718577682705,0.5687042106093096,-0.02946624450900516,0.18046029806704136,0.5469083123929936,-0.06305195270938757,0.19363003395454687,0.6205519274083645,-0.05782890322786194,0.18540497171966308,0.6656313863737316,-0.04457209652167605,0.08561408062003795,0.6007603789088501,-0.04862572070613015,0.16394409345458816,0.5975593305898012,-0.06986578998356499,0.17383633747871086,0.6534124585737074,-0.06241474753337367,0.16228950756950372,0.6841324629792462,-0.0507449145283944,0.0,0.0,0.0,0.0,0.0,0.0,0.0,0.0,0.0,0.0,0.0,0.0,0.0,0.0,0.0,0.0,0.0,0.0,0.0,0.0,0.0,0.0,0.0,0.0,0.0,0.0,0.0,0.0,0.0,0.0,0.0,0.0,0.0,0.0,0.0,0.0,0.0,0.0,0.0,0.0,0.0,0.0,0.0,0.0,0.0,0.0,0.0,0.0,0.0,0.0,0.0,0.0,0.0,0.0,0.0,0.0,0.0,0.0,0.0,0.0,0.0,0.0,0.0,0.4816758079442252,0.40244517278855024,-0.00287846565917641,0.5396443969313928,0.4154298825240805,-0.007181509478213095,0.6209296471951327,0.42035493682848585,0.004181168148307733,0.6726095368292715,0.4130968632616141,0.022053371517015658,0.5888724348288652,0.5308654790985814,-0.0678363679911362,0.5845903358621629,0.5461301846701092,-0.03170070017600188,0.5899240365405825,0.5139229164438803,-0.07409978864078738,0.5896306658831736,0.4897846817902675,-0.07152966215907672,0.5761994513465343,0.5132135771379034,-0.0738193951358856,0.6024682576495874,0.5146169696081141,-0.07129685133549929,0.522558436768912,0.6034475296424846,0.009156477826012057,0.6288767203906569,0.6113383649684594,0.024421119319664217,0.5857902760117586,0.5891215287453038,-0.028440168709943453,0.5810933246790212,0.649807278742917,-0.007216209475345398,0.5058742190014028,0.6045151698628233,0.0101909742506806,0.6410355563633099,0.6100990142827494,0.027744846224049657,no,2025-11-18T07:30:04.424124
0.14478968842813683,0.8128732238333485,6.28469156074199e-07,0.1992636002417532,0.7398439830542853,-0.0017880860414659684,0.23319118380998316,0.640213569413159,-0.010001993172285648,0.2616931385371899,0.573724982047606,-0.023952365017780315,0.296224461231836,0.5210213652140412,-0.036971916752062274,0.15415173969436088,0.5468981009910006,0.003376723747355129,0.198461341455562,0.48915038766892655,-0.02208708688868725,0.2377352207777046,0.46088685436264143,-0.039981109288145224,0.27112577385231595,0.440878404161222,-0.0507937446681826,0.11942276399837615,0.5490240066505303,-0.01208183223465661,0.1793186378153277,0.4741631306800954,-0.042013219670597304,0.2342505543760739,0.4586646712909827,-0.05357608664008642,0.2733975539196869,0.45169389335960275,-0.05556128231071777,0.0956227566221343,0.5697439128608072,-0.02999654650945644,0.18170445114657685,0.5480306711558321,-0.0639327050693983,0.19552186589666506,0.6217114843531386,-0.05914555864026955,0.18760733330293533,0.6663539870253667,-0.04623370069018029,0.08723213294755788,0.6025683772920258,-0.048978864235950055,0.1658689295593444,0.5983582425749452,-0.07063882275119145,0.17581235714343868,0.6550422595316809,-0.06335901322820417,0.16414336481771466,0.6863896281723624,-0.05182071639431748,0.0,0.0,0.0,0.0,0.0,0.0,0.0,0.0,0.0,0.0,0.0,0.0,0.0,0.0,0.0,0.0,0.0,0.0,0.0,0.0,0.0,0.0,0.0,0.0,0.0,0.0,0.0,0.0,0.0,0.0,0.0,0.0,0.0,0.0,0.0,0.0,0.0,0.0,0.0,0.0,0.0,0.0,0.0,0.0,0.0,0.0,0.0,0.0,0.0,0.0,0.0,0.0,0.0,0.0,0.0,0.0,0.0,0.0,0.0,0.0,0.0,0.0,0.0,0.47522434806390945,0.40203938162418695,-0.0005522980202014747,0.533133912399641,0.4134125522363521,-0.006298221455053341,0.6151670459448259,0.41600045775883976,0.002718633966992911,0.6675471509410335,0.40751946878023637,0.019166377074099163,0.5819762061706124,0.5266136768394823,-0.0691388219130867,0.5787288050732629,0.542455854187319,-0.032669879323363946,0.582736998338498,0.5095515780606548,-0.07535530729832757,0.5824156415982793,0.48553301095624524,-0.07264858759790231,0.5690576927161901,0.5092363070778628,-0.0748025979752571,0.5955059853711957,0.5099451558703412,-0.07280626296924234,0.5193327595679277,0.6063762172901144,0.010909346492177686,0.6246794633676307,0.61185460681208,0.0230309344839388,0.580986052493718,0.5847618322971514,-0.029786081344579537,0.5768066413491388,0.6589842460704484,-0.004539694601867092,0.5028060090845179,0.606408941151657,0.012411327697459059,0.6373679039712973,0.6086086912157765,0.026322785667707488,no,2025-11-18T07:30:04.553048
0.1480009742776022,0.8126613991519342,6.261067630030774e-07,0.20184399074892836,0.738246509730878,-0.0016152880935150237,0.2353532570623097,0.6401518386654723,-0.010113442499398039,0.2634477111982214,0.5740798398378136,-0.02447553821993304,0.2977026185563248,0.5215107198003189,-0.03796199957380793,0.15637186269843778,0.5467245450710008,0.004230445025316072,0.20213645080476159,0.49025907249466527,-0.022211616375812114,0.24250506311044806,0.463334003305512,-0.04094139915546234,0.27625260266922286,0.44474365461910126,-0.05209048653384887,0.12189582010858596,0.5491627260673458,-0.01150269880001535,0.18295063881437543,0.4733605463104304,-0.04261974576917469,0.2382554903294783,0.46030808275395085,-0.05475060129152072,0.2769846265310715,0.4554911260239786,-0.05658636643182907,0.09820774994388157,0.569933375440566,-0.029748262168264292,0.1852155648186078,0.5482997579755295,-0.06463112465779752,0.19887217363331866,0.6225664574704536,-0.060011126108421936,0.19000673306010185,0.6665909520621829,-0.04670108580465626,0.08978532885318682,0.6027180797039811,-0.04899670696917799,0.1688293698103996,0.598054244549878,-0.07072071097142854,0.1781845209379379,0.6546002470639667,-0.06305803657997962,0.16532905210595128,0.6848998085262599,-0.05103521167404072,0.0,0.0,0.0,0.0,0.0,0.0,0.0,0.0,0.0,0.0,0.0,0.0,0.0,0.0,0.0,0.0,0.0,0.0,0.0,0.0,0.0,0.0,0.0,0.0,0.0,0.0,0.0,0.0,0.0,0.0,0.0,0.0,0.0,0.0,0.0,0.0,0.0,0.0,0.0,0.0,0.0,0.0,0.0,0.0,0.0,0.0,0.0,0.0,0.0,0.0,0.0,0.0,0.0,0.0,0.0,0.0,0.0,0.0,0.0,0.0,0.0,0.0,0.0,0.4590896527745542,0.3992993845348184,0.009329684319159611,0.5151585580484228,0.40971723753155953,-0.0009390715477545319,0.5989005984633644,0.41209146487471254,0.0006514569951721113,0.6533654851175046,0.4019538954475904,0.012647220249760439,0.5588053619201451,0.5199606241253076,-0.06996271980468598,0.5579905858080395,0.5365207802106486,-0.03373965053564342,0.5590364781712479,0.5025430437405248,-0.07591363466651493,0.5590618258974825,0.478483846781948,-0.07277559999301816,0.5457977004993304,0.5025347625877747,-0.07451479415869865,0.5720493956168112,0.5028203436192984,-0.07419557571374714,0.5037243629439827,0.6028659574609752,0.014169878140631538,0.6092542495633014,0.6092305451357763,0.016175750457313353,0.5615630297563805,0.578133927852067,-0.03160010339354221,0.5586541477486203,0.658652634528907,-0.006273196992562955,0.4889369911107099,0.6033732232461166,0.016403095629127423,0.6230006514905009,0.6048730454446192,0.018742903087104343,no,2025-11-18T07:30:04.691260
0.1477427725096278,0.8128744312654202,6.137806468137004e-07,0.20215304139544882,0.737631772607596,-0.000830059604153528,0.23556885659807608,0.638997127714389,-0.008673207227244399,0.2633625911318713,0.5731824181736829,-0.022451361199679137,0.29750614271417464,0.5216182170035073,-0.03529355054025899,0.15621679326337676,0.5468274886953209,0.0051303113614277005,0.20376722206547437,0.49084810481079394,-0.020954004247371465,0.2443655677109247,0.46483307044509914,-0.039532741814059295,0.2781893338425079,0.44729749435705124,-0.050691821623548086,0.12206202383216888,0.5488921008819547,-0.0107884475916862,0.1835609714605439,0.4738972822227506,-0.041926404256657654,0.2390004120601287,0.4615642765435251,-0.05418001045279867,0.2780197682378029,0.4577190580185506,-0.05612595579868393,0.0988133403266218,0.5689531667642436,-0.0291289162269711,0.1860721867538626,0.5475506327242607,-0.0636819664748548,0.19976992647158182,0.621507344583768,-0.059148596603400536,0.1907920465470454,0.6661053415057924,-0.046052271991349814,0.0905205936968609,0.6008728566854866,-0.04843923147352351,0.16973146213450888,0.5972239446798004,-0.06994834597829659,0.1790974198470207,0.653632245619462,-0.0625353507768577,0.16624149585535525,0.684407443583122,-0.05081893935385653,0.0,0.0,0.0,0.0,0.0,0.0,0.0,0.0,0.0,0.0,0.0,0.0,0.0,0.0,0.0,0.0,0.0,0.0,0.0,0.0,0.0,0.0,0.0,0.0,0.0,0.0,0.0,0.0,0.0,0.0,0.0,0.0,0.0,0.0,0.0,0.0,0.0,0.0,0.0,0.0,0.0,0.0,0.0,0.0,0.0,0.0,0.0,0.0,0.0,0.0,0.0,0.0,0.0,0.0,0.0,0.0,0.0,0.0,0.0,0.0,0.0,0.0,0.0,0.451801263331285,0.39748776027583205,0.012732452833186202,0.5064186275788226,0.4072867063579047,0.0009141738309746356,0.5909219891711811,0.409554526745065,-0.00023885694227476512,0.644976910077368,0.39903355616228703,0.01001373158744886,0.5484896975425615,0.515978297664079,-0.06978057062955781,0.5485620374699836,0.5329003339434438,-0.03372440203431265,0.5484905763315651,0.4985363392273257,-0.07564367938474444,0.5485659840833086,0.47459098249589343,-0.07241833092607451,0.5354074213975839,0.4986631053520386,-0.07394988974320965,0.5615586719790904,0.4987721298365352,-0.07423124313336282,0.4970405531398533,0.6000813659241674,0.015205142461033275,0.6018185956430857,0.606962515400072,0.013606212009025958,0.5533456578206188,0.5743547613770528,-0.031940058179372274,0.551170268835858,0.6562948083418766,-0.006699568350383016,0.4826343062595862,0.601481434554348,0.017770356414870223,0.6155795305429952,0.6025044839382825,0.015952841820103418,no,2025-11-18T07:30:04.819129
0.14614557942250037,0.8133602712815138,6.109568837816995e-07,0.20020703198159892,0.7389357560128129,-0.0006613738489768128,0.23385992914494716,0.6397110472632614,-0.008494070893205415,0.2616338305991617,0.5738792490095557,-0.02220962826433885,0.29541468076832694,0.5220453589022969,-0.03492483931245928,0.15507188836953095,0.5481878189021039,0.004612884195012647,0.2033046096060404,0.4922752284288803,-0.021443317989202397,0.24350614584829836,0.4667059727549745,-0.03983147922118618,0.277324156247731,0.44970623192450493,-0.0508303684238117,0.12072586087076202,0.5500887434837325,-0.011370049042266583,0.18205946139584125,0.4753262569208159,-0.04270747759393647,0.23690151534145426,0.46269776122136275,-0.05499792622771445,0.27593605828271983,0.45936310302298533,-0.0569132706862978,0.09729775054279699,0.5698280385937612,-0.029677496124380802,0.1844522362578479,0.547822989110696,-0.06399507021467082,0.19786985834592122,0.6208897818824144,-0.059471598828200016,0.18894083428388342,0.6657755432485475,-0.046521087422657786,0.08895326935948353,0.6015607626780705,-0.04894635302738256,0.16856593347270715,0.5984651184161026,-0.07036323873164096,0.1780246152823017,0.6547495534814229,-0.06311573721823423,0.16540210646773576,0.6862019155324057,-0.051563866732434974,0.0,0.0,0.0,0.0,0.0,0.0,0.0,0.0,0.0,0.0,0.0,0.0,0.0,0.0,0.0,0.0,0.0,0.0,0.0,0.0,0.0,0.0,0.0,0.0,0.0,0.0,0.0,0.0,0.0,0.0,0.0,0.0,0.0,0.0,0.0,0.0,0.0,0.0,0.0,0.0,0.0,0.0,0.0,0.0,0.0,0.0,0.0,0.0,0.0,0.0,0.0,0.0,0.0,0.0,0.0,0.0,0.0,0.0,0.0,0.0,0.0,0.0,0.0,0.45494289350455547,0.3993199918122248,0.009535843799402621,0.5108461887035807,0.4067442132978183,-0.0007068945901823356,0.5938486114583781,0.40720679637729323,0.0008189543435009341,0.647624967556613,0.39666398355313603,0.012737470874448192,0.5560953953697152,0.5118293568856284,-0.06930990386174164,0.5555457708845737,0.5291893484902765,-0.03350923813582965,0.55604394892094,0.49459693870145427,-0.07514393994428528,0.555702239430494,0.47124260440426535,-0.07195861951429344,0.5430252837178197,0.4950639793193909,-0.07376239891046324,0.5688523690839513,0.49465032687925087,-0.07343916147938206,0.5036026454206346,0.5985483137871264,0.013418585248426403,0.6078132561421605,0.6029539175263147,0.015399353997922614,0.5606951005434576,0.5716783968285105,-0.0319447314032285,0.5588449732374328,0.6524823832282503,-0.006123396912847148,0.48883098379156675,0.5996581896396923,0.015723017468132476,0.6207910999387034,0.5975098868608801,0.018009165056935197,no,2025-11-18T07:30:04.941750
0.1474882201378478,0.8133852469059394,6.153767959803049e-07,0.20164274037701468,0.7398177024349648,-0.001112151198529761,0.23528051510481457,0.6403564935184105,-0.009205158880937701,0.26374780502526596,0.5738455092475147,-0.02319906594367379,0.2981154891497274,0.5213089808255839,-0.0362348298850781,0.15647933830927338,0.5470893814053976,0.005120092858305969,0.20495861319173023,0.491976450049897,-0.02104499254857106,0.24574342984629882,0.46614229421020514,-0.039732300281326544,0.27976603124695815,0.4489417996866558,-0.050948521357949625,0.12244982926889428,0.549280305760955,-0.010691176726302492,0.1848486113155392,0.47547783800458976,-0.04194885720040299,0.24032274316581761,0.46289230235598167,-0.054357071232033684,0.27916816925995885,0.4592031837060117,-0.05635127382190485,0.09920920438082881,0.5698229100210628,-0.028975119264957296,0.18678501276317078,0.548219937624806,-0.06361031877776083,0.20062004337784417,0.6215655500541375,-0.05932176439184125,0.1916972380280768,0.6657978921114869,-0.046365202061677366,0.09121244665832033,0.6021545485429385,-0.04823898821033988,0.17153803485969418,0.5991451013127724,-0.06986147179187258,0.18024080019915334,0.6554735506970103,-0.06273149270741804,0.16656349203181864,0.6860077308565654,-0.05118291839853751,0.0,0.0,0.0,0.0,0.0,0.0,0.0,0.0,0.0,0.0,0.0,0.0,0.0,0.0,0.0,0.0,0.0,0.0,0.0,0.0,0.0,0.0,0.0,0.0,0.0,0.0,0.0,0.0,0.0,0.0,0.0,0.0,0.0,0.0,0.0,0.0,0.0,0.0,0.0,0.0,0.0,0.0,0.0,0.0,0.0,0.0,0.0,0.0,0.0,0.0,0.0,0.0,0.0,0.0,0.0,0.0,0.0,0.0,0.0,0.0,0.0,0.0,0.0,0.4463696835038341,0.39975369738793154,0.016175106314266875,0.5004066184358815,0.40566031704090744,0.0029385533246034227,0.5836659200709249,0.4050150775757392,-0.0004018830225973318,0.638046561708757,0.39422864709768923,0.00871583642897982,0.5420487393356297,0.5082148812893412,-0.06944723361813049,0.5429865239863695,0.5255565644657804,-0.03395155001283441,0.5416144560736291,0.4909470133046227,-0.07514830266047424,0.5414123088898991,0.46776346750536296,-0.0717503257886504,0.5288806104181749,0.4915887360233353,-0.07321974483725448,0.5545247813532702,0.49085747833620896,-0.07398519441480852,0.4935889798520028,0.5935169561756372,0.01591880721978138,0.599179008184682,0.5972078476066938,0.011314437934267856,0.5474650505769045,0.5679148717560063,-0.03249850038629615,0.5472992904936859,0.6417695844058732,-0.008915395648347431,0.4798989892769937,0.5942778579519414,0.018457623876173248,0.6129737608000402,0.5917963812947437,0.013212770566786948,no,2025-11-18T07:30:05.093989
0.14978487720215983,0.8131201558874332,6.164343654490424e-07,0.20371069938352993,0.7395011006109455,-0.001360689118259182,0.23730363763882925,0.6411478581655315,-0.009650286793256108,0.26560325605972923,0.5746691542647944,-0.0238364065910953,0.29976674778493145,0.5218285731688344,-0.0370824990482691,0.15909706528043016,0.5478246427519542,0.005051600907336373,0.20628406627708995,0.49237974492908515,-0.021497522799842572,0.24717720905280716,0.46653798093498233,-0.04037311886241067,0.2812379043010761,0.44945486023341885,-0.05159022018918199,0.12517444744132045,0.5498683552234646,-0.010691995080004627,0.18673967806520597,0.47427972827601467,-0.04233526366067875,0.2421994677724077,0.46240844253789226,-0.054783169558263276,0.2808254413604405,0.45941305163274526,-0.05659309380606542,0.10189428183690641,0.5699113322249632,-0.0289677890996322,0.18904417767198303,0.547658929498133,-0.06421871656070201,0.202707366695388,0.6216392961566769,-0.05998541950294463,0.19347980526091035,0.6660044207662079,-0.046765009235513404,0.09374584390148874,0.6017894126858522,-0.04819941110391395,0.17380145678092895,0.5981344515104969,-0.07005503780633668,0.18236922731858607,0.6546962065199224,-0.0628052034424179,0.1684129739860326,0.6852249168828268,-0.05104052655347102,0.0,0.0,0.0,0.0,0.0,0.0,0.0,0.0,0.0,0.0,0.0,0.0,0.0,0.0,0.0,0.0,0.0,0.0,0.0,0.0,0.0,0.0,0.0,0.0,0.0,0.0,0.0,0.0,0.0,0.0,0.0,0.0,0.0,0.0,0.0,0.0,0.0,0.0,0.0,0.0,0.0,0.0,0.0,0.0,0.0,0.0,0.0,0.0,0.0,0.0,0.0,0.0,0.0,0.0,0.0,0.0,0.0,0.0,0.0,0.0,0.0,0.0,0.0,0.44216062414632623,0.4006553628407706,0.019443536250514364,0.4945009775557627,0.40485770289968803,0.0046309938685414114,0.5763440195580912,0.40326948284342684,-0.0012375364823817704,0.6318688387824638,0.3924566854758771,0.006409785293479654,0.5341447824943529,0.5075547646822225,-0.06894809347432365,0.5358250498178154,0.5248402655798292,-0.0336610391914882,0.5334509229144391,0.4902479525436917,-0.07461135628128501,0.5331909135372805,0.4669522861017721,-0.07118236538250917,0.5207898092030755,0.4910555007288002,-0.07239917217491576,0.5464632521306452,0.48995409724896843,-0.07373000197110284,0.48772726744999584,0.5911119035905956,0.01681768945421671,0.5948191178733163,0.5938782410679038,0.008855764626094866,0.5403908910149232,0.5676698825676089,-0.03231195131412071,0.5413794938701186,0.6361978334131111,-0.010407788299554136,0.4749921858692708,0.5930341478251528,0.019604598510781404,0.6077294405482592,0.5891044353544794,0.010504794478637787,no,2025-11-18T07:30:05.232353
0.14976511860949132,0.8142420795344454,6.179307104375504e-07,0.20360017284955229,0.7398156433459391,-0.0009348511536310267,0.23759926516569757,0.6414622993582633,-0.009242987513315828,0.266209980762523,0.5752974906455808,-0.023507223786194013,0.30038416317717187,0.5224487986274164,-0.03678923573650733,0.15812378612684838,0.5488729882708898,0.004872171987017343,0.2062395390060262,0.4927244882196238,-0.02157376955383669,0.2469602130817205,0.46691475744098665,-0.04036224739993626,0.2810111215068842,0.44978434659200545,-0.051536914485736704,0.12445726968060972,0.5506966759904859,-0.011163833224868027,0.1859601114592082,0.47495294945561906,-0.04249807410991663,0.24094943809219369,0.4628161883557381,-0.05490036327670835,0.2795470979213549,0.45991432668154597,-0.056860918071646144,0.10169962050147818,0.5704897499557128,-0.029626859680324046,0.18911599374846327,0.5482267187392398,-0.06438787367885335,0.20264165925501976,0.622096679976837,-0.060068438644752344,0.19315208448470322,0.6669233746573197,-0.047020691594070296,0.0939980416666734,0.6022071827394868,-0.04901776816437134,0.17369659487987488,0.5986675885329584,-0.07050895321861138,0.18303300942412076,0.6553197107066318,-0.0630298506938633,0.16984058444994837,0.6866351496912608,-0.05119390603129026,0.0,0.0,0.0,0.0,0.0,0.0,0.0,0.0,0.0,0.0,0.0,0.0,0.0,0.0,0.0,0.0,0.0,0.0,0.0,0.0,0.0,0.0,0.0,0.0,0.0,0.0,0.0,0.0,0.0,0.0,0.0,0.0,0.0,0.0,0.0,0.0,0.0,0.0,0.0,0.0,0.0,0.0,0.0,0.0,0.0,0.0,0.0,0.0,0.0,0.0,0.0,0.0,0.0,0.0,0.0,0.0,0.0,0.0,0.0,0.0,0.0,0.0,0.0,0.4515312998890201,0.4005870987158412,0.012740989019459772,0.5059738371570165,0.4040751794222561,0.001637224540272947,0.5882615180741049,0.4006732320747515,0.0017063730955779804,0.6411654648757747,0.39062796780088105,0.012799993414650308,0.5524374065155022,0.5090236341626292,-0.0690754631759798,0.5524486481846645,0.5254086703398871,-0.033378605553509674,0.5518915164212851,0.4918395219261427,-0.07492039622020946,0.5510429479376161,0.46835705237457836,-0.07166781408826348,0.5387142634272213,0.4927227706824314,-0.07336650192140792,0.5649493937807767,0.49121146558615414,-0.07336453478782232,0.5003866468399272,0.5902236725899755,0.013443369208851929,0.6076469666209843,0.5912698962717143,0.013876924692903542,0.5569719881710358,0.5676055025020661,-0.031179129863634317,0.5564644547292488,0.6306374213070804,-0.011391064893719329,0.48582275213721104,0.5929064748715913,0.01548861822288209,0.6212900308858544,0.5860358583480161,0.015974640466383503,no,2025-11-18T07:30:05.373968
0.1506668327503519,0.8146350158643296,6.103287268096988e-07,0.20435758166117293,0.7397231414495046,-0.000611182070159485,0.2381511835195477,0.6416014001426174,-0.008550095964109973,0.26660598363306204,0.5751972575431731,-0.02256627443496331,0.30073569681056317,0.5229449672553739,-0.03563699362952419,0.1601071630295497,0.5484356785054858,0.005600160377184723,0.20698820929659983,0.49192515514344226,-0.020589816696612293,0.2473004561149493,0.46619459209367753,-0.03917038307709006,0.2810435975767148,0.44906142759898127,-0.05011634741129677,0.12607174355393172,0.5502513075940131,-0.010424064774858577,0.18637350074455772,0.47433499165934334,-0.04133093897778031,0.24067715608928686,0.46207206429066966,-0.05348591702198398,0.2793436361551202,0.4593793749878067,-0.055218827856967176,0.10261394084308528,0.5699314403770264,-0.028915511608376725,0.18991519886769706,0.5490686320441804,-0.06338326303633562,0.2027772259092291,0.6227668038861236,-0.059287795273237145,0.1933676672652398,0.6675996933005683,-0.04629025382826035,0.09408125873264014,0.6016144747010422,-0.048326918760883256,0.17394440742624268,0.5983562900130918,-0.06946861559398587,0.18284209323640196,0.6543532709951005,-0.06215296818431301,0.16965003820905164,0.6854239171613042,-0.05040778500946341,0.0,0.0,0.0,0.0,0.0,0.0,0.0,0.0,0.0,0.0,0.0,0.0,0.0,0.0,0.0,0.0,0.0,0.0,0.0,0.0,0.0,0.0,0.0,0.0,0.0,0.0,0.0,0.0,0.0,0.0,0.0,0.0,0.0,0.0,0.0,0.0,0.0,0.0,0.0,0.0,0.0,0.0,0.0,0.0,0.0,0.0,0.0,0.0,0.0,0.0,0.0,0.0,0.0,0.0,0.0,0.0,0.0,0.0,0.0,0.0,0.0,0.0,0.0,0.4543581649362703,0.398649611531764,0.011296080327275538,0.5091160343984393,0.4024088402213438,0.0005101715629781762,0.5920194254284251,0.40047138511944513,0.0011465043225653594,0.6451057343471434,0.38978862140883286,0.012589954434071952,0.5555123894092556,0.5095262962416234,-0.06974469396482286,0.5552344709486403,0.5255580172111118,-0.0334330055907378,0.5551196986307934,0.49237776984845494,-0.07579318568682783,0.5543865431197328,0.4687100032809858,-0.07272218233962773,0.5417489576279936,0.49312011456065236,-0.07429079785644638,0.5683223011651382,0.491771813029512,-0.07416689088567523,0.5010781841739766,0.5888204885529071,0.014574604004164276,0.6100274446828676,0.5903927911534352,0.01580137965794135,0.5593341097681198,0.5678767001112015,-0.030652902913518056,0.5583697662745365,0.6280555199072329,-0.010372133365033454,0.4866082891917363,0.5914219914889115,0.01651186085393515,0.6241295649653271,0.5853806787505766,0.017874223921503327,no,2025-11-18T07:30:05.505420
0.1515666245546498,0.8147754556631829,5.821029137191479e-07,0.2049146678676348,0.74148800743511,-0.0013775851115626942,0.23809309591540967,0.6425069354800916,-0.009152079762834348,0.26636130137158476,0.5754202792766525,-0.022763236739059015,0.3006669355720678,0.5231806836055617,-0.0353790403071985,0.1612980278519979,0.5480615151045648,0.005339074841742801,0.2074578597194631,0.49207657824978357,-0.02058064440993878,0.247452420566649,0.4672040751453495,-0.03886667945048465,0.28067371672277514,0.45195298099805326,-0.04961654650123021,0.1273651234239614,0.5499064040716648,-0.010107320884638837,0.18657471921049373,0.4747121814318598,-0.04085297966638325,0.24058092039751056,0.46393677086146035,-0.052792261401888786,0.27852283483743256,0.46297572553501815,-0.05433981164464818,0.10396965966032934,0.5697561168788818,-0.028146634891755694,0.1905597988690826,0.5478121947833817,-0.06289616621272023,0.20414326545476713,0.6215708013304214,-0.059156593604769665,0.1950020304657536,0.6661232786189731,-0.0463541772118673,0.09556209219424099,0.6014239487286186,-0.047108081122213326,0.1752858279759311,0.5976488805564726,-0.06873789337400404,0.18386148041842149,0.653934781783561,-0.062015400000493145,0.17013540373568276,0.6848231288725528,-0.050704722767631105,0.0,0.0,0.0,0.0,0.0,0.0,0.0,0.0,0.0,0.0,0.0,0.0,0.0,0.0,0.0,0.0,0.0,0.0,0.0,0.0,0.0,0.0,0.0,0.0,0.0,0.0,0.0,0.0,0.0,0.0,0.0,0.0,0.0,0.0,0.0,0.0,0.0,0.0,0.0,0.0,0.0,0.0,0.0,0.0,0.0,0.0,0.0,0.0,0.0,0.0,0.0,0.0,0.0,0.0,0.0,0.0,0.0,0.0,0.0,0.0,0.0,0.0,0.0,0.450649844840152,0.3966894489820151,0.01577304950666584,0.5026202850987329,0.4012299934835128,0.0030221336263162634,0.5859216385069066,0.3997878113379513,0.0003785601811414647,0.6403811349863006,0.3891988216554586,0.009808473586159435,0.5453748508630751,0.5090414801158221,-0.06986579807107834,0.546092499785157,0.5250348858619494,-0.033690840194374794,0.5449110594327368,0.4917761295540874,-0.07579030908930358,0.5445517832461915,0.4678658236982169,-0.07251809570501208,0.5316391968697218,0.4923863463380578,-0.07390638105422073,0.5582883061249427,0.4912967064949196,-0.07453473503701105,0.4944927969209727,0.5874662256740824,0.015355098008880883,0.6032869877032196,0.5897064322836421,0.011971816986629014,0.5505971364899711,0.567013116453077,-0.03135936143121486,0.5501563005643313,0.6264174615584596,-0.011308700497328433,0.48081345484138205,0.591085120986689,0.017795400503528548,0.6165466762605109,0.5867902067191909,0.013874265270335327,no,2025-11-18T07:30:05.631868
0.15282387282086204,0.8181752208220852,4.96692301656591e-07,0.20638899935434962,0.7417879242345228,-0.0006845004360976784,0.23677358920221167,0.6443802010431159,-0.008179544386425633,0.26305917165136855,0.5787347053350426,-0.02191742944360759,0.2962380386039813,0.5280763606988838,-0.034268790516453256,0.159205953885525,0.5458679622470304,0.008198279402705573,0.20769015918407235,0.49351534372083905,-0.017880794437519772,0.24928625552563408,0.4780513252256441,-0.036770131106482216,0.28234429868998556,0.4731333787455629,-0.047873477051412566,0.1269084643289584,0.5492436445025682,-0.0077046901743977325,0.19077989054721006,0.48342768268923464,-0.038873013529375784,0.2449689899977398,0.48420594379559834,-0.05148363814258429,0.28074728730320725,0.49186255783014643,-0.05364519565885001,0.10502093844317889,0.5704288613855316,-0.026455388911131677,0.1910660909576164,0.547481582144346,-0.060799336168846765,0.20493941484331984,0.620702582395481,-0.057533884755713915,0.19503643916733648,0.6651177444463579,-0.04564311485248135,0.09708007014258788,0.6033131627855587,-0.04614015526571558,0.17639212154421324,0.595778595246498,-0.06773369713189109,0.18536299529849373,0.6513224567143818,-0.061054330651005316,0.17094938211800922,0.6830516026881532,-0.05001721415199831,0.0,0.0,0.0,0.0,0.0,0.0,0.0,0.0,0.0,0.0,0.0,0.0,0.0,0.0,0.0,0.0,0.0,0.0,0.0,0.0,0.0,0.0,0.0,0.0,0.0,0.0,0.0,0.0,0.0,0.0,0.0,0.0,0.0,0.0,0.0,0.0,0.0,0.0,0.0,0.0,0.0,0.0,0.0,0.0,0.0,0.0,0.0,0.0,0.0,0.0,0.0,0.0,0.0,0.0,0.0,0.0,0.0,0.0,0.0,0.0,0.0,0.0,0.0,0.44227039179950106,0.39632363827503464,0.022153326751352138,0.49300013748058746,0.401109301041111,0.006475539073484278,0.5761955347151843,0.3996161361033934,-0.0009900266773101843,0.6314831264016127,0.3889278232413264,0.005494138083448006,0.53074010234766,0.507151242043461,-0.06935878724607422,0.5329296238683323,0.5238577928436181,-0.03377350801713788,0.5300747318533618,0.48982302395024624,-0.07508024606996802,0.5301378038736145,0.46608576128491475,-0.07160047458266199,0.5172353577598884,0.4905156519402386,-0.07265318762436417,0.5435016304890004,0.48948298290234415,-0.07437565100844808,0.48509962750635427,0.5859666991483815,0.017083322137479914,0.5927238196935135,0.5901614782515775,0.006982545302164378,0.5368379678688564,0.5674675562848576,-0.03208590761880758,0.5371179308989259,0.6268812733512512,-0.012853375495910244,0.4724799301499162,0.5909916087740604,0.02007122328293941,0.6062723327191073,0.5879552675727759,0.008477815262987142,no,2025-11-18T07:30:05.757128
0.15299026293373502,0.8189700962775892,4.7110219377293397e-07,0.20547875232076002,0.7426089713297552,-0.0019834038088025136,0.23539717939915578,0.6459952240891391,-0.009949553715516635,0.260388152109864,0.5798783051402081,-0.02414994717956079,0.29256604793892305,0.5289205660801852,-0.03671593108932042,0.1573220544106809,0.5474021050363265,0.010052538700179529,0.20599710678176777,0.49615961375590445,-0.01691156943976485,0.2471556024189221,0.4858979982852006,-0.03673648445075069,0.2801885838952781,0.48504428243708964,-0.04793942653127288,0.1256592450521955,0.5506747442617059,-0.004871026417805208,0.1907807195832402,0.48897110381295533,-0.036681996868647926,0.24266334350389004,0.49465729914732615,-0.04993391759943889,0.27784108759462733,0.5059975497433202,-0.05197497375103202,0.10385340359163034,0.5709601110249496,-0.023086803752960593,0.1900147520980709,0.5506568777459095,-0.05748613090996011,0.20168330758035133,0.6236239164056415,-0.05522454639869093,0.19228478425089313,0.6685165781977578,-0.043499978908684483,0.09531373697749816,0.6027869059949065,-0.04241662773986005,0.17463729452626464,0.5963666790910682,-0.06334408722103588,0.18263664873033209,0.6511931878908823,-0.05714214796028545,0.16870789852322277,0.6838074707223573,-0.04614056216318406,0.0,0.0,0.0,0.0,0.0,0.0,0.0,0.0,0.0,0.0,0.0,0.0,0.0,0.0,0.0,0.0,0.0,0.0,0.0,0.0,0.0,0.0,0.0,0.0,0.0,0.0,0.0,0.0,0.0,0.0,0.0,0.0,0.0,0.0,0.0,0.0,0.0,0.0,0.0,0.0,0.0,0.0,0.0,0.0,0.0,0.0,0.0,0.0,0.0,0.0,0.0,0.0,0.0,0.0,0.0,0.0,0.0,0.0,0.0,0.0,0.0,0.0,0.0,0.4369709907062309,0.39584317163366445,0.02366021716672221,0.48769234998647903,0.4006492311708851,0.00690364238626616,0.5714387579009577,0.39994034863984673,-0.0022755384213773984,0.6268893126247871,0.3880985259690748,0.0031914406733258285,0.5239461164757251,0.5065298656353779,-0.069201088849468,0.5266768459212114,0.5234761340564679,-0.03366371807698172,0.5231846056117395,0.48914020283777876,-0.07494370283630504,0.5233581794903657,0.46538297806982554,-0.07152472444700689,0.5105039572708285,0.48983454835361845,-0.07233155434913888,0.5365937128980799,0.4888387689732592,-0.07443869075504991,0.47960401273350856,0.5850423240786615,0.01890100700402505,0.5883494183821418,0.5892341314406997,0.00643854608242801,0.5312383933048506,0.567227803611255,-0.031820608755254165,0.5315346880008087,0.6256842472961243,-0.012389120110094347,0.46734217833846975,0.5898226760205598,0.021971376565161453,0.6015536153570512,0.5873308039428669,0.007697359111166957,no,2025-11-18T07:30:05.894912
0.15226575544882018,0.8194037736293647,4.5631791859892616e-07,0.20419791075873053,0.7426965271096561,-0.0016688214374669633,0.23395155592472514,0.6463580551598039,-0.009677814298535143,0.25962137495839727,0.5806003087476248,-0.02426165637284762,0.29150041283779343,0.528910266875313,-0.037096013695795654,0.15558360035454472,0.5476478146031242,0.013360040839650368,0.20457255708732552,0.49766850502667964,-0.014146298364249882,0.2458935656366461,0.4902624240874779,-0.03510866492125051,0.2791477260811687,0.4929291515353936,-0.04681647908184814,0.12471981485598133,0.5508227387137234,-0.0017679734926700358,0.1911063072408274,0.492397541595351,-0.03372338238437861,0.24199039725205185,0.5003213987878354,-0.047816475742816555,0.27635429621487806,0.513252442703081,-0.050252196899515225,0.1034049536106574,0.5709054502859581,-0.02049523907342644,0.18959590909289684,0.5511367434212183,-0.054604889386316455,0.20090250417202687,0.6245204850525674,-0.0527012688944596,0.1918362337020228,0.6699841926099263,-0.04110472774942052,0.09507682258005959,0.6022747791960311,-0.04041764104614329,0.17418739533194183,0.5964216169808368,-0.06082264508694883,0.18150495753481707,0.6514125100068425,-0.054491427810003414,0.16740212155670492,0.6844691228485902,-0.04327589989522595,0.0,0.0,0.0,0.0,0.0,0.0,0.0,0.0,0.0,0.0,0.0,0.0,0.0,0.0,0.0,0.0,0.0,0.0,0.0,0.0,0.0,0.0,0.0,0.0,0.0,0.0,0.0,0.0,0.0,0.0,0.0,0.0,0.0,0.0,0.0,0.0,0.0,0.0,0.0,0.0,0.0,0.0,0.0,0.0,0.0,0.0,0.0,0.0,0.0,0.0,0.0,0.0,0.0,0.0,0.0,0.0,0.0,0.0,0.0,0.0,0.0,0.0,0.0,0.4337312488798031,0.39506967045733515,0.024371018976360754,0.484249856986724,0.4002040681716166,0.006981294401024067,0.5682067713760159,0.39945778597134396,-0.0032883820939584862,0.6236788751482243,0.38705634473159245,0.00150444181130252,0.5198688557289362,0.5060088922445689,-0.06882352724858273,0.5228633048003579,0.5231597176763509,-0.03333857005955657,0.5190375487870862,0.4885670345214971,-0.07459817276372022,0.5192346937262009,0.46478014426829595,-0.07127270106637225,0.5064518499370653,0.48927597767088116,-0.0718736271837724,0.5324289091090284,0.48828834641690455,-0.07422090302570687,0.4767908637552507,0.5840809178414853,0.020053106237174306,0.585110165943848,0.5886244862602058,0.006153679552699581,0.5276722095003257,0.5667426402089478,-0.03142626699323625,0.5282547853017502,0.6248266328777221,-0.011769198079019685,0.4642126760451504,0.5892881881384537,0.023213026089997642,0.5983678382762123,0.5870358574748972,0.007296286482367398,no,2025-11-18T07:30:06.024038
0.1522024562528143,0.8187296122728275,4.58628213647017e-07,0.20365474985682802,0.742252679400699,-0.0013637698717397075,0.23312834761396628,0.6467387886272653,-0.009577028908414022,0.25859878617209264,0.5816535290934322,-0.024500971272141965,0.29042179555502035,0.5301642951960793,-0.037708303615847885,0.15402612594383577,0.5481249593950679,0.013845100821871625,0.2036614858486173,0.4989497067102697,-0.014159179389699308,0.24559129666376678,0.4927766497611767,-0.03570973217056521,0.2793480216375769,0.4964623107911953,-0.0477700306301012,0.12341300467606806,0.5516579766604811,-0.0016173582211151602,0.19098290191715137,0.4946587953929361,-0.03398670913318738,0.24219198270510078,0.5039981954361693,-0.048397174981117064,0.2765030032433567,0.5177117614077691,-0.05099473779969505,0.10244314721810754,0.5720388905711407,-0.02071807039250479,0.18900448142194431,0.5525807496879804,-0.05489190925330933,0.19999302796825755,0.6258336327717213,-0.052949451184762415,0.19057740060822118,0.6708161090613107,-0.04136700059691733,0.09441999015269688,0.6036649662829674,-0.04101196099941766,0.17382945287112533,0.5976763753639689,-0.06129822594866393,0.18092595421172541,0.6526567752804446,-0.05469380928626162,0.16645381755277797,0.6855840480137269,-0.043297154683964945,0.0,0.0,0.0,0.0,0.0,0.0,0.0,0.0,0.0,0.0,0.0,0.0,0.0,0.0,0.0,0.0,0.0,0.0,0.0,0.0,0.0,0.0,0.0,0.0,0.0,0.0,0.0,0.0,0.0,0.0,0.0,0.0,0.0,0.0,0.0,0.0,0.0,0.0,0.0,0.0,0.0,0.0,0.0,0.0,0.0,0.0,0.0,0.0,0.0,0.0,0.0,0.0,0.0,0.0,0.0,0.0,0.0,0.0,0.0,0.0,0.0,0.0,0.0,0.4330723538519804,0.3950786053035119,0.0246587229745538,0.482915772456985,0.4008436827598195,0.00710017130898152,0.5663545649063002,0.39941132241854094,-0.003504257946077699,0.6220442415177462,0.3865870207468387,0.0010694184606288707,0.5187388981651425,0.5062298024626928,-0.06870190598164076,0.5218693197700215,0.522995936452006,-0.03328396427691917,0.5178128203186835,0.4887509843303744,-0.0744680623013452,0.5179142836135124,0.46486897387803683,-0.07116212697905175,0.5052571618555108,0.4894899058638677,-0.0717152764786965,0.5311777833928626,0.48833868080732923,-0.07413376858166867,0.47580721402312554,0.582610419991757,0.020768536658943314,0.5854497742007906,0.5866935893558414,0.006376581083623298,0.5254949520821636,0.5670123306273163,-0.03108786570039973,0.5268774818194237,0.6243939811689331,-0.01190363299678261,0.46323251235328655,0.5878054862811409,0.023810864879951654,0.5982848545972431,0.5845680648267735,0.007329996421934904,no,2025-11-18T07:30:06.163748
0.15277392370355178,0.8168814048378907,4.3753425017304416e-07,0.2054987692169539,0.7401478150154435,-0.0001894076702175846,0.23494918327458492,0.6441349492185704,-0.007655689720353671,0.2612264362855855,0.5806855229962705,-0.022114794507399813,0.2935529409389024,0.5300968556401844,-0.0350205817746121,0.15363271786579302,0.5455493878949369,0.0164272905373668,0.2047059011150359,0.49925620861693754,-0.010744066957495614,0.24683081304574295,0.4944115964412573,-0.03242589857213859,0.28023629183132354,0.49999899935731335,-0.04482150814556551,0.1238018426793636,0.549742431418772,0.00041580739598647345,0.19278225743087718,0.4960451262178151,-0.03081804935653977,0.2435673537049216,0.5065600153339751,-0.04552788424336901,0.2764555397648363,0.5206216885709347,-0.048694915501142993,0.10360912780755727,0.5714848645780203,-0.019200938145168354,0.19051730661940416,0.5521932421611899,-0.052201331949090046,0.20251008059732611,0.6251881729685023,-0.05013153343225166,0.19283164932497315,0.6694977807402959,-0.03891801586111221,0.09613550661533082,0.6044612089086193,-0.03993636081429738,0.17486883783282905,0.5973711504810567,-0.05946274704210579,0.18256784420657834,0.6515670625192964,-0.05235543779308847,0.16799836311064803,0.6834991174841125,-0.04082546282763158,0.0,0.0,0.0,0.0,0.0,0.0,0.0,0.0,0.0,0.0,0.0,0.0,0.0,0.0,0.0,0.0,0.0,0.0,0.0,0.0,0.0,0.0,0.0,0.0,0.0,0.0,0.0,0.0,0.0,0.0,0.0,0.0,0.0,0.0,0.0,0.0,0.0,0.0,0.0,0.0,0.0,0.0,0.0,0.0,0.0,0.0,0.0,0.0,0.0,0.0,0.0,0.0,0.0,0.0,0.0,0.0,0.0,0.0,0.0,0.0,0.0,0.0,0.0,0.43441803527483663,0.3951722114728619,0.025053625080831397,0.48467933310025,0.4009280815093806,0.007222320601352623,0.5670008322006171,0.3997208931762428,-0.0038647729990947816,0.6229453266113816,0.3871318981011568,0.0004213183203409034,0.518683509293753,0.5067901534305194,-0.06877075035171745,0.5219110340343333,0.523298585205602,-0.03332292498678436,0.5177600244896334,0.48940379423866587,-0.07452921618017928,0.5179204584857571,0.46552277166992967,-0.07122688368996914,0.5051794511078854,0.49011551977687406,-0.07172711741873057,0.5311779798979541,0.48898293164550116,-0.07425036649074164,0.4770845891244473,0.5811872440592177,0.021248277478844235,0.586873034206566,0.5854914508592561,0.006250318281172578,0.5254292582867177,0.5659844084262222,-0.0310386613111078,0.527002850711958,0.6233998743048645,-0.011573290268979942,0.46346008533161154,0.5872209551728886,0.02433605933897981,0.5986482571097178,0.5840403643340105,0.0071301340255894964,no,2025-11-18T07:30:06.302253
0.1544136365396383,0.8154418699547272,4.317379003239309e-07,0.20706829395553428,0.7390955914390724,0.0006968376402282065,0.23642825176779325,0.6443449013289507,-0.006469162760447059,0.26246077854852395,0.581758780699414,-0.02079987050581754,0.2947537928094628,0.5324026777743158,-0.03370426192517073,0.15515409536068048,0.5445997094923598,0.01685087238669869,0.20707190392856592,0.4986344650777406,-0.010430472927223645,0.24977400499355934,0.49495450098513977,-0.03229052176591339,0.28330680129209607,0.5016033414602729,-0.04478175933968759,0.12527422624318904,0.5489977752053119,0.00031783579233996863,0.19547654908554052,0.49506414617012584,-0.030702633097867034,0.24622871290611834,0.5081278918451492,-0.04514171810370679,0.27815347328875206,0.5233217335772307,-0.0480943673242457,0.10529544105526789,0.5709489290045557,-0.019725661886159443,0.19260282829081932,0.5511830239736614,-0.05256296758644535,0.2050958682405576,0.6244673734467603,-0.05010587170136295,0.19520343042496827,0.6686084532439882,-0.038629184168377684,0.09788913010820252,0.6043321569407294,-0.04082258460329184,0.17717974674672915,0.5966685957845805,-0.06013986583288818,0.1851823078664575,0.6512362166157883,-0.05252262729791428,0.17042321936946433,0.6835314729762176,-0.040601524953816706,0.0,0.0,0.0,0.0,0.0,0.0,0.0,0.0,0.0,0.0,0.0,0.0,0.0,0.0,0.0,0.0,0.0,0.0,0.0,0.0,0.0,0.0,0.0,0.0,0.0,0.0,0.0,0.0,0.0,0.0,0.0,0.0,0.0,0.0,0.0,0.0,0.0,0.0,0.0,0.0,0.0,0.0,0.0,0.0,0.0,0.0,0.0,0.0,0.0,0.0,0.0,0.0,0.0,0.0,0.0,0.0,0.0,0.0,0.0,0.0,0.0,0.0,0.0,0.43521579242055275,0.3948713257634009,0.024875348011080198,0.4851702410626067,0.4011100537761594,0.0070325199961704865,0.5685196350219699,0.4002341110864506,-0.004120752406024365,0.6245147079452782,0.38765397593179635,0.00010070025391991153,0.5191398641782791,0.5077361425988962,-0.068653523419286,0.5223193213575292,0.524040502205157,-0.03312161111101741,0.5182860126205644,0.4903707256067292,-0.07446058863894828,0.5185629547487074,0.46638345996216213,-0.07122288086037307,0.5056830874084959,0.49094781101491713,-0.07165403938267842,0.5317317754981409,0.49003652526527075,-0.07418724333329005,0.4771735877398283,0.5796011367448035,0.021365934152618206,0.5875387090283318,0.5841657083397843,0.006386847771614226,0.5254061269460932,0.566103538060157,-0.03077898957333859,0.5267202156487188,0.6228412194724549,-0.011343302579175669,0.46386179205736155,0.5869672538239321,0.024501310076382204,0.5987961625323674,0.5850397749289986,0.007301957865246072,no,2025-11-18T07:30:06.433210
0.1550565491190852,0.8139402087829819,4.3588514031751297e-07,0.20818957669864574,0.7381259912914356,0.0011343652004611167,0.23801704044373778,0.6435944315223245,-0.005500567202528613,0.26435637990345817,0.5810374833253235,-0.01935696736717612,0.29647624638031733,0.5324529625176816,-0.031815847231124794,0.1575004762754063,0.5434988725093177,0.017325218977632506,0.20938693165006633,0.4979518838421616,-0.009774153598612051,0.25221700766569444,0.4945535234570474,-0.03178304607926102,0.2860379338129334,0.5018257977366671,-0.04435808768278229,0.12739416220530425,0.5475004392307687,0.0007256561463696897,0.19745445361562716,0.4940399859592847,-0.030263188883711826,0.2488653600760679,0.5056447803113076,-0.04516334214022753,0.2819785148655064,0.5211978781735793,-0.04838007581180966,0.10720825518368177,0.5692131670379071,-0.019305936141522657,0.19434954978364666,0.5513449802619008,-0.05185719797905661,0.2066498974615149,0.623942911901145,-0.0499100489885227,0.1971758042627771,0.66842634795607,-0.03876865593184986,0.09963372215263298,0.6024289468747531,-0.04038900530540054,0.17888002490982927,0.5959851715533315,-0.0595259187903817,0.18658823753756454,0.6502682469244561,-0.05219512695266617,0.1722348678939607,0.6829896618402054,-0.04045525354384103,0.0,0.0,0.0,0.0,0.0,0.0,0.0,0.0,0.0,0.0,0.0,0.0,0.0,0.0,0.0,0.0,0.0,0.0,0.0,0.0,0.0,0.0,0.0,0.0,0.0,0.0,0.0,0.0,0.0,0.0,0.0,0.0,0.0,0.0,0.0,0.0,0.0,0.0,0.0,0.0,0.0,0.0,0.0,0.0,0.0,0.0,0.0,0.0,0.0,0.0,0.0,0.0,0.0,0.0,0.0,0.0,0.0,0.0,0.0,0.0,0.0,0.0,0.0,0.4370383726373546,0.3946580298107547,0.025186115664454188,0.4868081191503829,0.40131697094363694,0.007212926795708282,0.5700115775169359,0.4003195504029207,-0.004169216474842741,0.6260829910747662,0.3885805305083557,-0.00011012610952778302,0.5202335606673256,0.5074807088192845,-0.06891094123024999,0.5234877489623034,0.5238329380227444,-0.033328719031141374,0.5194045121524911,0.49015848587694244,-0.07470779133089725,0.5197777361100104,0.4662483348432942,-0.07143941987564399,0.5067837651073699,0.4906896194852723,-0.07187056678520747,0.5329146042941755,0.4898920247633727,-0.07446109595439336,0.4777648553552047,0.5789730687443347,0.021822126167126078,0.5890380391397916,0.5840143343391884,0.0064792416877594745,0.5256585204451688,0.5671119790196262,-0.03089551087718157,0.5271407613010746,0.6220624349353546,-0.011462442298209289,0.4648206078855228,0.5861694038608949,0.024903727402819417,0.6005841362111758,0.5849631033115147,0.007307767428923614,no,2025-11-18T07:30:06.560395
0.15585883607821172,0.8115236965965386,4.4132930504651033e-07,0.20944301030700643,0.7362078485223811,0.0005627316668558028,0.2397273123027481,0.6423079012050404,-0.006418247735629627,0.2662638749664538,0.5797128487183258,-0.02052938353640035,0.29855173898910886,0.530900608360739,-0.033210159203993755,0.15901168467329047,0.5408728116704609,0.016485301883072845,0.21223644256205557,0.49480656721671984,-0.011243360355975975,0.2558194612407986,0.49269998927712294,-0.03372151305406437,0.28986921011725925,0.5006733627021425,-0.04656280296745831,0.12900413949660736,0.5450913646539891,8.163882498620151e-05,0.20043499822829242,0.49194763770925665,-0.03148144093903399,0.25258239808422234,0.5052753597067402,-0.04661314253117143,0.2859908029811922,0.522118698980207,-0.04988006448719222,0.1090482191502973,0.5672109202575399,-0.01977507261867917,0.1970072873301206,0.5499918706527247,-0.0526179235175072,0.20905946094064973,0.6227528454254413,-0.0505172400906988,0.19916831875116622,0.6667721337005539,-0.03916880271131773,0.1016347438823792,0.6007754077425675,-0.04073152329128536,0.1811865513324018,0.5947746621354609,-0.05984721920325436,0.1884963039823481,0.6486985336718838,-0.052243939981827206,0.17362462971772086,0.6807666743534828,-0.04024203388511498,0.0,0.0,0.0,0.0,0.0,0.0,0.0,0.0,0.0,0.0,0.0,0.0,0.0,0.0,0.0,0.0,0.0,0.0,0.0,0.0,0.0,0.0,0.0,0.0,0.0,0.0,0.0,0.0,0.0,0.0,0.0,0.0,0.0,0.0,0.0,0.0,0.0,0.0,0.0,0.0,0.0,0.0,0.0,0.0,0.0,0.0,0.0,0.0,0.0,0.0,0.0,0.0,0.0,0.0,0.0,0.0,0.0,0.0,0.0,0.0,0.0,0.0,0.0,0.4365878158219274,0.3925448212703905,0.02569855459641014,0.4875472177725944,0.39944320934972527,0.007533718912863306,0.5703532504589074,0.4002308865229096,-0.0041018620144336,0.6264100842233724,0.3886965660373352,-0.00016337934082345362,0.520024473004485,0.5055342456011248,-0.06886680784175425,0.5234324943332178,0.5222334071732222,-0.03334791938033013,0.5192949083971073,0.4881321278748039,-0.07464608183626505,0.5198900506111576,0.4642992175610743,-0.07135098287964978,0.5067867843061569,0.4885735134798951,-0.07178269022696768,0.532763315015969,0.4880667572060958,-0.0744232018418188,0.4771374963373848,0.5778370568903253,0.021658823617849536,0.5885081414838057,0.5838987420292133,0.006013869907684483,0.5241618019267622,0.5653362026274126,-0.03104611495634391,0.5253170256242922,0.6211602937101242,-0.011800146056699563,0.4651111733837938,0.5849986881365021,0.02478509009159268,0.6005691224154328,0.5853231947507738,0.006830107666785006,no,2025-11-18T07:30:06.691083
0.15648103083350512,0.8100070758735713,4.352159732329435e-07,0.21045729886325815,0.7346695690022489,0.0010271149344706488,0.24096837340601274,0.641026419312466,-0.005654576015909587,0.267577172616398,0.5788231694973313,-0.019577541260034817,0.29949393904792965,0.5301989966928817,-0.03207647936373327,0.1601239109125043,0.5395371314860178,0.016839318030104633,0.21358810782239435,0.4930239217404553,-0.010908411935211594,0.25724866563798504,0.49116656611263676,-0.03325454841121607,0.2911154136027886,0.4993788794130143,-0.045951741276696,0.13021112421836595,0.5436110366742235,0.0003132041116943121,0.2024443897377157,0.4904739492695911,-0.031144401904207947,0.25416691453626705,0.5045735195063852,-0.04604235509587079,0.28681541906681374,0.5213921126851413,-0.04921247597025493,0.11051125905215366,0.5653804280376292,-0.01966212342647511,0.19872746804688862,0.548042756682182,-0.05257096382453138,0.21063087085023058,0.6211387515758646,-0.05036921869890432,0.20052630913392205,0.6650515231452904,-0.03894905637351165,0.10339836928902132,0.598621481155906,-0.040688850038258,0.18307301872965076,0.592731653987576,-0.059780960114966225,0.19012074789743166,0.6469515984742781,-0.05216458412307951,0.17495111869854396,0.6788447958597553,-0.04018580488174835,0.0,0.0,0.0,0.0,0.0,0.0,0.0,0.0,0.0,0.0,0.0,0.0,0.0,0.0,0.0,0.0,0.0,0.0,0.0,0.0,0.0,0.0,0.0,0.0,0.0,0.0,0.0,0.0,0.0,0.0,0.0,0.0,0.0,0.0,0.0,0.0,0.0,0.0,0.0,0.0,0.0,0.0,0.0,0.0,0.0,0.0,0.0,0.0,0.0,0.0,0.0,0.0,0.0,0.0,0.0,0.0,0.0,0.0,0.0,0.0,0.0,0.0,0.0,0.43877123561539333,0.39132180083199547,0.025446083809487992,0.4895430202117519,0.3991900087295044,0.007442674872931625,0.5726763510480877,0.40094082156021427,-0.003807825409422744,0.6287229742882762,0.38970812400778043,0.0004752212057729751,0.5226126286054377,0.505888111407969,-0.06906079680894628,0.5257092421903363,0.5225191615391105,-0.03344350484294846,0.5219894601666475,0.488516558584428,-0.07485985200168774,0.5226342879341341,0.4646927494303327,-0.07153649185848791,0.5093991561606468,0.48878122471365665,-0.07203068432208674,0.5354545179873393,0.4885717602987953,-0.07458858960008001,0.47883426659558753,0.5777418946103238,0.02112713585473785,0.5903080167601218,0.5843928550825235,0.005968567050982196,0.5274361005388053,0.5645361418753823,-0.031170815276605257,0.5280218186192598,0.6201129084288536,-0.012137053697550202,0.46646426975349664,0.5841398641640763,0.024262351842108672,0.6020531323460984,0.5859918495459496,0.00687955704715574,no,2025-11-18T07:30:06.820553
0.1566187308489196,0.8096713922458677,4.254880357909632e-07,0.21039828097240437,0.7343755676680098,0.001166002889255134,0.24129584282044564,0.6403591542992536,-0.005351241568694549,0.26822249655886277,0.5784494084257286,-0.01906372181232322,0.30016969162517637,0.5300377932339836,-0.03138746482297467,0.16084587395619876,0.5394281147408879,0.016551816862337587,0.21386797189615964,0.49308183277269346,-0.010777383171141831,0.2571620174980239,0.49086258028894625,-0.03270763506524053,0.29066478237340815,0.4987178541943459,-0.04512755688951148,0.13082940598173012,0.543364935584884,0.00011619408663825616,0.20246233804875136,0.4902719673296503,-0.030754349617293716,0.25359525457705534,0.5051656342935216,-0.04520642866468802,0.28559806161565937,0.5225847391848253,-0.04821680565916826,0.11114914010613969,0.5648501683282781,-0.01971200679971674,0.19873854984509196,0.5470070751336935,-0.05221007698513118,0.2107151036418206,0.6197676658975667,-0.049918169509254595,0.200731477201658,0.6635996417682628,-0.0386187913052613,0.10403621645598642,0.597887661802547,-0.040548583518965925,0.18349652227757562,0.591380178600157,-0.05954996177661935,0.1909060211049544,0.6458851310356926,-0.05197227173695193,0.17603308581850263,0.6783278516118234,-0.040095030997244915,0.0,0.0,0.0,0.0,0.0,0.0,0.0,0.0,0.0,0.0,0.0,0.0,0.0,0.0,0.0,0.0,0.0,0.0,0.0,0.0,0.0,0.0,0.0,0.0,0.0,0.0,0.0,0.0,0.0,0.0,0.0,0.0,0.0,0.0,0.0,0.0,0.0,0.0,0.0,0.0,0.0,0.0,0.0,0.0,0.0,0.0,0.0,0.0,0.0,0.0,0.0,0.0,0.0,0.0,0.0,0.0,0.0,0.0,0.0,0.0,0.0,0.0,0.0,0.4461397914441331,0.39224166804752847,0.02188504135387787,0.49766778920247934,0.4001034200637573,0.005839834126411272,0.5809239995368002,0.4014483918706528,-0.00244390715406608,0.6358784182011143,0.39074264089564437,0.0035012429041276468,0.5340247736704709,0.5075187419928181,-0.0688794823049248,0.5362223538584585,0.5237238954687282,-0.03325624479494072,0.5334910727423203,0.4901640660449148,-0.07470331063152395,0.5338470142387498,0.46625654789288545,-0.0714545935628442,0.5207456550933391,0.4904321635891663,-0.07221430091558287,0.5468707712426626,0.49011079830029947,-0.07410394039320636,0.4871493851803469,0.5789973902144026,0.019482479146012116,0.5985151560221965,0.5851114737563191,0.008571033399546483,0.5386807139199153,0.5649819610133747,-0.030837055319300477,0.5387441248800797,0.620715803179118,-0.01192101797796483,0.4741084519009793,0.5857341788795998,0.02225264437565372,0.6102140082373344,0.586023802580592,0.009689533678873003,no,2025-11-18T07:30:06.964053
0.15734282216722334,0.804966742894937,5.619399611676885e-07,0.20990509259410853,0.7363085902896171,-0.00015083714663140593,0.2423617385298212,0.6397505357639761,-0.006813969874118784,0.27017850461087517,0.5757801732489666,-0.019822842176534478,0.3031308875396542,0.5268677933588588,-0.03161250880442404,0.16550259202933076,0.543622702285071,0.010994915165137648,0.2128234627838075,0.4912575308711337,-0.014773490402907475,0.2522741769123115,0.4731365601964293,-0.034025492022595236,0.28404399268244684,0.46520947405323526,-0.04524805454872913,0.1332885609062665,0.5464709070662762,-0.004853065381513455,0.19575171552029014,0.47939088030560273,-0.03538020488526982,0.24704473056239623,0.47611689455269035,-0.048086785325290635,0.28194130566439707,0.478615836727842,-0.0501208458356228,0.11145677810236718,0.5667674923443758,-0.023666540224025145,0.19610339636438712,0.5445082441880168,-0.056998479782228904,0.2087549882609013,0.6164206564599071,-0.05304483993892009,0.20044692906770978,0.6597832896551122,-0.04043976376614841,0.10345837698295232,0.5989556743441904,-0.04351740238641892,0.18243624387680585,0.5915174482611838,-0.06430252854579946,0.18976210212047034,0.6457453177742397,-0.05705108207289987,0.17569765013228522,0.676768388906345,-0.04532125579021792,0.0,0.0,0.0,0.0,0.0,0.0,0.0,0.0,0.0,0.0,0.0,0.0,0.0,0.0,0.0,0.0,0.0,0.0,0.0,0.0,0.0,0.0,0.0,0.0,0.0,0.0,0.0,0.0,0.0,0.0,0.0,0.0,0.0,0.0,0.0,0.0,0.0,0.0,0.0,0.0,0.0,0.0,0.0,0.0,0.0,0.0,0.0,0.0,0.0,0.0,0.0,0.0,0.0,0.0,0.0,0.0,0.0,0.0,0.0,0.0,0.0,0.0,0.0,0.4510308995024316,0.3944292869875933,0.018259189660487812,0.5044290720132727,0.4015443474277374,0.0038634936892196006,0.5863929814044475,0.40325863311489185,-0.0018436407904576333,0.6418848506181963,0.3923285659169155,0.005547213574007654,0.5427769117719115,0.5106375979918771,-0.06860136471980516,0.5442382471177516,0.5266075706076704,-0.032890875332760694,0.5423439729651696,0.49333156381469373,-0.07451543818057102,0.5424478849422509,0.4693332110468532,-0.07141672150480886,0.5294339161086813,0.4936026734674805,-0.07232004552333747,0.5556473151810389,0.4931839474146532,-0.07363391114556635,0.4940856534075105,0.5815430962760245,0.018615284326617146,0.6047030106740621,0.5869538658645181,0.011112636437636783,0.5466025976082274,0.5661572633989145,-0.03022172023790637,0.5464979574633858,0.622865739600347,-0.010949384694731211,0.4799470724156004,0.5885759245647694,0.02111983623389982,0.6165912813670498,0.5878798638890966,0.01248571023627302,no,2025-11-18T07:30:07.089104
0.15571378956881446,0.8053720271100051,6.528923206205342e-07,0.20891359680746074,0.739682086168063,-0.0010825977208795776,0.24370492957384388,0.6409102059789882,-0.00837158152894925,0.27327073009054803,0.576056400987963,-0.02137277588038531,0.3073356263793852,0.5258516601510328,-0.03334937657456767,0.168461076469301,0.5460582524162629,0.0057072494739620755,0.21343379333591161,0.48763755580936907,-0.01954652766327577,0.25009721092224313,0.455788143512979,-0.03712999348847142,0.27940869089173764,0.43295095358602775,-0.047639189578408334,0.1346576951936957,0.5473263694514883,-0.010096769907855203,0.19312395345134914,0.47069464168897995,-0.039674117102754924,0.24408189375123748,0.4523419732201013,-0.05098735754633043,0.2795884813205485,0.4398084960521382,-0.05281117950936985,0.11168264794014347,0.567101825500725,-0.028627666676377006,0.19637917098817043,0.5433185525692434,-0.06227536296779178,0.2084699803331675,0.615989521154453,-0.05765290148081449,0.19899946974234717,0.6580583084742542,-0.04498040196876661,0.10403503217257319,0.598877630320136,-0.048200234311695865,0.18312328367679861,0.5935721098556133,-0.07015910851237307,0.189789169308221,0.6487783097412305,-0.06376751741679815,0.1746718191195064,0.6777893734769151,-0.05306139954280069,0.0,0.0,0.0,0.0,0.0,0.0,0.0,0.0,0.0,0.0,0.0,0.0,0.0,0.0,0.0,0.0,0.0,0.0,0.0,0.0,0.0,0.0,0.0,0.0,0.0,0.0,0.0,0.0,0.0,0.0,0.0,0.0,0.0,0.0,0.0,0.0,0.0,0.0,0.0,0.0,0.0,0.0,0.0,0.0,0.0,0.0,0.0,0.0,0.0,0.0,0.0,0.0,0.0,0.0,0.0,0.0,0.0,0.0,0.0,0.0,0.0,0.0,0.0,0.4530033714659985,0.39566726519217615,0.016866186918138584,0.507235303456969,0.4027805402986465,0.0032336763156927857,0.5889516982408285,0.4037486967931179,-0.0013092996262231752,0.6446801956280832,0.3925995556520918,0.0067444649623113395,0.5469169762316436,0.5113158607253697,-0.06857469421025963,0.5480422564552991,0.5273047673499625,-0.032870974611842574,0.5465054804305676,0.49400571601798837,-0.07449221541553995,0.5464456777101544,0.47002172940095194,-0.07140848823481868,0.5334959080303081,0.4943193546218094,-0.07242966144904095,0.5597737439457289,0.493806603953489,-0.07348286456507366,0.496112293890683,0.582317177639355,0.018063459241362524,0.6078251011946513,0.5875787374271169,0.012172526921144212,0.5501155807445739,0.5681593328122044,-0.030082135001508192,0.549818643209995,0.6247032002292506,-0.010895415346044289,0.4824936003233245,0.5897165363676202,0.020417498182677143,0.6197943720582655,0.5883340078150623,0.013623771855156525,no,2025-11-18T07:30:07.230002
0.15544333701653917,0.8068850177282814,6.827703251510382e-07,0.20867722597645758,0.738746706574327,-0.0007591426030152853,0.24392039310113092,0.6391966629717939,-0.00830470967137193,0.2739400883080609,0.5744751294719478,-0.02138545986160083,0.30845034683532246,0.5243471528980872,-0.03332020362487024,0.16884491942876517,0.54718617347986,0.002887319118253691,0.21388101883220523,0.4857835204459977,-0.021781913128696467,0.250427840013505,0.44940582316983485,-0.03829179281993743,0.2795984881927942,0.42136721806880123,-0.04807842630511241,0.13436459715148194,0.5475115991468257,-0.01275796542752942,0.19258830046138853,0.4688900313871688,-0.04134258574969213,0.24462224999527815,0.44481724472581907,-0.05148113066923665,0.2811533910699727,0.42744893243616433,-0.05292247059474802,0.11103106760811038,0.5662326461201898,-0.030813369450139377,0.19597005902437772,0.5431694600958095,-0.06404591622915995,0.20836838750735828,0.6163231805010089,-0.058918285926292675,0.19893141352393695,0.6598022395928858,-0.04603897540559836,0.10359111670631796,0.597040783210071,-0.049840803959904104,0.18270551815256253,0.5937388687915609,-0.07156164252398972,0.19036002868248802,0.6499931466175177,-0.06511493514434649,0.17629312987568643,0.6804218507208489,-0.054471965846176994,0.0,0.0,0.0,0.0,0.0,0.0,0.0,0.0,0.0,0.0,0.0,0.0,0.0,0.0,0.0,0.0,0.0,0.0,0.0,0.0,0.0,0.0,0.0,0.0,0.0,0.0,0.0,0.0,0.0,0.0,0.0,0.0,0.0,0.0,0.0,0.0,0.0,0.0,0.0,0.0,0.0,0.0,0.0,0.0,0.0,0.0,0.0,0.0,0.0,0.0,0.0,0.0,0.0,0.0,0.0,0.0,0.0,0.0,0.0,0.0,0.0,0.0,0.0,0.44200341140667476,0.39312322951133316,0.02650912399655537,0.4943415149725412,0.399780873214814,0.008609114915801944,0.5762197332070231,0.39908469008852976,-0.0026215760823448146,0.6326281098417821,0.38840465386745826,0.0015582662823313237,0.5277092529626235,0.5052404445295169,-0.06990621483026371,0.5308581386112555,0.5219604068893214,-0.03432742703537342,0.5270193663348974,0.4878714711328879,-0.07560193503931295,0.5275473644497886,0.464230167235533,-0.07207664866295492,0.5143038208526556,0.48835385100456163,-0.07275769710354307,0.5405956510694678,0.48775752057892496,-0.07531588945111593,0.4838809256213745,0.5798113068868467,0.02114010121373937,0.5945755843211569,0.584230583751858,0.005795254143419904,0.5326780355905639,0.5638075723947955,-0.03202188131694386,0.5338712375748461,0.6199398793619093,-0.01390619908780753,0.4707262322676803,0.5850086125556058,0.024046749686908182,0.6087861971737708,0.5849326172250208,0.006462273544872008,no,2025-11-18T07:30:07.435143
0.1545341593291543,0.8076366254565479,7.033199433881085e-07,0.20869066251778123,0.7371862848247916,-0.00017922045988391167,0.24423979585953304,0.637054249082714,-0.007675019144233939,0.27434498168836274,0.5725177923971068,-0.020789779107493377,0.3091867147127128,0.5221121443258594,-0.03280972885723206,0.16851732682463497,0.5468113608564461,0.0026505615313089405,0.21437725577497407,0.48463891600855946,-0.02213286102424194,0.25095096124172256,0.4463828077011741,-0.03851694402597366,0.28028563349497193,0.41649269559560365,-0.048196400122670915,0.13358137366662615,0.5468144524512204,-0.013353505203819078,0.1918957238171582,0.4665829937705192,-0.04233404408756217,0.24447573204567374,0.4404071866062262,-0.052494236801922556,0.2820202312205256,0.42166987265500233,-0.05379053489630628,0.11001504075443361,0.5652648332777614,-0.031625743730449365,0.19584686338259977,0.5431711780020826,-0.06515042619390851,0.20807359948106563,0.617130819710267,-0.059602707530116206,0.19882754367221628,0.6615377870480298,-0.04622184924180542,0.10235269116351321,0.5959941202618043,-0.05082384857979317,0.18118863381259032,0.5940549447927379,-0.07249121022044899,0.18937773463047436,0.6503113037145664,-0.06561111157365716,0.17615750191332236,0.6805167603690456,-0.05455534344750447,0.0,0.0,0.0,0.0,0.0,0.0,0.0,0.0,0.0,0.0,0.0,0.0,0.0,0.0,0.0,0.0,0.0,0.0,0.0,0.0,0.0,0.0,0.0,0.0,0.0,0.0,0.0,0.0,0.0,0.0,0.0,0.0,0.0,0.0,0.0,0.0,0.0,0.0,0.0,0.0,0.0,0.0,0.0,0.0,0.0,0.0,0.0,0.0,0.0,0.0,0.0,0.0,0.0,0.0,0.0,0.0,0.0,0.0,0.0,0.0,0.0,0.0,0.0,0.4340043576331927,0.391759226802862,0.03277660866859533,0.48387156052772873,0.397719444709824,0.011999006733633012,0.564989505036968,0.39589278542722234,-0.0037472529264221412,0.6222104861285479,0.3850340775650615,-0.002274056114131522,0.5129689759657554,0.5004203191342271,-0.06959741312115603,0.5175627963792973,0.5175651159831891,-0.0345699014692515,0.512049011742583,0.48298752461177785,-0.07509571669019824,0.5128848428608425,0.45957189170797647,-0.07135469475908596,0.4996777412912341,0.48368384071395837,-0.07173312380816688,0.5256492199496356,0.48281646604469625,-0.07532333047847431,0.4743205698558609,0.5776103596354399,0.022863174246989713,0.5840191545034129,0.581134280485243,0.0012894161066502544,0.51930175607081,0.559955073133204,-0.03265020868422781,0.5215148648315819,0.6160911102017371,-0.015835819567297398,0.4616488419658256,0.5813928799243483,0.026180818150794236,0.5987079598844929,0.5806607563683239,0.0014162539193675926,no,2025-11-18T07:30:07.558645
0.15386180491577495,0.8075783882974268,6.966877007480359e-07,0.20797254360449074,0.7364584664327816,-3.972690118540551e-05,0.24325423124227796,0.6365279478007106,-0.007474559617771147,0.27305860866015275,0.5720499654677337,-0.020520297502836692,0.30804867437677264,0.521908051418606,-0.0323599344622855,0.1679528010451643,0.5460109207732242,0.0022378271786737697,0.21364262031388245,0.4836430929863888,-0.022069436761787183,0.2499973545122149,0.44576049695876424,-0.03811063698183506,0.2793396596563452,0.41584285844652924,-0.04768372447134484,0.13304759739582833,0.545563971420999,-0.013642446153956553,0.19087536656727813,0.46760230268283653,-0.04208231983514289,0.24345830569530696,0.4406219124092151,-0.05209370962026727,0.2812288503514737,0.4217338125176867,-0.05359026000532115,0.10950316047626542,0.5637826682658491,-0.03172728594322189,0.19470368712819716,0.5444999092315252,-0.06448255547127905,0.2065325669166841,0.6168670672934117,-0.05929037365071732,0.19704408636505025,0.6608422501524329,-0.046541557048237495,0.1017560648271904,0.5942308929670532,-0.0507741737536932,0.18045278180297408,0.5944351293044042,-0.07203873446493984,0.1884664270128652,0.6502125623721147,-0.06564789387200315,0.17514057337105937,0.6805295848945295,-0.055159403934269165,0.0,0.0,0.0,0.0,0.0,0.0,0.0,0.0,0.0,0.0,0.0,0.0,0.0,0.0,0.0,0.0,0.0,0.0,0.0,0.0,0.0,0.0,0.0,0.0,0.0,0.0,0.0,0.0,0.0,0.0,0.0,0.0,0.0,0.0,0.0,0.0,0.0,0.0,0.0,0.0,0.0,0.0,0.0,0.0,0.0,0.0,0.0,0.0,0.0,0.0,0.0,0.0,0.0,0.0,0.0,0.0,0.0,0.0,0.0,0.0,0.0,0.0,0.0,0.4335693524167932,0.3904618223924817,0.033288668643847,0.48264445922466453,0.39675322268297597,0.012393135287034973,0.5651092518490046,0.3944927684651065,-0.0034591336465467923,0.6220530487073557,0.38333724101393796,-0.0019493695743689,0.5120848808013286,0.4996529753477532,-0.06971588233038392,0.5168012627488222,0.5168965680871909,-0.03476136599625199,0.5111102721867518,0.4822414674078558,-0.07513124673325601,0.5119154093206648,0.45874969347457084,-0.07126602535209814,0.4986838965426431,0.4829927167704008,-0.07176146618975277,0.5248000175752207,0.48201686558689283,-0.07536776841511568,0.474313040188398,0.5771082868409592,0.021898886383693927,0.5841765255701878,0.5800562902899238,0.0002642625487640606,0.5195739189022568,0.5585034552887547,-0.03326627920688289,0.5215571085956768,0.6143342742781146,-0.016028237429784983,0.4617676537576473,0.581697372417237,0.025370112357216937,0.5978058506221018,0.5805062035415991,0.0005397757359914984,no,2025-11-18T07:30:07.692107
0.15275112495487386,0.8094510155140698,6.99253082712399e-07,0.2069243948495972,0.7385334898940183,0.00030258830620875346,0.2427777284522547,0.6377794405904188,-0.00698196109271717,0.27277558321210305,0.5729230890704604,-0.019926723870317693,0.3073422058979505,0.5221937033769208,-0.03164210312722944,0.16624822977005682,0.5486498819640657,0.0023316295755216607,0.2126609947625397,0.4859137427193144,-0.02190835647436512,0.2491026108288766,0.4477956486268202,-0.03787685971086725,0.27884831450644104,0.4176982777778758,-0.04746996857643837,0.13125238656374363,0.5480313477023818,-0.013818304993757555,0.18955700111324797,0.4695130984248915,-0.0423231659726881,0.24256173019540891,0.44231541451282747,-0.052285577536836325,0.28091338776881547,0.42365514538028043,-0.05376794912235242,0.1078279368875315,0.5660261095330863,-0.032126090433096804,0.1935856287165339,0.5455277737724094,-0.06455420736591908,0.20550668198453376,0.6178138861438067,-0.0590138965981839,0.19613128001895852,0.6619421295146167,-0.04622711257858881,0.10058180179940987,0.596258999263678,-0.051425780140973376,0.1797326296004464,0.5965735185840106,-0.07259969513073386,0.1875828565580569,0.6530261816033852,-0.06616116003500441,0.17428998588949773,0.6837025237132865,-0.05572346178401957,0.0,0.0,0.0,0.0,0.0,0.0,0.0,0.0,0.0,0.0,0.0,0.0,0.0,0.0,0.0,0.0,0.0,0.0,0.0,0.0,0.0,0.0,0.0,0.0,0.0,0.0,0.0,0.0,0.0,0.0,0.0,0.0,0.0,0.0,0.0,0.0,0.0,0.0,0.0,0.0,0.0,0.0,0.0,0.0,0.0,0.0,0.0,0.0,0.0,0.0,0.0,0.0,0.0,0.0,0.0,0.0,0.0,0.0,0.0,0.0,0.0,0.0,0.0,0.45343190957536283,0.39149602753020235,0.019016999419860486,0.5067026121501741,0.3973582540645715,0.005583464430263124,0.5888988668283567,0.39404727181723953,0.001973355900913978,0.6427805531508275,0.3837362734477191,0.010873782614975718,0.5482747452121419,0.4998642472163418,-0.07004008193276627,0.5493766788902803,0.5168712250130626,-0.034677557893817865,0.5477146338312604,0.4824573773997592,-0.07562283887842686,0.5473967312544944,0.45903023175468044,-0.07193377243857463,0.5346244707112782,0.4832101057673644,-0.07363284360594091,0.5610425845284246,0.4820851704357346,-0.07447584957296768,0.49918020745686986,0.578477394095681,0.014891519308647272,0.6086720452195574,0.5792993508086429,0.010272647138277446,0.5526599247869743,0.5599554510750109,-0.032541285880511486,0.552937128163729,0.6150167529513589,-0.015426209146791324,0.48363186922387064,0.581846131791962,0.016952372490206292,0.6224175358399968,0.5776467611240558,0.011636734839209567,no,2025-11-18T07:30:07.827526
0.1529982721093568,0.8092962362974554,7.003100768999938e-07,0.20722356492462696,0.7386951113696624,0.0004780712047729909,0.24280333191850254,0.6377944479925819,-0.006543200294855594,0.27278385696039875,0.5728390042997108,-0.01925392487778294,0.3069948725183722,0.5216258035717765,-0.030835002440506333,0.16715764881580691,0.5487323873664628,0.003014461227372742,0.2133605910511612,0.4866928255251159,-0.021375466436905327,0.2496949824106694,0.44756102028108435,-0.03746349384698026,0.27919365178675937,0.41680765834770866,-0.04714945826888439,0.13218035220788193,0.5478447167627205,-0.013232374567811166,0.19013615703550582,0.4681731363267798,-0.0421378041752469,0.2432970863825708,0.4415468945923817,-0.052351718485958904,0.28162133943704293,0.423053782688271,-0.053816931212029365,0.10850594827522289,0.5657619029663875,-0.03165039836411472,0.1937857987723676,0.5450564114623918,-0.06484818848034189,0.2055166138141701,0.6180793647657052,-0.05942217305986275,0.19579717067583058,0.6619799460877984,-0.04642254494986836,0.1007038537996378,0.5959449417171051,-0.05097431455235543,0.17951647636457332,0.5957986349214304,-0.07272986000008792,0.18733559853945783,0.6519272417549855,-0.06631599955909957,0.17369940101817416,0.6817662692094723,-0.05575993074829107,0.0,0.0,0.0,0.0,0.0,0.0,0.0,0.0,0.0,0.0,0.0,0.0,0.0,0.0,0.0,0.0,0.0,0.0,0.0,0.0,0.0,0.0,0.0,0.0,0.0,0.0,0.0,0.0,0.0,0.0,0.0,0.0,0.0,0.0,0.0,0.0,0.0,0.0,0.0,0.0,0.0,0.0,0.0,0.0,0.0,0.0,0.0,0.0,0.0,0.0,0.0,0.0,0.0,0.0,0.0,0.0,0.0,0.0,0.0,0.0,0.0,0.0,0.0,0.466109487063835,0.39107368639159656,0.01007555920821053,0.5228022686185746,0.3970030921049176,0.001275167233119648,0.6046050635258726,0.3948082236495179,0.005178913830057037,0.65658507289919,0.3843557043870523,0.018609454472914115,0.5708439894845805,0.5024092628427137,-0.06972993785869233,0.5696956577034257,0.5190683360764012,-0.034280048806580525,0.5706553673192252,0.4851059952804231,-0.07541555769433275,0.5697711169108928,0.4615915819608668,-0.07186271437695066,0.5571523375513788,0.48582638257270805,-0.07427718481037288,0.5837134905407321,0.48471012815228504,-0.07341240093318184,0.5138453293868517,0.5789081213432659,0.010428709492365896,0.624011140340873,0.5794186692588441,0.015997943876107413,0.5720711032359249,0.5606982574779656,-0.031858497139367205,0.5713094661719371,0.615418103572237,-0.014946149171647244,0.49776137871899095,0.5838094422769013,0.011726394695584442,0.6374391150765231,0.5781833077394571,0.018120432687763696,no,2025-11-18T07:30:07.961129
0.15384943213479085,0.8094708551272586,6.931871087546132e-07,0.20776784446926386,0.739215983199861,-0.0008097423485411197,0.2431021018360976,0.6389432018271778,-0.008569731758625984,0.272990500615171,0.5732465299475544,-0.02189005744523817,0.30792983732024415,0.5212456815748592,-0.03409257892682856,0.16800395340427568,0.5482707258773689,0.0021445595643746138,0.21325977808097002,0.4865300851906891,-0.02263120763041708,0.24993983370125297,0.4483551356326381,-0.0390614849592882,0.27966941004560136,0.41831657631855346,-0.04899935113370596,0.13321075796925164,0.5477762862320835,-0.013622347733142214,0.19167745488865973,0.4691739032731006,-0.04293283574026284,0.24591717184814957,0.4439859576435572,-0.053362534240189954,0.2845747632367786,0.42672484194571325,-0.0549567387819695,0.10951423962409025,0.5662251904796995,-0.031713243792676905,0.195079995803134,0.5454729243305154,-0.06552721382210874,0.20687021677341805,0.6186374130194493,-0.060470985475620576,0.19695681108883845,0.6620408458466336,-0.04762693498711737,0.10159032589879466,0.5967680815248275,-0.05078561114361317,0.1806661620595259,0.5964388069683904,-0.07311496722314462,0.18840082142310643,0.652923439479101,-0.06702248301681632,0.1744559368477025,0.6826058018219907,-0.05662548064616683,0.0,0.0,0.0,0.0,0.0,0.0,0.0,0.0,0.0,0.0,0.0,0.0,0.0,0.0,0.0,0.0,0.0,0.0,0.0,0.0,0.0,0.0,0.0,0.0,0.0,0.0,0.0,0.0,0.0,0.0,0.0,0.0,0.0,0.0,0.0,0.0,0.0,0.0,0.0,0.0,0.0,0.0,0.0,0.0,0.0,0.0,0.0,0.0,0.0,0.0,0.0,0.0,0.0,0.0,0.0,0.0,0.0,0.0,0.0,0.0,0.0,0.0,0.0,0.4664857996737708,0.389735466495397,0.009715416618643315,0.521859186467643,0.39647809055185607,0.00028193780607307516,0.6047930641611602,0.3954547299964508,0.0030615382454005392,0.6574839231492715,0.38554342607658276,0.015738990432299562,0.5682142053212087,0.5033391929600531,-0.06995616791015442,0.5674165220127236,0.5196162340973132,-0.03386570798809957,0.5681126820765132,0.48609100478037115,-0.07591374147529252,0.5675631493024618,0.4623985640507688,-0.07270062808538695,0.5545497570039151,0.48653854903343197,-0.07464868570672109,0.5813658926759904,0.48582364670629996,-0.07404001675649266,0.5107238317046868,0.5778451441505605,0.01320921608819583,0.6231562700243336,0.5795837094959077,0.01724221158669386,0.5688522597058836,0.5601341657796932,-0.03076759112455087,0.5683550631049658,0.6153113977295694,-0.012578703683493939,0.4955658962496017,0.5826211606240006,0.014656481533022953,0.636361382022133,0.5791170371037526,0.01925141105699754,no,2025-11-18T07:30:08.096080
0.153598484528146,0.8098188454560853,6.938907853510154e-07,0.20809051407919066,0.7382817930220497,-0.0006359338911914199,0.2433203152584495,0.6390338274474787,-0.008634640560344697,0.2733427463403003,0.5736145035678324,-0.02219193531606105,0.3083973495235025,0.5215661939635465,-0.03465807804919633,0.16693580493681037,0.5483994303501072,0.001985911477044338,0.2134743961982876,0.4870520928425369,-0.022926180698166952,0.2506734155717492,0.44979451463276343,-0.03949342393704442,0.28078198733710125,0.420742289938833,-0.04950754375249236,0.13252540409487057,0.5480799995003192,-0.013832142344744124,0.19218342939011157,0.4689747368328546,-0.04315896022936432,0.24625577808038962,0.44457964039900333,-0.05361730458602496,0.28471107098377624,0.4282994820442525,-0.055213405257483694,0.10947000021484854,0.5663333930170257,-0.031901542206716524,0.19610200008357384,0.5464674256338093,-0.06542329773818564,0.2077759596936243,0.6192540676566516,-0.06025144376031605,0.19771996773209088,0.6627256355163954,-0.04735069165220336,0.10210941630943036,0.5967152120365989,-0.05092101113046423,0.1810222633112571,0.5965069739607272,-0.07269882330106549,0.18889033870675814,0.6524960570217313,-0.06617237029759464,0.17519511833716225,0.6821574264770964,-0.055474606749551306,0.0,0.0,0.0,0.0,0.0,0.0,0.0,0.0,0.0,0.0,0.0,0.0,0.0,0.0,0.0,0.0,0.0,0.0,0.0,0.0,0.0,0.0,0.0,0.0,0.0,0.0,0.0,0.0,0.0,0.0,0.0,0.0,0.0,0.0,0.0,0.0,0.0,0.0,0.0,0.0,0.0,0.0,0.0,0.0,0.0,0.0,0.0,0.0,0.0,0.0,0.0,0.0,0.0,0.0,0.0,0.0,0.0,0.0,0.0,0.0,0.0,0.0,0.0,0.4574099785703296,0.3884817988948237,0.017933439072697416,0.5104266641423679,0.3951710928814426,0.004683688475819054,0.5935650727967514,0.39560352037465973,0.001279070873214926,0.6477720378399708,0.38560287167629187,0.010284813258189652,0.5510512130541285,0.4997219402061847,-0.0698340122270861,0.5517677233152455,0.5167590617107507,-0.03421989226070857,0.5508116835217771,0.4823386604445374,-0.07556528562602821,0.5508342549052134,0.45888892075924825,-0.07205670373809944,0.5376836972237288,0.48278200118125913,-0.07359585536175288,0.5640834020512673,0.4823066520303274,-0.07439698960683634,0.4986242962139004,0.5758377253402797,0.015551690839300646,0.6099428040967158,0.5799789453832536,0.011022071223189402,0.5522169838301452,0.5590361025412596,-0.031945877435692334,0.5520670312167895,0.6147236295631795,-0.014412237441479368,0.48463905106822125,0.5809925215828285,0.017690660066292798,0.6236478793693734,0.5799541658392451,0.012479908868164899,no,2025-11-18T07:30:08.226620
0.15133289850358259,0.8110766020741272,6.754848922810478e-07,0.20590674883894988,0.7410136792182391,0.00013497966398890468,0.24108808446762273,0.6396966145751798,-0.00666141729096365,0.2715103267843851,0.5738412269082753,-0.019213918179440036,0.30632562776754196,0.5223412720687484,-0.03059335888404326,0.16531909428711933,0.5493432789224596,0.0035380363518670768,0.21087491677666453,0.4872800756952553,-0.02070057908082538,0.2479650464208424,0.4517348774555037,-0.03670677778039469,0.2788139298696462,0.424475439746333,-0.04636595972374126,0.13084022194108152,0.5487612347870096,-0.012353459257200916,0.18958720286186487,0.4703398781534421,-0.041603226530654874,0.24377290547200328,0.4472018079810263,-0.05202730299167428,0.28300005601305206,0.43293459483815866,-0.05344456921816884,0.10746027422322513,0.5666707951623062,-0.03047817299023866,0.1934417147467773,0.5474028598315226,-0.06342264034109867,0.20513582692704285,0.6204250828014093,-0.05808983516033514,0.19531099069578406,0.6646700243889045,-0.045145879509997745,0.09942565062812675,0.5966737569220013,-0.04959142365080722,0.17898299879973636,0.5982165738238542,-0.07095150236689474,0.18649834432591325,0.6545663263738722,-0.06461420728906184,0.17232521899009146,0.6846985366943588,-0.054111220611699824,0.0,0.0,0.0,0.0,0.0,0.0,0.0,0.0,0.0,0.0,0.0,0.0,0.0,0.0,0.0,0.0,0.0,0.0,0.0,0.0,0.0,0.0,0.0,0.0,0.0,0.0,0.0,0.0,0.0,0.0,0.0,0.0,0.0,0.0,0.0,0.0,0.0,0.0,0.0,0.0,0.0,0.0,0.0,0.0,0.0,0.0,0.0,0.0,0.0,0.0,0.0,0.0,0.0,0.0,0.0,0.0,0.0,0.0,0.0,0.0,0.0,0.0,0.0,0.4563302997061548,0.38848355567833837,0.0162300134918238,0.509746920957445,0.395788663096071,0.0034346271804877237,0.592443926226104,0.3968940589334389,0.0005772408193704054,0.6465630351782252,0.3873407890896031,0.00986201416111921,0.5508933135411481,0.5032747069233133,-0.0697199905598302,0.5515127562251123,0.5195940553628979,-0.033776729150254606,0.5506041523745208,0.4859414366313416,-0.07561269757299335,0.5505134843213506,0.46218285094454264,-0.07234269404000347,0.5373914399147361,0.48622779294044494,-0.0737199466558959,0.5639269673296498,0.48583469925372724,-0.07438385454963589,0.4984722739585814,0.5764199763233229,0.016303823743050345,0.6107079437964047,0.5796866429491951,0.012736551863814378,0.5533725207026855,0.5597436560431975,-0.031005392180327666,0.5532550462842828,0.615138683124943,-0.013036385699331365,0.48402160530705984,0.5819798716598683,0.018392460237883587,0.6232168132103062,0.5809346529956113,0.014242761820301951,no,2025-11-18T07:30:08.360388
0.14945494312348012,0.8140466614229585,6.613147120106218e-07,0.20376916233089004,0.7433233426570627,0.00035492697410022543,0.2392227014344797,0.641564466869728,-0.006372211199451447,0.2690520703402821,0.5752868119938715,-0.01879993619033075,0.30344586740111257,0.5236837967399406,-0.03002083439866044,0.16307599555788538,0.5514678015896783,0.0034283099723197803,0.20910433017444982,0.4899648154507771,-0.02060428612870243,0.24626639915265142,0.45524555783881293,-0.036474288686683246,0.27722244039869026,0.4288442772423987,-0.04607312295831762,0.12817709639648986,0.5508243670597188,-0.012573619315184931,0.18718189606813565,0.47255154637080365,-0.041500894510797484,0.24101278752241673,0.4504489996459544,-0.051666041469239164,0.279955508343669,0.43722630177355626,-0.05297154990733176,0.10473179391212106,0.5688279667892983,-0.030733164892870184,0.19095188175788724,0.5483380561593526,-0.06325622160115618,0.20297413550894303,0.6211022325151303,-0.05773566363422088,0.19356710249415515,0.6656338145702457,-0.04480477003899831,0.09696177367951328,0.5992856175128195,-0.04986729365101759,0.1763151342031633,0.6003800831384285,-0.07086926119726611,0.1842659937262005,0.6564795864790962,-0.06440260298125043,0.17092992875707347,0.6868184877933616,-0.05387406457144439,0.0,0.0,0.0,0.0,0.0,0.0,0.0,0.0,0.0,0.0,0.0,0.0,0.0,0.0,0.0,0.0,0.0,0.0,0.0,0.0,0.0,0.0,0.0,0.0,0.0,0.0,0.0,0.0,0.0,0.0,0.0,0.0,0.0,0.0,0.0,0.0,0.0,0.0,0.0,0.0,0.0,0.0,0.0,0.0,0.0,0.0,0.0,0.0,0.0,0.0,0.0,0.0,0.0,0.0,0.0,0.0,0.0,0.0,0.0,0.0,0.0,0.0,0.0,0.4637037368272214,0.3894801296610686,0.01132806706719822,0.518929338402688,0.3966208812926415,0.001362744359549538,0.6011570906097714,0.3958587901545475,0.0033298193524954997,0.6549009889006818,0.3858728880931948,0.01553971836048829,0.5648646984766592,0.5029969950136282,-0.06971506673515535,0.5642300438268201,0.5194055050354986,-0.033979584819892585,0.5646810470486954,0.4856704457317093,-0.0755407865203853,0.5640966188124392,0.46202544932938805,-0.07217597973141227,0.5512672145366833,0.4861027958203888,-0.07417790498001704,0.5778435033295892,0.4854488876365072,-0.07377471758996916,0.5087322595779388,0.5781647100893043,0.012851419134082918,0.6204750861522002,0.5798017984948612,0.01586193238837768,0.5657369884339996,0.5605001515765915,-0.031247678377451543,0.5653834466517391,0.6162562238199331,-0.013746181297659676,0.492720783379772,0.5825214986351099,0.014361319040727148,0.6330209401268053,0.5792133854386932,0.01774849512415406,no,2025-11-18T07:30:08.503525
0.15089566597492518,0.8142074547043991,6.605404350807545e-07,0.20475167782796638,0.742942728924738,-0.0003480863820029531,0.23949511152713823,0.6421078931867561,-0.00753783093588996,0.26880922017532904,0.5756700368753842,-0.020471379056614523,0.3031058121232934,0.5232080272914791,-0.03233395772297848,0.16401381647258054,0.5498070545290463,0.0038406549966503076,0.2090095062217731,0.4897460949783869,-0.020675885383994713,0.2462985090054944,0.455296711829372,-0.03709626070388678,0.277214669067143,0.42905010490595125,-0.04701385045547049,0.12909939385940827,0.5503507669038828,-0.012060405657518794,0.18794487719609326,0.47305680407872763,-0.04133354414704036,0.24185161575751574,0.4516012419475347,-0.051697253066133944,0.28044740956638864,0.4384463162939589,-0.05305330670327201,0.10528577278647244,0.5698418517608905,-0.03034033464703858,0.1915368502097885,0.5493769946457621,-0.06395712250907609,0.20349757861634515,0.6226680074032713,-0.05871397293194141,0.19386324551816522,0.6662633503660249,-0.04562511644585738,0.09722499909294573,0.6016187742562877,-0.04957291429992171,0.17668567122803505,0.6008954446587376,-0.07140927844843126,0.18435030067560407,0.6570926851615452,-0.06485341507728942,0.17023687319821218,0.686737928465086,-0.054052435028942525,0.0,0.0,0.0,0.0,0.0,0.0,0.0,0.0,0.0,0.0,0.0,0.0,0.0,0.0,0.0,0.0,0.0,0.0,0.0,0.0,0.0,0.0,0.0,0.0,0.0,0.0,0.0,0.0,0.0,0.0,0.0,0.0,0.0,0.0,0.0,0.0,0.0,0.0,0.0,0.0,0.0,0.0,0.0,0.0,0.0,0.0,0.0,0.0,0.0,0.0,0.0,0.0,0.0,0.0,0.0,0.0,0.0,0.0,0.0,0.0,0.0,0.0,0.0,0.4616720602738097,0.3905331570813583,0.012050602303411694,0.5163950502609906,0.39681567834487574,0.0014225447034781952,0.5990372407165678,0.3962122031426882,0.002248306609754924,0.6525300845325095,0.3856893268848466,0.013751812994869885,0.5619089322423274,0.5040741632191706,-0.06999461302370179,0.5616150891474494,0.5202051207294955,-0.03393298079412159,0.5616460411978401,0.48672231950930256,-0.07593005425519922,0.5610993748511659,0.4628740030794203,-0.07267510151760356,0.5481542686224066,0.48714746843822476,-0.07443854165903394,0.5749287089573514,0.4863731814872447,-0.07428935907321907,0.5061676205726608,0.5793697304947865,0.014412245816559853,0.6186685425935409,0.5801363292496431,0.01586313555709148,0.5630926684780929,0.5609798166463738,-0.03087185471168262,0.5632722737580748,0.6160705321541835,-0.013120482573091886,0.49052530558263197,0.5828953685535474,0.01603714884344316,0.6316462470600153,0.5789926373242202,0.017619811709907042,no,2025-11-18T07:30:08.631310
0.1514237875200859,0.8135189216251946,6.5558717846557e-07,0.20568880812174686,0.7437885594010287,-0.001274358786978485,0.24058210006460212,0.6434206908732395,-0.00905444255941832,0.2700829014084653,0.5767449305470671,-0.02246823156627113,0.30417591872358063,0.5235304262281371,-0.03483230003277296,0.16536518114640836,0.5493361566113707,0.0026540923404777495,0.21040830409336184,0.4891616410198484,-0.022178409101919004,0.24791544038245455,0.4551012300983408,-0.03886689927045764,0.2788663322123282,0.4294092442044557,-0.04907911342630168,0.13057632494712967,0.550168087843421,-0.013090694774353945,0.18968958559073004,0.4729362333505897,-0.04272601152063703,0.2442705198381199,0.452094125211896,-0.053281811439907296,0.2827827711980274,0.43964313128197396,-0.05483464072868355,0.10676166494982153,0.5704169819603098,-0.03128072724895627,0.19264897280720672,0.5487027318657277,-0.06531156105021332,0.20528139418135297,0.6221305923609222,-0.06003369222871466,0.1957095502173689,0.6654946548335099,-0.046986965347448034,0.0987963992471145,0.6027446128533178,-0.05048928755400405,0.17814194918566134,0.6011515160934832,-0.07281702425877679,0.18578207683859932,0.6570185992412341,-0.06631574416426841,0.17119549342426707,0.6861154306307822,-0.055573178538874834,0.0,0.0,0.0,0.0,0.0,0.0,0.0,0.0,0.0,0.0,0.0,0.0,0.0,0.0,0.0,0.0,0.0,0.0,0.0,0.0,0.0,0.0,0.0,0.0,0.0,0.0,0.0,0.0,0.0,0.0,0.0,0.0,0.0,0.0,0.0,0.0,0.0,0.0,0.0,0.0,0.0,0.0,0.0,0.0,0.0,0.0,0.0,0.0,0.0,0.0,0.0,0.0,0.0,0.0,0.0,0.0,0.0,0.0,0.0,0.0,0.0,0.0,0.0,0.45140447844203485,0.39134003613936535,0.01983511526955472,0.5032206266987174,0.3972685440712721,0.005453823946711708,0.5856678539379195,0.3963996831763017,0.00013885150666791395,0.6401485256761363,0.38597378569965596,0.00797443593312916,0.5432571330237058,0.5020139848097349,-0.06972985316917474,0.5446974235619907,0.518759419762636,-0.034113662639463825,0.5427335485434849,0.48466345627393076,-0.0754796168545245,0.5426875176829987,0.4610672781004935,-0.07201560962148794,0.5297057499289554,0.48522264664892195,-0.073295816544849,0.5561149458521193,0.48442108697946984,-0.07453707229116428,0.49338443584899827,0.5782782766930109,0.01689550332306388,0.6044778457730124,0.5801732094665879,0.009887262297529105,0.545853117915194,0.5605273412321987,-0.03175325765664926,0.5465998531475769,0.6149559136982465,-0.014140588645726393,0.4797459395297117,0.5831037611848853,0.01926885612817395,0.6180877841268552,0.5805802207827003,0.011184650596199625,no,2025-11-18T07:30:08.764772
0.1518942889798458,0.8133759697733212,6.71047320449249e-07,0.20583962835792008,0.7408876514255968,-0.000694670179764836,0.24048244531504642,0.6422370645299424,-0.008697771778820574,0.2700015656601348,0.5767047785727126,-0.02233234324679819,0.3041234192378508,0.5240327728808379,-0.034886414823729964,0.16248774120129408,0.5497081683897613,0.0027002249614936336,0.2093209867467885,0.4896958175392287,-0.02227565992740575,0.24802767166589387,0.45619035182075396,-0.03918871251674623,0.2797740307645198,0.4312027586226136,-0.04940003378813158,0.12846828127277443,0.5505346907989993,-0.013137806898188812,0.18911039532441393,0.4722878438576832,-0.04245294516087222,0.24362952332962817,0.45150929066571666,-0.0530333991169511,0.2820481399735178,0.43951503266197545,-0.054627928489074745,0.10602586756297305,0.5701547538166112,-0.03126273543217257,0.1932041325856636,0.5490541533321558,-0.06471549099792885,0.2053894412804157,0.6218086280896408,-0.05944736590381465,0.1953914879935874,0.6652596465047371,-0.04645698791201862,0.09942156911465756,0.6020448375545886,-0.05032527805804127,0.17846361428942872,0.599460567063923,-0.07181346250971371,0.18651000505834156,0.6551455842103845,-0.06471017566456409,0.17257703159467902,0.684955202955772,-0.0535466140554329,0.0,0.0,0.0,0.0,0.0,0.0,0.0,0.0,0.0,0.0,0.0,0.0,0.0,0.0,0.0,0.0,0.0,0.0,0.0,0.0,0.0,0.0,0.0,0.0,0.0,0.0,0.0,0.0,0.0,0.0,0.0,0.0,0.0,0.0,0.0,0.0,0.0,0.0,0.0,0.0,0.0,0.0,0.0,0.0,0.0,0.0,0.0,0.0,0.0,0.0,0.0,0.0,0.0,0.0,0.0,0.0,0.0,0.0,0.0,0.0,0.0,0.0,0.0,0.44413003141252283,0.3911800031589847,0.024217537999517254,0.4945193126732036,0.39784633141426,0.007459130078701819,0.5766965177587546,0.3965711774522179,-0.0017009287047969391,0.6321383442685033,0.3860177121466648,0.0038433376218700993,0.530843265780194,0.501451881473471,-0.06947102571331051,0.5335172215027513,0.5184403311429147,-0.03404312503795072,0.5300745360362689,0.48410463312906893,-0.07516919331448073,0.530223122378334,0.46058852419924884,-0.07167543658588474,0.517278396576645,0.4847837731516552,-0.072555970283428,0.5435607006367835,0.48381527397660473,-0.07466145789135928,0.48542397473087273,0.5782630609329464,0.019160822292559162,0.5960382934137737,0.5800935105274376,0.006808640227520527,0.5355548758368694,0.5601808511542768,-0.031815015149392445,0.5366526187010162,0.6149034558115256,-0.014148220627054547,0.47249805190005634,0.5832733139935504,0.021964433009484353,0.6098920184748655,0.5806482663571553,0.007779125418498215,no,2025-11-18T07:30:08.901383
0.14866089211050548,0.8141249815850401,6.59941869854209e-07,0.2034893455004856,0.7416879582315667,0.00021819348870818367,0.23836712328370577,0.6422345624811883,-0.007248100281938225,0.26826171837503504,0.5771307241423896,-0.020588954431941347,0.3024778156045669,0.5249236530572403,-0.03288708100358604,0.159955082282013,0.5501580142390549,0.0035282331404110903,0.207112942873955,0.4896504433498451,-0.021206249353129585,0.2461266389940912,0.45652485101261087,-0.03802056408391461,0.2785118921198545,0.4320409542682007,-0.04824196099551861,0.1260233030933765,0.5510070450016267,-0.012729696809417119,0.18685006946930535,0.47242033989949894,-0.04196978116929853,0.24178035220140848,0.4522031365485642,-0.052561446419337327,0.28072922130626266,0.44134262616089037,-0.05414912457447531,0.1036704706159649,0.5704038875761065,-0.03117160804857053,0.19092373444087257,0.5479802228853314,-0.06425820353681766,0.20413942696097048,0.620829661611425,-0.058654563081244636,0.1949932857939548,0.6653643782583958,-0.04553703914312498,0.09718230039166029,0.6018607700269891,-0.05053457424759325,0.17651442006452178,0.5987175827358342,-0.07174908287028578,0.18550298783257274,0.6548531346840802,-0.06442683844334887,0.1723939146310912,0.6858660397026785,-0.05315582968523007,0.0,0.0,0.0,0.0,0.0,0.0,0.0,0.0,0.0,0.0,0.0,0.0,0.0,0.0,0.0,0.0,0.0,0.0,0.0,0.0,0.0,0.0,0.0,0.0,0.0,0.0,0.0,0.0,0.0,0.0,0.0,0.0,0.0,0.0,0.0,0.0,0.0,0.0,0.0,0.0,0.0,0.0,0.0,0.0,0.0,0.0,0.0,0.0,0.0,0.0,0.0,0.0,0.0,0.0,0.0,0.0,0.0,0.0,0.0,0.0,0.0,0.0,0.0,0.450003235611161,0.392734375830858,0.018963343661460547,0.501934389021691,0.3991472970528789,0.004715832619070334,0.5844060195948619,0.39733071039587825,-0.0003722673759249146,0.6387806398771716,0.3861044209155565,0.0076131999252152735,0.5432693103593506,0.5029778340186721,-0.06974353355567946,0.5446930129787774,0.5192740684359135,-0.03391975870957099,0.5425729449743112,0.4857350735845311,-0.07559337594457863,0.5422394231657905,0.46213676505124646,-0.07227544207858118,0.529484969124199,0.4864323161679602,-0.07344291539593496,0.5560031617788868,0.48527396785034765,-0.07462408485764978,0.494064804185581,0.5800063990978361,0.01758708817779661,0.6058159230015951,0.5796041824316113,0.010896363191705973,0.5478747436931235,0.5608172458076224,-0.03127396125211207,0.5487951308760819,0.615394088545335,-0.01310596439170091,0.4797736518474357,0.5835181288691049,0.019911980425347357,0.6185958424397948,0.5791725332945444,0.01220266535691127,no,2025-11-18T07:30:09.030290
0.14726642959388037,0.814783712239511,6.657550145796169e-07,0.2022661776292406,0.741442116494476,-0.0005387878746025038,0.23738647146908526,0.641791372818124,-0.00837237034796889,0.2673549441608528,0.5764772540084506,-0.021965036860669772,0.3019399537922737,0.5242240581169838,-0.03456600864549457,0.1582202454132767,0.5501939308351189,0.002700882143193042,0.2059189700779916,0.4900006429128681,-0.02249598636321173,0.24529634522670182,0.45708559557218525,-0.039663770156433506,0.2779397717912047,0.43273590238701476,-0.05005655027584406,0.12436726844403284,0.5511175755117539,-0.013236680008056815,0.1863462097973091,0.4737603987839017,-0.04287884262651366,0.24151019583461003,0.4534276782796608,-0.053812006185938385,0.28071614454290184,0.44186179545845117,-0.05560937886526824,0.10210463414626408,0.5707236000628488,-0.03140596266979594,0.19052499479774113,0.5498623717747733,-0.06517224790183168,0.20338466794015245,0.6232676605004605,-0.059908208227147666,0.19394373072132204,0.6674443153365496,-0.04678072196855136,0.0953897295906475,0.6025650245150662,-0.05050158590435712,0.17468984581641006,0.5996164145635653,-0.07204182777156486,0.18363305018879308,0.6556462195179434,-0.06467227964881563,0.1705802662030273,0.6861525385128382,-0.053231240027794745,0.0,0.0,0.0,0.0,0.0,0.0,0.0,0.0,0.0,0.0,0.0,0.0,0.0,0.0,0.0,0.0,0.0,0.0,0.0,0.0,0.0,0.0,0.0,0.0,0.0,0.0,0.0,0.0,0.0,0.0,0.0,0.0,0.0,0.0,0.0,0.0,0.0,0.0,0.0,0.0,0.0,0.0,0.0,0.0,0.0,0.0,0.0,0.0,0.0,0.0,0.0,0.0,0.0,0.0,0.0,0.0,0.0,0.0,0.0,0.0,0.0,0.0,0.0,0.4587369109555286,0.3935092524868096,0.012524787901060416,0.512453754617123,0.4005008017561529,0.0017955353684161218,0.595293760968543,0.3974889562054007,0.002587997330705956,0.6481742492865777,0.38599065745637445,0.014168755698100343,0.5595660080334504,0.5043176044387642,-0.06977751335700996,0.5593027571569607,0.5205725791856082,-0.03396568428094249,0.559094711947147,0.48710677767704647,-0.07563297886822819,0.5582449116160831,0.4635544517280463,-0.07230136776709095,0.5456737785264855,0.4878328006783176,-0.07414179758034128,0.5723418933703699,0.48657997482425985,-0.07399183557805775,0.5049942117279529,0.5817916881753982,0.01367714448779643,0.6165670036207774,0.5799978841292426,0.015139515925398484,0.5623947356904796,0.5617853125762813,-0.031258517968723615,0.5625420943038552,0.615658269782311,-0.013468908197816456,0.4892405476615795,0.5849726405129674,0.015330013903493419,0.6293883641157867,0.5791069177493382,0.016962238661009592,no,2025-11-18T07:30:09.151270
0.14939422752992282,0.8143859605051315,6.653509409627392e-07,0.2040073231333535,0.7432067555166777,-0.0016545228777568675,0.23898568324192407,0.6434681561203657,-0.009883362431373275,0.26873624762459297,0.5768500092502428,-0.023683436560911496,0.30325918864616735,0.5233774261303303,-0.03650179559896379,0.1618989104888306,0.5498414760681942,0.0026131331077037037,0.20841793088603025,0.49056576568746735,-0.022792975152988962,0.24702713691827494,0.45694198511252393,-0.04010337074961778,0.2788991357783004,0.43171823636596984,-0.050626240482708675,0.12764103788183698,0.5505280675219597,-0.012913584213496771,0.18860088624211463,0.47313295431863234,-0.04270111522302112,0.2432304090773926,0.4527089178227299,-0.05360469858869387,0.28171561335574047,0.4403873915837483,-0.055351870085252525,0.10442126174786234,0.570406708554984,-0.03091207409349391,0.1914089617467099,0.548778587029507,-0.06526947409673264,0.20378445104122794,0.6225316872009901,-0.0601694941401432,0.19401387459508943,0.6658880843631447,-0.04705328016288076,0.09682414598834171,0.6025399735669661,-0.04990141883671149,0.17583209354485893,0.5998497338377977,-0.07210986854309864,0.18390561931598848,0.6559001578222499,-0.06518436014296364,0.16993192498164442,0.6852217122190656,-0.05403361132425542,0.0,0.0,0.0,0.0,0.0,0.0,0.0,0.0,0.0,0.0,0.0,0.0,0.0,0.0,0.0,0.0,0.0,0.0,0.0,0.0,0.0,0.0,0.0,0.0,0.0,0.0,0.0,0.0,0.0,0.0,0.0,0.0,0.0,0.0,0.0,0.0,0.0,0.0,0.0,0.0,0.0,0.0,0.0,0.0,0.0,0.0,0.0,0.0,0.0,0.0,0.0,0.0,0.0,0.0,0.0,0.0,0.0,0.0,0.0,0.0,0.0,0.0,0.0,0.46066061384301393,0.39399031481056634,0.011842011290647901,0.5140874484545728,0.4009490895043658,0.0008141260767190897,0.5969897511965518,0.39879641162969315,0.000989828916210376,0.6502558107947933,0.3878800163903119,0.012153358472086795,0.5599213475893418,0.5060214216194066,-0.0698250543634129,0.5597285677855574,0.5220659853420869,-0.0335973462989681,0.5595310254929979,0.4889579154298242,-0.07585344681726991,0.5588758725846987,0.4654478032709064,-0.07276813057434328,0.546087469097227,0.48958077337935807,-0.07429838411908338,0.5728510490335126,0.48848026510778575,-0.07428436749367594,0.5044444790157556,0.5814131742573768,0.01546596552684814,0.6167502045100499,0.5811934108012698,0.016085955055530378,0.5619581925255681,0.5623622696018156,-0.030524312564765135,0.5618758864768787,0.6173411838508875,-0.01096615942922048,0.4899754477762167,0.5859792037003161,0.017270083115753898,0.6297356645064712,0.5811341657094622,0.0179379214900526,no,2025-11-18T07:30:09.303523
0.15130457950897996,0.813469057284655,6.555659279639416e-07,0.20595209079355206,0.743350156246498,-0.0020498374535759855,0.24084154303840816,0.6436757518158286,-0.010055358337385495,0.270288231176951,0.5765389861104881,-0.02356475608958928,0.3046455655068605,0.5231310763273417,-0.03604587194775537,0.16639146183239747,0.5478171470688261,0.003132502692481765,0.2114000363572836,0.48917307892870987,-0.022106435482929017,0.24947064024029592,0.4562361950785398,-0.039222168949080094,0.2810392690648399,0.43163550205978546,-0.049578178579996454,0.13163255938910728,0.5481103748940975,-0.01207858113002853,0.19137019086704807,0.47093402657871924,-0.04172325569503049,0.24516156646191406,0.4509094744753298,-0.05245142375938333,0.2833447663736863,0.4387863097273447,-0.053950206352002025,0.10749409909058881,0.5678231584213976,-0.02991403118743156,0.19402752803445725,0.5479024616112959,-0.06434589818499352,0.2056279555726083,0.6218341762726142,-0.059532297024128336,0.19576497170563723,0.6649932629819721,-0.04645635134879249,0.09894552040880747,0.5998659218897605,-0.04879225626677207,0.17809192875427915,0.5990854368251336,-0.07102751255867396,0.18545208271974656,0.6547726578181379,-0.06455555081189548,0.17116648288705483,0.6831338010367484,-0.05369668099126456,0.0,0.0,0.0,0.0,0.0,0.0,0.0,0.0,0.0,0.0,0.0,0.0,0.0,0.0,0.0,0.0,0.0,0.0,0.0,0.0,0.0,0.0,0.0,0.0,0.0,0.0,0.0,0.0,0.0,0.0,0.0,0.0,0.0,0.0,0.0,0.0,0.0,0.0,0.0,0.0,0.0,0.0,0.0,0.0,0.0,0.0,0.0,0.0,0.0,0.0,0.0,0.0,0.0,0.0,0.0,0.0,0.0,0.0,0.0,0.0,0.0,0.0,0.0,0.4505625403266202,0.3912539962972662,0.02116694897555228,0.5014006842854987,0.3981250965481424,0.005780282997797392,0.5845658482793215,0.3979203563313566,-0.0011940401951132007,0.6393575427818113,0.3882808928806723,0.005654763741672192,0.5388545808648308,0.5017418024282412,-0.07007827667196753,0.540630939099459,0.5185036004286119,-0.03426536354078616,0.5384219251095513,0.48456485754477663,-0.07589186092012673,0.5386911103588929,0.4613003382742853,-0.0725097140539277,0.5254014558773489,0.4850122000107926,-0.07352108996560668,0.5519439216095755,0.4844753569200809,-0.07512449112131536,0.4895884091989636,0.577566248469402,0.019054781661703737,0.6005293845864916,0.5811671433088075,0.009601109997419272,0.5425947898319674,0.5600475450563399,-0.031669187848287185,0.5424557361785791,0.6155275221813337,-0.012948897680177353,0.47622066503877364,0.5817412934299768,0.02153371486130226,0.6156219919421853,0.5814312226500344,0.01069166687759472,no,2025-11-18T07:30:09.444257
0.1516920957628289,0.8124325896317074,6.665178707726761e-07,0.2064788702993105,0.7407171766454352,-0.0012014278851245502,0.2413403194942674,0.6416106558494732,-0.009008180257937828,0.27096393813829545,0.5754460424899059,-0.022346188400755963,0.30526842045637215,0.52293154787589,-0.03458875803875424,0.1653632147824135,0.547340530302449,0.002512279038648252,0.2108369491211772,0.4871838810018305,-0.022185886445258988,0.24924830546884943,0.45395324205907583,-0.038742946101641945,0.2809417254204433,0.4292030349768837,-0.04865162442395609,0.13088100050401333,0.5479189202618375,-0.012830300132692238,0.190163285378745,0.4695140983361278,-0.04161936821099391,0.24411678479402923,0.4491631582295625,-0.051848342371544426,0.28253577196362234,0.43742025483067526,-0.05322270326948494,0.10762888846302665,0.567405217249334,-0.030540995490916843,0.19423565261900855,0.547872243684066,-0.06391085408817662,0.2057759799444691,0.6206330147834933,-0.0589996097579586,0.1956753571492244,0.6637556437132761,-0.04616829540284225,0.10011997425946507,0.5990396184499156,-0.04920201294168796,0.17880153675577498,0.5977257721444851,-0.07057334617196279,0.18637250064131783,0.6529474947187003,-0.0638153789928599,0.17226110563744373,0.6820061903266474,-0.05291160391192257,0.0,0.0,0.0,0.0,0.0,0.0,0.0,0.0,0.0,0.0,0.0,0.0,0.0,0.0,0.0,0.0,0.0,0.0,0.0,0.0,0.0,0.0,0.0,0.0,0.0,0.0,0.0,0.0,0.0,0.0,0.0,0.0,0.0,0.0,0.0,0.0,0.0,0.0,0.0,0.0,0.0,0.0,0.0,0.0,0.0,0.0,0.0,0.0,0.0,0.0,0.0,0.0,0.0,0.0,0.0,0.0,0.0,0.0,0.0,0.0,0.0,0.0,0.0,0.4431589561870223,0.3894467594248782,0.026528028026933055,0.4927420491816287,0.3958002251329732,0.008727955449973773,0.5752462298514069,0.3968667021086257,-0.0022333299960150214,0.631034809246054,0.38682087983286084,0.002163782522209065,0.5261625854897122,0.500184479223726,-0.06967847823004009,0.5291553450094005,0.5170512765994225,-0.03423941039867086,0.5255539398401607,0.48292263689750276,-0.07534790093597546,0.5261367295912202,0.45958164084257935,-0.071792934381395,0.5127887341966852,0.4833641631071648,-0.07251944264496613,0.5391433952072535,0.48290418713466204,-0.07503189711071223,0.48199543333731293,0.5760464580321558,0.020146221861876326,0.5915240406857324,0.5804736225424653,0.0051897298479702345,0.5303201374258256,0.558187116196154,-0.03213763773665694,0.5309142189117383,0.6144197640890189,-0.014312086167700123,0.46897698822674616,0.5808515350816876,0.023151306562437954,0.6062551180471272,0.5813993576629078,0.005991711639682268,no,2025-11-18T07:30:09.580736
0.1493310870559712,0.8160142314937864,5.839343198363434e-07,0.20448530037544718,0.7431360205260105,-0.000418568943873093,0.23823313920689626,0.6420245337810598,-0.006837330945338567,0.2658960079657084,0.57498575899596,-0.01904007377702526,0.3001808443062119,0.523746059296374,-0.030048225143191703,0.1606565526979847,0.5483240277301887,0.005706262810786786,0.2039987381156385,0.4909130395438077,-0.017535375514435236,0.24172723765626158,0.4627089678026855,-0.03356160019259467,0.27334085139010755,0.4434071935910801,-0.04324680191909036,0.1275356394276601,0.5496792219793685,-0.009547698016718219,0.18537332904544015,0.4761036170372503,-0.03729095884440477,0.2374751427088661,0.459558839346753,-0.047730308822076115,0.274457653580917,0.4518121212145472,-0.04934061434436009,0.10526647000265438,0.5693371262943447,-0.027227656080011663,0.19086640324861026,0.547843455454475,-0.05958146836703486,0.20389893839180548,0.6192255957649309,-0.055504730249195666,0.19494370319752938,0.6626411022483312,-0.043480119536080705,0.09816382256345407,0.6011068842199987,-0.045798606761023236,0.17652709046851325,0.5973880406628492,-0.0663051015904484,0.18453286438344502,0.652226661311224,-0.05990649267986634,0.1707350992464486,0.6827482929363035,-0.04945090324392229,0.0,0.0,0.0,0.0,0.0,0.0,0.0,0.0,0.0,0.0,0.0,0.0,0.0,0.0,0.0,0.0,0.0,0.0,0.0,0.0,0.0,0.0,0.0,0.0,0.0,0.0,0.0,0.0,0.0,0.0,0.0,0.0,0.0,0.0,0.0,0.0,0.0,0.0,0.0,0.0,0.0,0.0,0.0,0.0,0.0,0.0,0.0,0.0,0.0,0.0,0.0,0.0,0.0,0.0,0.0,0.0,0.0,0.0,0.0,0.0,0.0,0.0,0.0,0.4443997451747718,0.39120353470358904,0.025099507160839727,0.49418959890016345,0.39752736299945474,0.0082119308899369,0.5763265565455765,0.39716179324639045,-0.0013259317689878316,0.6323667555522873,0.38648001713353247,0.0038778780922927346,0.528747181531172,0.5023542954857338,-0.06931618242909551,0.5315069413416753,0.5190782234246807,-0.034041108085845324,0.5280243744954283,0.48499345453140064,-0.0749195109054286,0.5282955931987015,0.4614206838026755,-0.07131470568151743,0.515278856634628,0.48551855895245477,-0.07226071442527199,0.5415130912174421,0.4848297195095612,-0.07445390432227239,0.48427726316790876,0.5781162337195996,0.018525364347118774,0.5942930161886608,0.5807795330195846,0.005636104146496766,0.5356561092955696,0.5593107884180538,-0.03232955455892219,0.5365016915843939,0.6154432623621975,-0.014623822414759314,0.47102815599768094,0.5835980972050742,0.021434320200390787,0.6074669380957529,0.5823388578227717,0.00662437914166342,no,2025-11-18T07:30:09.763556
0.1498700574950228,0.8185498422636168,4.897157649645712e-07,0.2040054515964913,0.7427463690562639,-0.00033176829165967577,0.23498057826853297,0.6445246124429744,-0.007152357697738091,0.2617806422465566,0.578027286398386,-0.020280856427940388,0.2950045723911431,0.5271115829337858,-0.0319485366685378,0.15825135071365454,0.54679926190434,0.010126834753284962,0.2046497581330985,0.49508644943365465,-0.014618853148722383,0.2444176548493634,0.4790318101037353,-0.03306083279063709,0.2761633248745124,0.4721566517004778,-0.04403010940867047,0.12664705426621348,0.549714804823989,-0.005425514040269052,0.1881556997309453,0.4854705697719821,-0.0348634804451373,0.24001377862267112,0.48250287510245365,-0.04729945624931683,0.2750760119253462,0.4868449434350324,-0.049834805188418256,0.10501575633263746,0.5702641887861342,-0.023914737209024102,0.18951505048409212,0.5495750900014074,-0.05664727395447824,0.20205858443886082,0.6203373543285409,-0.053791632083430574,0.19264056880428915,0.6642101080089312,-0.04252994007356899,0.09725781245627232,0.6026528786315295,-0.043372586164735175,0.17496624221330248,0.5953478572969855,-0.06359313089504529,0.1829888962167431,0.6492377989821806,-0.0570834198591869,0.16884819831964687,0.6810235853261839,-0.04646621413881734,0.0,0.0,0.0,0.0,0.0,0.0,0.0,0.0,0.0,0.0,0.0,0.0,0.0,0.0,0.0,0.0,0.0,0.0,0.0,0.0,0.0,0.0,0.0,0.0,0.0,0.0,0.0,0.0,0.0,0.0,0.0,0.0,0.0,0.0,0.0,0.0,0.0,0.0,0.0,0.0,0.0,0.0,0.0,0.0,0.0,0.0,0.0,0.0,0.0,0.0,0.0,0.0,0.0,0.0,0.0,0.0,0.0,0.0,0.0,0.0,0.0,0.0,0.0,0.4453077171785267,0.39279780392901925,0.022923259344129407,0.4959119452745141,0.39907328590608415,0.007004358410985577,0.5786929168016122,0.39789239145046573,-0.001081480596276252,0.6336328878736472,0.38615371963778067,0.004982843946697209,0.532477667151084,0.5027638531891102,-0.06920531958068431,0.5349319207784121,0.5194808684376516,-0.033850622124540014,0.5316938753180114,0.4854236675876226,-0.07485166391953024,0.5316874468011482,0.4618770622916576,-0.07132436994300023,0.5189395748970564,0.4860642324553152,-0.07237378103217793,0.5450770884210685,0.4851209648678101,-0.07422349556857638,0.4866907372491613,0.5802144088214698,0.01807997864873143,0.5979183405604559,0.581023862178585,0.007220231344231125,0.5395207776835972,0.5617406340962645,-0.03203655540999241,0.5407291282438266,0.6169823869584578,-0.013818889275880413,0.4737737064139482,0.5844020048975505,0.020827859671864495,0.6101626465705358,0.5814258993532041,0.008348734556900913,no,2025-11-18T07:30:09.887299
0.149214821354342,0.819709644032199,4.3122039545949734e-07,0.20328351934587596,0.7455615480802255,-0.00018822397869698435,0.23363137744117032,0.648346532591345,-0.006931584375104745,0.2598818057653071,0.5830187987625475,-0.0202787908600731,0.2932024428842617,0.5341017211372268,-0.03215716780936656,0.15721001753850986,0.546525577473929,0.012666886215721623,0.206348253683649,0.49812860193316644,-0.013225321678769456,0.24750518171850494,0.4902680858666107,-0.03320230120028261,0.27989349522286255,0.4905924836223031,-0.0449800984875231,0.12635142312014058,0.5498208111205669,-0.0030393746410198983,0.19244274693778787,0.4928247812601213,-0.033566678447718754,0.2439733224191885,0.5005339669053223,-0.0468082523100775,0.27787264193564976,0.5117175213848746,-0.049424485592961725,0.1050323479591616,0.5706664166548774,-0.021981712221772507,0.1910464595920598,0.5523881612173632,-0.05493230524496602,0.20265980856969973,0.6250687475931187,-0.0523406663672997,0.19258702347256007,0.6686819628312937,-0.04104603427890906,0.09671610451538477,0.6029402767963098,-0.04197003495885055,0.17501567120316308,0.5970423399510593,-0.061677334998322966,0.18214542381256466,0.6514362927940078,-0.054900541603454,0.16711051596461393,0.6827078995737975,-0.04399549659517981,0.0,0.0,0.0,0.0,0.0,0.0,0.0,0.0,0.0,0.0,0.0,0.0,0.0,0.0,0.0,0.0,0.0,0.0,0.0,0.0,0.0,0.0,0.0,0.0,0.0,0.0,0.0,0.0,0.0,0.0,0.0,0.0,0.0,0.0,0.0,0.0,0.0,0.0,0.0,0.0,0.0,0.0,0.0,0.0,0.0,0.0,0.0,0.0,0.0,0.0,0.0,0.0,0.0,0.0,0.0,0.0,0.0,0.0,0.0,0.0,0.0,0.0,0.0,0.4450013863316492,0.3952466577542664,0.02273410107017986,0.4956307358399243,0.40071879975426583,0.006783487310708219,0.5782713610783421,0.398578750971586,-0.0013137799445848309,0.6332425720858562,0.38599858771462703,0.004763607842863547,0.5329010736039234,0.5041009116752742,-0.06937417670947821,0.5354237967787476,0.5208015065683742,-0.03391875547521671,0.5319818255927368,0.48675458796709015,-0.07504312421492831,0.5317834359249882,0.4631942581985174,-0.0715303118705041,0.5191904109417228,0.4875625705056499,-0.07256477868895388,0.5453822925416042,0.4862828914438385,-0.07441693149295595,0.48770477247322874,0.5817253429624469,0.01845290383890734,0.598504815994034,0.5819763790644512,0.007576817820433853,0.5408908016587999,0.563121615475714,-0.0320294841381732,0.5420780891787522,0.6172792546211967,-0.013401465200231352,0.4742959084399758,0.5864315827786702,0.021182112411634917,0.611089930434392,0.5816772848797729,0.008688119925194707,no,2025-11-18T07:30:10.014455
0.14968413973639036,0.8198292778495346,4.29546174219414e-07,0.20378712604361593,0.7454520503710607,-0.0005747073251784952,0.2341000388177646,0.6494930332939635,-0.00783219656447641,0.26031058102234017,0.5849712884098229,-0.02189934155280209,0.2930745099782026,0.5354458076206153,-0.034406578176796127,0.1566695175053885,0.5464767713190568,0.014959757919269331,0.20672215441684053,0.5002756461623534,-0.011983546904450589,0.248602118933517,0.49566273613246303,-0.03326415431303384,0.2814750858053247,0.4999849815877629,-0.04564629727680827,0.12612586073857524,0.5498405548770712,-0.0008680459791179983,0.19395197281267063,0.4960204006836953,-0.03208268365919358,0.24507928277445937,0.5076032721432282,-0.04624342648949233,0.27810112638011736,0.5211205597894984,-0.0491343314344289,0.10524096008235256,0.5712459902812503,-0.020258966728881514,0.1914046397391337,0.5529322474177636,-0.05369419307925486,0.2027341688541324,0.6265657661324511,-0.051290816895011734,0.19248350237596662,0.6701323010243352,-0.03980446221055572,0.0973648645321484,0.6042181926641308,-0.0407804427156504,0.17552658078552624,0.5984142511637316,-0.06070531261179519,0.18220151569589796,0.6525032339824531,-0.05372691325837774,0.16672703540950345,0.6830489008443328,-0.0423884805114447,0.0,0.0,0.0,0.0,0.0,0.0,0.0,0.0,0.0,0.0,0.0,0.0,0.0,0.0,0.0,0.0,0.0,0.0,0.0,0.0,0.0,0.0,0.0,0.0,0.0,0.0,0.0,0.0,0.0,0.0,0.0,0.0,0.0,0.0,0.0,0.0,0.0,0.0,0.0,0.0,0.0,0.0,0.0,0.0,0.0,0.0,0.0,0.0,0.0,0.0,0.0,0.0,0.0,0.0,0.0,0.0,0.0,0.0,0.0,0.0,0.0,0.0,0.0,0.4417775088186719,0.3963854774958313,0.023869595094628295,0.4924159321613715,0.40151790853554203,0.0071960045202079685,0.5746962884493273,0.39984475964488114,-0.0020775869367798488,0.6303524497830861,0.3865786099965347,0.0032716277516526217,0.5294838076378381,0.5063995683483182,-0.06921035937896625,0.5322793927817688,0.5228893866784284,-0.03376134967979471,0.528515845419278,0.48895854834660507,-0.0749064707538093,0.5283594003240969,0.46518066882360865,-0.07144381084438596,0.5157551368921414,0.48978154536749474,-0.07229601490666795,0.541907981769612,0.48838626166754456,-0.07441764499886407,0.4846861902479593,0.5824482360945658,0.01953398372330003,0.595999108999138,0.5828876620072775,0.007008768472181796,0.5363926235390557,0.5649469786019623,-0.031619908623537585,0.5378091094201561,0.619115602585638,-0.013339764759116312,0.4719644607250004,0.5874284307211528,0.02233042848158717,0.608920745799624,0.5824568107939209,0.007954252760675413,no,2025-11-18T07:30:10.167603
0.15069866609965576,0.819978233504464,4.0934383240298356e-07,0.20410249029555827,0.7444227059697558,0.00014463361976513707,0.23444715639513794,0.6486123177429443,-0.006836691650127728,0.2608922524719626,0.584987749440965,-0.02082641001013327,0.2934243636726874,0.5366797140462849,-0.033171071675211036,0.15481575834166061,0.5471350500405556,0.016080981006303195,0.2057300206016507,0.5007435552837066,-0.011690749093505707,0.24813735328332498,0.49887736997739485,-0.033778074069830785,0.28156577984018527,0.5055097947375154,-0.046386770204103714,0.1245960908769666,0.5510314331869028,4.82986690783755e-05,0.19463475470257707,0.49868462689748116,-0.031316977586149014,0.24424919677472662,0.5134687345938004,-0.045413481587002716,0.2760156740880766,0.5289124904164473,-0.048179907098144396,0.10427078811374327,0.5723003556752931,-0.019674662448384124,0.1914944346042165,0.5546077712861676,-0.05287065767456185,0.20256305311460054,0.6280332564297204,-0.050555945973517334,0.19292575257414893,0.6713842559713808,-0.039099236883828964,0.09706881979306319,0.6051680782275122,-0.04055722567487041,0.17590938090027045,0.5998721763268762,-0.05993662080274856,0.18229006780259221,0.6541429965860295,-0.05299573104825816,0.1671200763018396,0.6850609465845809,-0.041676441384920423,0.0,0.0,0.0,0.0,0.0,0.0,0.0,0.0,0.0,0.0,0.0,0.0,0.0,0.0,0.0,0.0,0.0,0.0,0.0,0.0,0.0,0.0,0.0,0.0,0.0,0.0,0.0,0.0,0.0,0.0,0.0,0.0,0.0,0.0,0.0,0.0,0.0,0.0,0.0,0.0,0.0,0.0,0.0,0.0,0.0,0.0,0.0,0.0,0.0,0.0,0.0,0.0,0.0,0.0,0.0,0.0,0.0,0.0,0.0,0.0,0.0,0.0,0.0,0.4371044841227759,0.39627529010804596,0.026545468054268342,0.4878209965143405,0.40118378935363985,0.008433978547826572,0.5709055294308862,0.3995444893547968,-0.0030182918938885294,0.6264315010946986,0.38615700128351516,0.001089496852135521,0.5230975809467572,0.5055305940057784,-0.06929437886889406,0.5266444189860993,0.522164648306713,-0.033939693675322735,0.5220250933772873,0.48809594454340444,-0.07495759545666997,0.5220484669467165,0.4643999505006715,-0.07145151485202925,0.5094452600106306,0.4889974528385478,-0.07209724509800637,0.535451300807978,0.4875115991660629,-0.07471331668964809,0.4801875622870656,0.5823793669276692,0.020910767518469358,0.5910840865220452,0.5831846955189433,0.005304416568630456,0.5296224029636807,0.5638666596577316,-0.03177740348510005,0.5315085230919598,0.6196470914348784,-0.013521866101857493,0.4685311079593554,0.5869997640475576,0.023905450947825313,0.6052882933366711,0.5819777466464264,0.006023340331299535,no,2025-11-18T07:30:10.296887
0.15015359437661774,0.8200228792072186,4.144763566889517e-07,0.20396302836616292,0.7454297999548638,0.0005318068918764316,0.2345032418795529,0.649256317467511,-0.005795609328213016,0.26094039298440963,0.5858662673749014,-0.01911749945564771,0.29355203893778414,0.5386052574328409,-0.03091508103747658,0.15592050307696587,0.5471049820095661,0.016887017468650522,0.20685390363092254,0.5022588606954421,-0.009998370080994053,0.2495481960088805,0.5005351422316631,-0.03180605585824103,0.28310541530213457,0.5070072715409684,-0.044516360037225845,0.1254861512600928,0.5508585982729863,0.0006298388708536455,0.19511874976015542,0.49906242493803654,-0.03023929364770593,0.2456903020178107,0.5135644337393899,-0.04461983710220955,0.27832147728089285,0.5291094510798057,-0.04769535238282388,0.1047351705930979,0.5725749636900788,-0.01920085397731153,0.19150770432212397,0.5543846301480124,-0.052033545639162716,0.2027664809144475,0.628132510134721,-0.04986920284277292,0.19301573255357302,0.671948840660785,-0.038655144129251404,0.09674332459370186,0.6062589456059894,-0.040174814626814326,0.17581297993034456,0.6000959299393323,-0.05978185150080341,0.18252986944254443,0.6546045645657503,-0.05293016923590105,0.16753013783849607,0.6862051628236168,-0.04167104614454952,0.0,0.0,0.0,0.0,0.0,0.0,0.0,0.0,0.0,0.0,0.0,0.0,0.0,0.0,0.0,0.0,0.0,0.0,0.0,0.0,0.0,0.0,0.0,0.0,0.0,0.0,0.0,0.0,0.0,0.0,0.0,0.0,0.0,0.0,0.0,0.0,0.0,0.0,0.0,0.0,0.0,0.0,0.0,0.0,0.0,0.0,0.0,0.0,0.0,0.0,0.0,0.0,0.0,0.0,0.0,0.0,0.0,0.0,0.0,0.0,0.0,0.0,0.0,0.4335594428985233,0.3958224844218895,0.028736846189724198,0.4840325781064134,0.4007553484941875,0.009506869832761666,0.5664606208460431,0.3984308451269605,-0.0037894187232052367,0.6225713671168683,0.38545267046826515,-0.0008609299141661019,0.5174049170202384,0.5044945767594352,-0.06897213345376466,0.5215927413858261,0.5213484493555355,-0.03386058685972462,0.5162503048482812,0.4870483753183102,-0.07458734571388873,0.5164512959848023,0.4633508408051453,-0.07108085597156592,0.5038383503965889,0.4879977372205892,-0.07152199161095005,0.5297032037716037,0.48647370641572646,-0.07455772018964979,0.47661389270435434,0.5816359350946176,0.02199748701253964,0.5876119552178097,0.5827564777319295,0.003793771575045347,0.524088902859709,0.5636942608438804,-0.03168429954912294,0.5261227577255606,0.6191528468362899,-0.013691794207362568,0.46563852134208156,0.586503232520071,0.02517349203315586,0.6015762519711463,0.5817024815881363,0.00431808418776017,no,2025-11-18T07:30:10.428504
0.15048244702914063,0.8201691201150839,4.142169182695103e-07,0.20377606996635325,0.7452095677459103,0.0003667829829962786,0.23434758310656265,0.6500118517135681,-0.006548037580804368,0.2604959409303762,0.5865072284597896,-0.020609845749952914,0.29324224485455797,0.5386928839292042,-0.033157299972273374,0.1552742111370242,0.5475943224981608,0.01670359398178229,0.20597060387310898,0.5023134766161842,-0.010983123037867984,0.24880050083551783,0.5011031984332601,-0.03322315236156509,0.2827200503138786,0.5083190056149208,-0.04594643303389269,0.12491358115372804,0.5517264511788821,0.0004896793953452696,0.19506675482917057,0.5005221098860868,-0.03073459692195029,0.24493006664687533,0.5164914558757374,-0.04501853011395286,0.2769154620701263,0.5329538747193614,-0.04794537400075051,0.10416044905296717,0.5732811940318527,-0.019405018525177675,0.19086686137546321,0.5550556685648357,-0.05261062560779127,0.20176575475518593,0.6286917268977286,-0.05043558255854295,0.1921318288579442,0.6725994301055542,-0.03905818656288334,0.09607369164427067,0.6066685105074625,-0.040426277898371915,0.17516120046064423,0.6002662192974402,-0.05989259959783861,0.1819932996061256,0.654334401318596,-0.052807687064625825,0.16722814169604247,0.6861949931683239,-0.04129538922348841,0.0,0.0,0.0,0.0,0.0,0.0,0.0,0.0,0.0,0.0,0.0,0.0,0.0,0.0,0.0,0.0,0.0,0.0,0.0,0.0,0.0,0.0,0.0,0.0,0.0,0.0,0.0,0.0,0.0,0.0,0.0,0.0,0.0,0.0,0.0,0.0,0.0,0.0,0.0,0.0,0.0,0.0,0.0,0.0,0.0,0.0,0.0,0.0,0.0,0.0,0.0,0.0,0.0,0.0,0.0,0.0,0.0,0.0,0.0,0.0,0.0,0.0,0.0,0.430994776557332,0.3971710002065502,0.031199362894409294,0.4805085841991952,0.4018755866540151,0.010735472550038289,0.5623477456399253,0.3988576188611258,-0.004593965537731602,0.6186952084760367,0.385296976870981,-0.0029250748718031095,0.5123386994692867,0.5054175998306758,-0.06844063865943657,0.5170950319249077,0.5222644372613097,-0.033600993592511466,0.5110433064253765,0.4879684983242857,-0.07401704072679834,0.5112602992718507,0.4642384690037232,-0.07051004466712033,0.49870170157215765,0.4889978899020274,-0.07072574353239229,0.5245315452089372,0.4873141631739506,-0.07421670037774192,0.4738685109168821,0.5830155526532048,0.022863875994580157,0.5841462521812772,0.5834363491030863,0.001909864472458334,0.5196356393838035,0.5636435262005962,-0.03148904144300038,0.5221845551990687,0.6202965393181846,-0.014294015283717829,0.46301388890971873,0.5873856370653944,0.0262752861027281,0.5982390558657154,0.5819771939915475,0.002242878456926515,no,2025-11-18T07:30:10.560998
0.1498123710756436,0.8205831493348095,4.1183536123247345e-07,0.20349543218185367,0.7466844285529783,0.0007761577629365889,0.2339132806914077,0.6517149877178223,-0.005884745538064013,0.259542023185258,0.5885595815608274,-0.019729574847925962,0.29187349922209405,0.5406164786619898,-0.03212398837839438,0.15556105165110412,0.5482238897360951,0.01694370502110307,0.206126147831368,0.5030320196420155,-0.010580432863857965,0.2489505408235092,0.5015162109853526,-0.03277790928992294,0.28281351481815603,0.5089074299963336,-0.045547525776599436,0.12498134769051147,0.5522922231060732,0.0004310072531845639,0.1948231110032808,0.5009384915332381,-0.0308528980980067,0.24522744515624711,0.5171005641633784,-0.04528969276619827,0.27719815137655485,0.5340139351547857,-0.04828354219530152,0.10406297750528531,0.574018222719738,-0.019673751660612443,0.19042115093881498,0.5548240793805319,-0.052861080086739225,0.20199064609202091,0.6289268106095851,-0.05046726130457245,0.19222254881932627,0.6731887436019715,-0.03898441255193327,0.0957186989972986,0.607661981617867,-0.04085677925875818,0.174745829252825,0.6009023791151202,-0.06036231719715748,0.18201951378717077,0.6554301556096307,-0.05297278902958731,0.1672337995324466,0.6876035815031378,-0.04123464717884473,0.0,0.0,0.0,0.0,0.0,0.0,0.0,0.0,0.0,0.0,0.0,0.0,0.0,0.0,0.0,0.0,0.0,0.0,0.0,0.0,0.0,0.0,0.0,0.0,0.0,0.0,0.0,0.0,0.0,0.0,0.0,0.0,0.0,0.0,0.0,0.0,0.0,0.0,0.0,0.0,0.0,0.0,0.0,0.0,0.0,0.0,0.0,0.0,0.0,0.0,0.0,0.0,0.0,0.0,0.0,0.0,0.0,0.0,0.0,0.0,0.0,0.0,0.0,0.429021118914309,0.3975356715739172,0.03242604100232988,0.4784945192028309,0.402197719288502,0.011264389323713278,0.5601848839436199,0.39863674118753617,-0.005097686283233142,0.6165845737089961,0.38488011375401776,-0.004027248699304851,0.5086571283982786,0.5059154403972868,-0.0686840713908469,0.513852746579977,0.5227063677624297,-0.03370412446010652,0.5073233824149588,0.4885207235092574,-0.07427291959387936,0.5076519391867066,0.46483780652239226,-0.07074569164365309,0.49501927694212283,0.4895752734670202,-0.07085666286955919,0.5209024856324227,0.48785643206324025,-0.07458356359734111,0.4715425778404143,0.5831400709814486,0.023439725820967143,0.5817853465210128,0.5835063055501546,0.0011462227789453274,0.5163854766857677,0.5631407554766257,-0.03168349191314486,0.5192915819418042,0.6201860315857433,-0.01416865272588239,0.460646421469401,0.5878384324414649,0.026999963273324594,0.5957046109406702,0.5824403193792729,0.0014052727342818779,no,2025-11-18T07:30:10.696764
0.15003599253321365,0.8208420795902716,3.7549048086222404e-07,0.20330146910930605,0.7457491440078582,0.0008413976417329593,0.23344742165292431,0.6512746548467652,-0.006032694553871041,0.2593573505895162,0.5889150270436889,-0.0201773288119382,0.29176057103648495,0.5413144956729291,-0.03288816561716235,0.1547043581228772,0.5477468554515437,0.017129587351659856,0.20590142623826244,0.5024565711155634,-0.01111065795735847,0.2486728875849495,0.5021972596407781,-0.03370341291086208,0.28241948562334196,0.5108549558238199,-0.04651395948885609,0.12403860140367783,0.5527479029348725,0.0005799040147995685,0.19507430985850152,0.5029714785566124,-0.030633829105384577,0.24287403573139046,0.5238117533532041,-0.044535603988532596,0.27202454985514757,0.5424808602661441,-0.047206084554066885,0.10338037613658049,0.5751237484963283,-0.01971552706928413,0.19078929067460004,0.5571687049200633,-0.05301371428693899,0.20199686883286805,0.631238667660597,-0.050544014761902505,0.19185484116114324,0.6738374221378235,-0.03905513241937446,0.09539615849604195,0.6090811884579356,-0.04105342770184594,0.17452824927788269,0.6019630434908945,-0.06020454530052023,0.18144262430138414,0.6561398295633908,-0.05259964573895385,0.16593019149471985,0.6871856990233585,-0.04083229660699572,0.0,0.0,0.0,0.0,0.0,0.0,0.0,0.0,0.0,0.0,0.0,0.0,0.0,0.0,0.0,0.0,0.0,0.0,0.0,0.0,0.0,0.0,0.0,0.0,0.0,0.0,0.0,0.0,0.0,0.0,0.0,0.0,0.0,0.0,0.0,0.0,0.0,0.0,0.0,0.0,0.0,0.0,0.0,0.0,0.0,0.0,0.0,0.0,0.0,0.0,0.0,0.0,0.0,0.0,0.0,0.0,0.0,0.0,0.0,0.0,0.0,0.0,0.0,0.4284360253985836,0.3966586241036853,0.03236003984275296,0.47783270190602667,0.4017461094620992,0.011126048368723142,0.559619241889031,0.3985565070044813,-0.0051916222870063665,0.6164080076033994,0.38435358710753104,-0.003986313875808016,0.5085347745739714,0.505910593905461,-0.06873730947028574,0.5137254155148725,0.5228280018724716,-0.03373829465085537,0.5072381487079372,0.488509318196508,-0.07433337539366323,0.5076187621520234,0.4648391391334648,-0.07080276309773215,0.4949475030130689,0.4895490739111682,-0.07092240566020531,0.520794138800861,0.4879070591245385,-0.07463606987960127,0.4718067253120376,0.582438437018129,0.023286788704369756,0.5818171925609672,0.5833422042601389,0.0011551820032182636,0.5164814496523169,0.5632158843587199,-0.03177634552005185,0.5190666627055213,0.6202265921859991,-0.014046202889416147,0.4605013731902593,0.588087032859679,0.026878339151401334,0.5952295342072125,0.5831072642008974,0.0014489102102468213,no,2025-11-18T07:30:10.821203
0.15028632445645668,0.8204845151655429,3.9610408172266806e-07,0.20342114300621017,0.7460483154903335,0.001341260079547598,0.23355693571907843,0.6508658993151673,-0.005118958863387051,0.25930190956676125,0.5887089554774109,-0.018859783113923983,0.2914747482705847,0.5418217545102775,-0.03121733336606342,0.15383523501064972,0.5480314286718168,0.017115467399050753,0.20575036712608924,0.5031043417520871,-0.010175548559508378,0.24871417130101967,0.5025874346375887,-0.032254076587936935,0.2823908094439418,0.5112064760484303,-0.04494731486915911,0.12313329899571557,0.5529777694071946,0.00037477662011320314,0.19435418643197444,0.5029156547064678,-0.030318084889892453,0.24407377565673755,0.521216122190518,-0.044360744142713335,0.27472274393506585,0.5392977168724213,-0.04728151267998945,0.10261819587959815,0.575648795224803,-0.019909992812431658,0.18972012818260642,0.5563408050204565,-0.05239982077641074,0.20203163772024796,0.6299137912659064,-0.04980155946813902,0.19240745487231586,0.6733250016000702,-0.03852427616740608,0.09488820527965816,0.6101139384596197,-0.04124624763710061,0.17439179528465515,0.6024003030259648,-0.060260643383521224,0.18216265289518746,0.6568527712460814,-0.052713840993818886,0.1673773128875577,0.6888984115310274,-0.04107117868815763,0.0,0.0,0.0,0.0,0.0,0.0,0.0,0.0,0.0,0.0,0.0,0.0,0.0,0.0,0.0,0.0,0.0,0.0,0.0,0.0,0.0,0.0,0.0,0.0,0.0,0.0,0.0,0.0,0.0,0.0,0.0,0.0,0.0,0.0,0.0,0.0,0.0,0.0,0.0,0.0,0.0,0.0,0.0,0.0,0.0,0.0,0.0,0.0,0.0,0.0,0.0,0.0,0.0,0.0,0.0,0.0,0.0,0.0,0.0,0.0,0.0,0.0,0.0,0.4398419928638197,0.39418469115645693,0.024326656109406722,0.49190150057497684,0.39789197610632426,0.0077433523113583265,0.57407751378204,0.39462440032421636,-0.0010312686133986653,0.6290176000503265,0.38106832359069176,0.004728075614177338,0.5306278692644485,0.5001337024760306,-0.06939773822551457,0.5334120172495475,0.5170755481202263,-0.03415129801121489,0.5295796687696332,0.4827839538274868,-0.07500937864150325,0.5292428320132828,0.45935175247479054,-0.07142025231979732,0.5168494929883154,0.48395179377817016,-0.07244157102706691,0.5429455565868624,0.4820624327319012,-0.07445166157964361,0.48605627837219006,0.5802740593122109,0.018290420518504727,0.5964405152830166,0.5790094483729742,0.006661376092204616,0.536240990186037,0.5590909584318777,-0.03219040632189936,0.5386402463498614,0.6153478773250705,-0.014667000393735134,0.47333966214387385,0.5842966788138727,0.02100841091317883,0.6102070052913962,0.5767830468019105,0.007593669692036996,no,2025-11-18T07:30:10.963224
0.15010696283734012,0.8213181774493333,3.9509726544274985e-07,0.20356736943668358,0.7463905434434852,0.0012187171002253066,0.23394609716108722,0.6519664162351135,-0.005472557724897833,0.26004672485631763,0.589667120789853,-0.019401113465888957,0.29240901202801545,0.5422395649229854,-0.031989442402912766,0.15391526270462372,0.5490252868418593,0.017273242205227395,0.2058795422719031,0.5045208398137266,-0.009992993469576862,0.24880219620997335,0.504034428292534,-0.03206925607610825,0.28216033001112495,0.5127154132504267,-0.0447774230742423,0.12320912492405484,0.5538049185437768,0.0005602802646685885,0.19481288392166807,0.5035115351912924,-0.029741908316435275,0.24375292522098504,0.5214789946279739,-0.04378313307175149,0.2736318801376608,0.5383279408298569,-0.046853327037063894,0.10277150609500194,0.5764890664108482,-0.019733153282779855,0.19026036769352184,0.5579685525727893,-0.0520235221543053,0.20171178653437935,0.6310788314773745,-0.04972927146654765,0.1912595161915748,0.6734479662789322,-0.038769281730181696,0.09512036415425436,0.6110808351679965,-0.04104007090023537,0.17431663179750564,0.6031006277302523,-0.059802040989527294,0.18166053070889668,0.6568190402804046,-0.05224426266679031,0.16644837951106248,0.6878585950229448,-0.04070514362233332,0.0,0.0,0.0,0.0,0.0,0.0,0.0,0.0,0.0,0.0,0.0,0.0,0.0,0.0,0.0,0.0,0.0,0.0,0.0,0.0,0.0,0.0,0.0,0.0,0.0,0.0,0.0,0.0,0.0,0.0,0.0,0.0,0.0,0.0,0.0,0.0,0.0,0.0,0.0,0.0,0.0,0.0,0.0,0.0,0.0,0.0,0.0,0.0,0.0,0.0,0.0,0.0,0.0,0.0,0.0,0.0,0.0,0.0,0.0,0.0,0.0,0.0,0.0,0.4483065342946876,0.39061666153148317,0.019480148378170616,0.5028681971392188,0.39332463228114367,0.006306093761079249,0.5853711798627454,0.3898513407441928,0.0031071560261842638,0.6389693064643722,0.37656048165675793,0.012264208185475644,0.5468338542660895,0.49429458842635454,-0.07023223024967058,0.5481015631673152,0.5116591202953884,-0.03504881682737239,0.5459529010104117,0.4768400989382795,-0.07571239911002775,0.5451136323552894,0.4534820339455633,-0.07183963060211362,0.5328391070173816,0.4781377249301617,-0.0737594815939797,0.5592646264761094,0.4760698991843634,-0.07450902038456744,0.49837366254348636,0.5767666170679859,0.013724621613168293,0.6079217003600141,0.5738152438817691,0.009711675865386508,0.5518360412241525,0.5533310107367824,-0.03330781944067094,0.553638510683323,0.6098810807771745,-0.01701473805838166,0.4827690348969339,0.5806202467841795,0.015723683616732313,0.6223773578550487,0.5710391033093263,0.011056616318403427,no,2025-11-18T07:30:11.085510
0.15082436617094364,0.8213494559464989,4.1346698081124677e-07,0.20389882408353802,0.7470111062439899,0.0012764688102230018,0.23438887162293634,0.6524798390246155,-0.0052345709937983605,0.2604085973801318,0.5899869696375565,-0.018990897089473237,0.2923599974852983,0.5427464039462492,-0.0313993982199796,0.15422046506679704,0.5491132684590766,0.01731301219753672,0.2065264448725238,0.5045033426897613,-0.009898115897198929,0.24982841870454264,0.5037332318693505,-0.03201568010891022,0.2836172671087958,0.5121095548460386,-0.044693551923034994,0.1236901984221295,0.5536711436590954,0.0006138505022211247,0.19544147947838164,0.5027181441901897,-0.029994427638561458,0.24572638353897075,0.5196125725607978,-0.04432574341301675,0.27692305021153824,0.5367218000333824,-0.04735064172802749,0.10333655793670309,0.5762054499630077,-0.01957810763228854,0.1906550909588825,0.5574175693905664,-0.052254622601376935,0.20272773392299337,0.6313642224289033,-0.049961445224788986,0.19293668017392002,0.6750810740894784,-0.03863943334675169,0.09561898247643061,0.6108135630212388,-0.0407612717642952,0.17502343756136957,0.6029814035047898,-0.05987618331379155,0.1829520229213772,0.6573675844579056,-0.052196656302257685,0.1685776387425384,0.6895438202070138,-0.040261454488721746,0.0,0.0,0.0,0.0,0.0,0.0,0.0,0.0,0.0,0.0,0.0,0.0,0.0,0.0,0.0,0.0,0.0,0.0,0.0,0.0,0.0,0.0,0.0,0.0,0.0,0.0,0.0,0.0,0.0,0.0,0.0,0.0,0.0,0.0,0.0,0.0,0.0,0.0,0.0,0.0,0.0,0.0,0.0,0.0,0.0,0.0,0.0,0.0,0.0,0.0,0.0,0.0,0.0,0.0,0.0,0.0,0.0,0.0,0.0,0.0,0.0,0.0,0.0,0.45179300189236943,0.3867211223755057,0.017574380175847355,0.5059605945031421,0.389810616192261,0.005832025603082149,0.5882406748751441,0.38507618461712967,0.00492817390663907,0.6416770837284019,0.3726657193249305,0.015482588329812674,0.5519118812422367,0.4882294856804624,-0.07057734719098976,0.5525955055712369,0.5059370273222242,-0.03552882955841009,0.5510854645394772,0.47071377448287266,-0.07596471603951285,0.5500573859980488,0.4474988143332019,-0.07194057106887908,0.5378560957812586,0.47204173770254576,-0.07427344857901996,0.5643490683898034,0.4699464598212924,-0.07449561518252763,0.5010708744884484,0.5723655258458521,0.011752915216904667,0.6120615207561027,0.5686171439497805,0.010981684810387384,0.5570888060391698,0.5470020141193067,-0.03388283904627369,0.5582596325770741,0.6037456579957039,-0.01827632350739508,0.4851963334255635,0.5753861157378997,0.013409705239641048,0.6260428835822179,0.5650772565802002,0.012450025124936672,no,2025-11-18T07:30:11.220199
0.14919077513554735,0.8153784344761639,5.818110380930202e-07,0.20295660536871907,0.7481237555698862,-0.0007802181883864311,0.23624954304737666,0.6494373141217591,-0.007849051527091555,0.2640982057602258,0.5848942943452218,-0.021082058772559878,0.29814831398637015,0.5376339749166212,-0.033094048088986076,0.1609648556723031,0.5530143652380679,0.009484892092141008,0.20828817115242554,0.5001455710240645,-0.01675779047311366,0.24709855298830724,0.48044490031749537,-0.03658993484300644,0.27857514177602416,0.4694721882735442,-0.048562349734305545,0.12799101102384702,0.5554549804370306,-0.006449866593853465,0.18948186685348678,0.4900030014573919,-0.03755190383757697,0.24092588166988363,0.48526811200881537,-0.05064479102494595,0.27667057003908824,0.48413339469042016,-0.053213995144061166,0.10525371143819637,0.5759639529707006,-0.025332542601768773,0.18928456731190738,0.5543195892530834,-0.058545584690027914,0.20154537949611506,0.6270605604160355,-0.05394358994687955,0.1931006046414606,0.670342862531876,-0.04129683768379855,0.09611339711270604,0.6088629985611718,-0.045485903645285417,0.17444328269450696,0.6025616899306481,-0.06619454654190172,0.1811712713893919,0.6563275741293586,-0.0588624463159066,0.1665656405077438,0.68613408842916,-0.0473754757920341,0.0,0.0,0.0,0.0,0.0,0.0,0.0,0.0,0.0,0.0,0.0,0.0,0.0,0.0,0.0,0.0,0.0,0.0,0.0,0.0,0.0,0.0,0.0,0.0,0.0,0.0,0.0,0.0,0.0,0.0,0.0,0.0,0.0,0.0,0.0,0.0,0.0,0.0,0.0,0.0,0.0,0.0,0.0,0.0,0.0,0.0,0.0,0.0,0.0,0.0,0.0,0.0,0.0,0.0,0.0,0.0,0.0,0.0,0.0,0.0,0.0,0.0,0.0,0.4392089182149378,0.38543751245308794,0.02705596714545217,0.49088666383825624,0.38800197562428296,0.0107688362750542,0.5734755355824848,0.3834544219308335,0.00257177161349861,0.6280837665784802,0.37052316274969976,0.008800176732937887,0.5301954699923799,0.4842575800070174,-0.07036411459834065,0.5328771816968276,0.5027260866696495,-0.035842654413838104,0.5291534624409422,0.46669750418288836,-0.07551506755869304,0.5287873320962382,0.4438037803117044,-0.07118874043184326,0.5163958637666364,0.4681544957891391,-0.07299093722924921,0.542511559122041,0.4660425712125642,-0.07486998742729858,0.48553092159633604,0.5702921467444135,0.01472527935277511,0.5952551167909389,0.5671128822966981,0.0037388412882100996,0.5353926786810534,0.5442515892778235,-0.03504708101965689,0.5378029775567713,0.6015548203365818,-0.019946015877111103,0.47191437149908244,0.5733443244438094,0.01724441692387431,0.6101903522944965,0.5645430144766999,0.004580132633678303,no,2025-11-18T07:30:11.371178
0.14859072445799432,0.8148637746855154,6.623590998295645e-07,0.20271528681807993,0.7494673979856725,-0.001688811066893871,0.23782816867849638,0.6494116216147126,-0.009626378260259177,0.266917128659837,0.5835654113709141,-0.023002705648599027,0.30256349336460686,0.5347653426562171,-0.03520737009058317,0.1641321972615437,0.5550324158877717,0.0032753243974683165,0.2107866894504193,0.496386670366349,-0.022411322458093467,0.2476912080279671,0.4653401633717146,-0.04009773180744186,0.27735734956881347,0.44260860409313196,-0.05074595007181128,0.129541265607043,0.5555374081453036,-0.012217064165063615,0.18913690621507728,0.4812130390435153,-0.04243835328204208,0.24087889661687845,0.46389335194480685,-0.05367346773446738,0.2776488040205512,0.4515348832468519,-0.055456444718088665,0.10583719988466177,0.5746390416384722,-0.030272201867672106,0.1905778816717389,0.5534081900695044,-0.06376088172766242,0.2016866539599983,0.6265701790803933,-0.05843687460882147,0.19224438976646624,0.6694782971964952,-0.045437383381665586,0.09713759195368427,0.6061890435596844,-0.049511382890109444,0.17563086400970235,0.6043837554839703,-0.07098224998580033,0.18166224816723014,0.6591896855212528,-0.06426865908892063,0.1666675352745285,0.6877248229545092,-0.05343768829005144,0.0,0.0,0.0,0.0,0.0,0.0,0.0,0.0,0.0,0.0,0.0,0.0,0.0,0.0,0.0,0.0,0.0,0.0,0.0,0.0,0.0,0.0,0.0,0.0,0.0,0.0,0.0,0.0,0.0,0.0,0.0,0.0,0.0,0.0,0.0,0.0,0.0,0.0,0.0,0.0,0.0,0.0,0.0,0.0,0.0,0.0,0.0,0.0,0.0,0.0,0.0,0.0,0.0,0.0,0.0,0.0,0.0,0.0,0.0,0.0,0.0,0.0,0.0,0.43197057813460665,0.3871593296804472,0.031852720078472924,0.48234042795699283,0.38960832218752295,0.013274207666671863,0.5631108263487528,0.3843512434628228,0.0013003165290801765,0.6184542482489569,0.36999233467742404,0.005135477609814651,0.5177328265393876,0.4855933195178215,-0.0693261645515297,0.5217214995264686,0.5039942903784344,-0.03555521607739673,0.5164353232538573,0.4680143694382078,-0.0742696776892777,0.5162474301052785,0.4450703824730519,-0.0698152929542353,0.5040778800225089,0.4696217059262239,-0.07133115738444196,0.5296937110986486,0.46722954161252295,-0.0740737565155349,0.4781868352383612,0.5709833660434104,0.016036056127007252,0.5858764549942854,0.5669204390845979,-0.00016083556020202953,0.5238022987559625,0.5439841887848773,-0.03517991895783794,0.5273352181885571,0.6025151061006793,-0.020632572225025965,0.46547883284522146,0.5747446886768303,0.018969858848330225,0.6009961468446512,0.5649248985995865,0.0003273428735545208,no,2025-11-18T07:30:11.510367
0.14865142642939846,0.8144467341445155,6.937365672119315e-07,0.20246686498668431,0.7471374100733874,-0.001204152393787173,0.23814152350436354,0.6473794296008438,-0.009198918916138185,0.268214309860047,0.5822926448791826,-0.022611424848466097,0.3038743013707571,0.5330625374036243,-0.03477281787400405,0.1640662499073603,0.5550890185937577,0.0016906805375378258,0.21024399455888887,0.49354003036788213,-0.023427879556270986,0.24655992979962044,0.4578789005983634,-0.04001554273496635,0.2759299326808301,0.43042606575277326,-0.04985061334013919,0.1292491940856794,0.5548164276043748,-0.013744971137736199,0.18772065577334446,0.47815871530918747,-0.043257750040207175,0.24000627632090565,0.4547728290123357,-0.053671404321497376,0.2776628719924228,0.4379323800732856,-0.055111954037172575,0.10551455060542064,0.5731437302709115,-0.03152963018505389,0.19036151574937119,0.5530183536101916,-0.0647914844779803,0.20177156650436362,0.6257470021721852,-0.05949088946512679,0.19253107613027673,0.669115513544613,-0.04651436717715901,0.09730639642258951,0.603843853492565,-0.050401163554372505,0.1758307126688183,0.6047614458991812,-0.0718217392318776,0.1823024385138519,0.6600849848676362,-0.06549595074549867,0.1679971289482231,0.6891173989555108,-0.0549700506473441,0.0,0.0,0.0,0.0,0.0,0.0,0.0,0.0,0.0,0.0,0.0,0.0,0.0,0.0,0.0,0.0,0.0,0.0,0.0,0.0,0.0,0.0,0.0,0.0,0.0,0.0,0.0,0.0,0.0,0.0,0.0,0.0,0.0,0.0,0.0,0.0,0.0,0.0,0.0,0.0,0.0,0.0,0.0,0.0,0.0,0.0,0.0,0.0,0.0,0.0,0.0,0.0,0.0,0.0,0.0,0.0,0.0,0.0,0.0,0.0,0.0,0.0,0.0,0.4270640222730986,0.38875155748319845,0.03538808494639627,0.47644637660285555,0.3904214792471428,0.015107697784978445,0.5564220835444783,0.3843578795029034,0.00036473542764405616,0.6127965303954592,0.36993126026473744,0.0025341126502892207,0.5085531461579156,0.48597186832748374,-0.0691056895891594,0.5134130802571613,0.5044643602504049,-0.03560090556911104,0.5071775903779205,0.468334381793994,-0.07394154518375971,0.5072902931070673,0.4453328681574168,-0.0693759322165395,0.494973971663705,0.4700232982222062,-0.07069139882829123,0.5205183269066699,0.4675249141816582,-0.07406034433819461,0.47153573701233853,0.5711576123391795,0.016944265996841314,0.5796244691238822,0.5667000610034806,-0.0030949764734950797,0.5156079622365628,0.5439247559257944,-0.0356077227508468,0.5195826548324988,0.6022295677159433,-0.02090390573009435,0.46015855437732267,0.5758951540822963,0.020270718653140885,0.5939754894608388,0.5662849857682991,-0.002781369381526563,no,2025-11-18T07:30:11.635114
0.14942483871919293,0.814602457858238,6.97137714843359e-07,0.20273447265399813,0.7458590480828821,-0.001163256139345004,0.23858299191003396,0.6474327899327919,-0.009661904524938352,0.2686279985550922,0.582487537811677,-0.023649190813317386,0.30408085259635115,0.5319934884169306,-0.03640144359769901,0.16261936464922916,0.555195670252308,0.001314310923534057,0.2091482925241382,0.4932935146727716,-0.024249741866813376,0.24635770765522327,0.45736802271548727,-0.04099610906308178,0.27660927419220643,0.4297721408952617,-0.050899099789261715,0.12813882967833773,0.5551076247175621,-0.01440160133888024,0.18696473507794878,0.47554505017473536,-0.044088786202626365,0.23984826025937556,0.4521789247772402,-0.054364647517356125,0.27727885480514847,0.4357439617479923,-0.05567710383426298,0.10502720718533018,0.5733467686712986,-0.032439402595602546,0.19071637892170556,0.5515573433185388,-0.0662086078538812,0.20271477561897258,0.6248844151733881,-0.06062748104597797,0.19297487887591414,0.6683680862095623,-0.04730054431362471,0.09765847939143811,0.6038019883727168,-0.05148178585180745,0.17618165450926726,0.6034294487930202,-0.07303585358228935,0.18331864143233334,0.6591495981657822,-0.06613694020457841,0.16886968522501564,0.6882834271083706,-0.05512545371775126,0.0,0.0,0.0,0.0,0.0,0.0,0.0,0.0,0.0,0.0,0.0,0.0,0.0,0.0,0.0,0.0,0.0,0.0,0.0,0.0,0.0,0.0,0.0,0.0,0.0,0.0,0.0,0.0,0.0,0.0,0.0,0.0,0.0,0.0,0.0,0.0,0.0,0.0,0.0,0.0,0.0,0.0,0.0,0.0,0.0,0.0,0.0,0.0,0.0,0.0,0.0,0.0,0.0,0.0,0.0,0.0,0.0,0.0,0.0,0.0,0.0,0.0,0.0,0.41794900141670066,0.3879394188592445,0.04246501758611317,0.4642604819739894,0.3897483941426525,0.01894277472797945,0.5422960663674998,0.38318111496335816,-0.0016165781145189195,0.59926541908071,0.36914910848777643,-0.00331661676087276,0.489450811760751,0.48504775777023296,-0.06785511839587327,0.4959811909407297,0.5040871958799021,-0.03532075382854279,0.4879534984865753,0.4675874287958236,-0.07244113906984617,0.48874695069076357,0.4449522859149129,-0.06776698306197648,0.4762558411651807,0.46933771369774246,-0.06855365611566272,0.5013081104299966,0.46698662551066705,-0.07324376386392915,0.45857920979187483,0.5691696295815313,0.0197533625540275,0.5638855671100826,0.566383788903611,-0.007991349643044031,0.49769047360904983,0.5411845182750921,-0.03560969474491689,0.5026057788723193,0.6008000236498418,-0.021985505645794587,0.4469189185212877,0.5750316796717634,0.023593638288050105,0.5792068268475001,0.5675637580094242,-0.008392868392606305,no,2025-11-18T07:30:11.763194
0.14922144397965262,0.8150054034477042,6.900420253857476e-07,0.20271003360635698,0.745148967362669,-0.001107016296051211,0.23844156084063328,0.6465757418330036,-0.009380707511641625,0.2686249153437158,0.5815131139509282,-0.023225875236101194,0.303868789835964,0.5306667883921964,-0.035809897093487184,0.16262232382604128,0.5542071962978764,0.0022539375854370106,0.20873874663438355,0.49190040967059906,-0.023035476945155002,0.24617623462070626,0.4560507419285368,-0.0396964908215666,0.2768752885081134,0.4286207270199728,-0.04956824157744641,0.12820050339402803,0.553974882457658,-0.013454623376079887,0.1865737883682705,0.4737183458957783,-0.04325559442637212,0.23996895759093045,0.45052267586098643,-0.0537463295210167,0.27801044998462837,0.43529932400410787,-0.055011860572751106,0.10505107837393989,0.5720798546344164,-0.031527566403370635,0.19100694757423703,0.5509647037160779,-0.06542788788747375,0.20333193471881855,0.6247016432403806,-0.06015693865848417,0.19372008667811896,0.6688422784162893,-0.046842880885817215,0.09740523704831916,0.6021906548785734,-0.050602411219522886,0.17632504322944137,0.6025386811244917,-0.07215694088621266,0.18395447564532774,0.6582017595988671,-0.06542893816206742,0.1697637791893511,0.6874076940362868,-0.054453990060708404,0.0,0.0,0.0,0.0,0.0,0.0,0.0,0.0,0.0,0.0,0.0,0.0,0.0,0.0,0.0,0.0,0.0,0.0,0.0,0.0,0.0,0.0,0.0,0.0,0.0,0.0,0.0,0.0,0.0,0.0,0.0,0.0,0.0,0.0,0.0,0.0,0.0,0.0,0.0,0.0,0.0,0.0,0.0,0.0,0.0,0.0,0.0,0.0,0.0,0.0,0.0,0.0,0.0,0.0,0.0,0.0,0.0,0.0,0.0,0.0,0.0,0.0,0.0,0.41474338393665233,0.3863033331965213,0.046056731342852694,0.4597644772035398,0.38873448950601863,0.020559007994850054,0.5381753516613805,0.382229174162778,-0.002997599324827094,0.595882903851497,0.36865658549388824,-0.006395743289184053,0.4815157052959639,0.4840105176695251,-0.06820855596760331,0.48899466014951065,0.5028487374815771,-0.035632067658433006,0.4800427330155655,0.46661218380308606,-0.07276103682699347,0.48130235556007295,0.4440643671300486,-0.06801974959668877,0.4685584938076117,0.4682439625159855,-0.06853846821910722,0.49345923814880566,0.46612709716867123,-0.07388587510580225,0.4538091407950997,0.5677539651432437,0.021835553245104285,0.5586249518003569,0.566018318096825,-0.010183172459687966,0.49280533423666145,0.53988029238454,-0.036037138936803804,0.4974894736703973,0.5990568330758363,-0.021869342277607777,0.4424519309555901,0.5724077730386252,0.0259480803321149,0.5742960584966871,0.5668328631489229,-0.010931424711118007,no,2025-11-18T07:30:11.961368
0.14711372248764432,0.8159953264835262,6.796877212608394e-07,0.20120354053917855,0.7458156400209799,6.701048839848891e-05,0.23656960039140124,0.6467479729978006,-0.007166659223828735,0.26633573257038695,0.5817219352599184,-0.020235691051933787,0.3012348658662013,0.5312141577268295,-0.03203125774041434,0.1615780324712825,0.5549468052698336,0.003735944653940057,0.20693172633213774,0.49192221234834577,-0.020932370345946718,0.24402468986208042,0.4556942821829116,-0.03695572095976592,0.2747027731049936,0.42814712283882855,-0.04640420997694132,0.12710777034611526,0.5537494498958212,-0.01237246247244303,0.18456761531212215,0.4727095518188532,-0.041672738668311865,0.23767417773002028,0.4494686497991608,-0.051859174805321505,0.2759989908233078,0.43531721185061045,-0.052874509018389255,0.10382068925835247,0.5710580137506188,-0.030774625323822864,0.18908958336572798,0.5509599698370886,-0.06399297885632309,0.20090391601549143,0.6243489803135038,-0.05873193267798839,0.1913170140307404,0.6689991168654628,-0.04554863849829515,0.09600704391273418,0.6006476786756301,-0.050144903977237906,0.17482111860721336,0.6029487431520438,-0.07121529677949015,0.18210108494962463,0.6588937965741832,-0.06468182588206672,0.16789000756848002,0.6887038756283729,-0.05395330424041623,0.0,0.0,0.0,0.0,0.0,0.0,0.0,0.0,0.0,0.0,0.0,0.0,0.0,0.0,0.0,0.0,0.0,0.0,0.0,0.0,0.0,0.0,0.0,0.0,0.0,0.0,0.0,0.0,0.0,0.0,0.0,0.0,0.0,0.0,0.0,0.0,0.0,0.0,0.0,0.0,0.0,0.0,0.0,0.0,0.0,0.0,0.0,0.0,0.0,0.0,0.0,0.0,0.0,0.0,0.0,0.0,0.0,0.0,0.0,0.0,0.0,0.0,0.0,0.4248694430850788,0.3831136364507082,0.03764427859315305,0.4728234840384383,0.3869479595748248,0.01644244591892738,0.5533030367105883,0.38061092544885117,-4.211325042928222e-05,0.6103825625367104,0.36805736019174545,0.0009924787724557124,0.50281345829793,0.4828925133113098,-0.06966210310210495,0.5080389987282434,0.5011540169732486,-0.035998909417752765,0.5015183872292183,0.4652841656177067,-0.07447166759462429,0.5020116442602915,0.44229868964088337,-0.0698425555601585,0.48936596689358247,0.466726902122098,-0.07104237930837563,0.5149953134542093,0.4646823553041156,-0.07477552923557362,0.4670157723991215,0.5661067339201173,0.018313086018640266,0.5754496300025038,0.5639852161010248,-0.004019591338453778,0.5130257468950946,0.538852819188791,-0.03581249867274665,0.5164506243912748,0.5974008406635896,-0.021558730614762236,0.45489642367538874,0.5697565331562755,0.021644553684212073,0.5901021069689856,0.563030671505568,-0.0040806886545543194,no,2025-11-18T07:30:12.121839
0.14803205277738768,0.817842121344943,6.883338939055037e-07,0.20225586770744786,0.7474193301442332,-0.0008931575743294673,0.2374610538721151,0.6480887365503987,-0.00865802855555913,0.26800431650434786,0.5817578601775666,-0.02212689249776484,0.30310047898794074,0.5294690628779258,-0.034333559270578726,0.1616602406390226,0.5537014728940111,0.0034906715280770538,0.20681665897152313,0.49054915344017935,-0.021317832877813067,0.24465927276459734,0.4539215684577125,-0.03790548407965064,0.27576109052245223,0.42622380732433673,-0.047860660153403865,0.12781748230383308,0.5533548036451152,-0.01222625487601968,0.1864849775641078,0.4729650394954709,-0.04129839242845239,0.2408145447790307,0.4495180732878708,-0.0517535325822424,0.2795133496768669,0.43481820499108587,-0.05327240925119711,0.10519932222235975,0.5719449414379925,-0.030388308841790144,0.19131934742560464,0.5512847727927661,-0.06360624443757432,0.20301003438942905,0.6238826424509109,-0.05853042217004507,0.19269805755820163,0.6670218016940687,-0.04565622014080922,0.09816104287640531,0.6025926722597968,-0.049580192501109226,0.17737330997690076,0.602997580194186,-0.07090797026674779,0.18432785529000167,0.6580739184077123,-0.06435748455219936,0.169313890374244,0.6866320872740252,-0.05366190490589079,0.0,0.0,0.0,0.0,0.0,0.0,0.0,0.0,0.0,0.0,0.0,0.0,0.0,0.0,0.0,0.0,0.0,0.0,0.0,0.0,0.0,0.0,0.0,0.0,0.0,0.0,0.0,0.0,0.0,0.0,0.0,0.0,0.0,0.0,0.0,0.0,0.0,0.0,0.0,0.0,0.0,0.0,0.0,0.0,0.0,0.0,0.0,0.0,0.0,0.0,0.0,0.0,0.0,0.0,0.0,0.0,0.0,0.0,0.0,0.0,0.0,0.0,0.0,0.43114024157637576,0.3817992726349534,0.03499081002537921,0.47962886755423045,0.38536310191589906,0.01529226539284477,0.5599690544709406,0.3799482050006173,0.0013448198985632014,0.617315593192336,0.36789819098492604,0.003998567335036526,0.5111444889775325,0.4817019403161621,-0.07048606576795236,0.5156112616684277,0.49971776282870345,-0.036393127711596265,0.5099529716526341,0.46410605156266804,-0.07534799361572302,0.5102422770938299,0.4410313413328547,-0.07066408218815268,0.49754728465147263,0.4654525831315904,-0.07218595498235669,0.5234946791174703,0.4635157509543268,-0.07535930217801134,0.4734253582044512,0.5653418288836579,0.016468716033140054,0.5820299607417609,0.5628688273231259,-0.002489751681213249,0.5212961366540292,0.5382832032364395,-0.0363208789596672,0.5242093705757643,0.5961684269426651,-0.021582903681983914,0.46050544254867765,0.5689747757963537,0.019645954739559345,0.5961928221784167,0.5620541927359688,-0.002166386672350234,no,2025-11-18T07:30:12.263618
0.14660415722041228,0.8195926524311996,6.754053152423843e-07,0.20117680370197527,0.7481213970305058,0.0005940978215169451,0.23582404531240797,0.6486892914853434,-0.006257263535396264,0.2655012102999034,0.5836035394637833,-0.019113722215407497,0.3007248105312629,0.5327469954854411,-0.030767004264333896,0.16027259903588476,0.5549005630690148,0.004046232445883715,0.2049956548203105,0.4920425744617889,-0.020087099055736406,0.2422248487345745,0.45607782009463993,-0.036021252914931176,0.27336521089347404,0.42864283561178385,-0.045462444671876726,0.12634721425734713,0.5545248408732321,-0.012097682902247768,0.18504104016268821,0.47690247380924367,-0.040465689829734273,0.23868219952879757,0.45230882797999494,-0.050519339960674,0.27744692094362755,0.4368588014205612,-0.05191213538788951,0.10342079406911521,0.5730312711779043,-0.030489630142254323,0.1896177609782938,0.5542280587749231,-0.06280923491352745,0.20141276559587953,0.6265075460389167,-0.057617844203651986,0.19170380188329164,0.6705322219053076,-0.04484552195805033,0.09582242426641921,0.6037971801316684,-0.04985151548423439,0.17505470913998541,0.6048969224213118,-0.07041188950201288,0.18268006274155082,0.6600550196496417,-0.0637820823356185,0.16865566255477107,0.6899374377944223,-0.0531283652656552,0.0,0.0,0.0,0.0,0.0,0.0,0.0,0.0,0.0,0.0,0.0,0.0,0.0,0.0,0.0,0.0,0.0,0.0,0.0,0.0,0.0,0.0,0.0,0.0,0.0,0.0,0.0,0.0,0.0,0.0,0.0,0.0,0.0,0.0,0.0,0.0,0.0,0.0,0.0,0.0,0.0,0.0,0.0,0.0,0.0,0.0,0.0,0.0,0.0,0.0,0.0,0.0,0.0,0.0,0.0,0.0,0.0,0.0,0.0,0.0,0.0,0.0,0.0,0.4324119972949933,0.3810110648166985,0.03441022344859697,0.48109138342120394,0.38528643546322144,0.014771563436838435,0.5625490182690244,0.38123306942306867,0.0009747554994350052,0.6191864921795115,0.3697246288109826,0.0038025933241978933,0.5126686542864347,0.4821543544621277,-0.07049289570388623,0.5169824215484777,0.5003316356543878,-0.03626871822872866,0.5115767167585528,0.46467660289925394,-0.07541806069188137,0.5119877426366519,0.4417440317961881,-0.0708071386907217,0.4991267104390633,0.46593658700456164,-0.07227402132467253,0.5251350494147684,0.46423342445978366,-0.0754068319573929,0.4738504437945321,0.5661284618680527,0.016553740572352822,0.5829213967870487,0.5648428766628142,-0.0021909895639368243,0.5218610133114506,0.5394669643005623,-0.0361779289429245,0.5246368896774543,0.5974445483445321,-0.02074315695404528,0.4618139052037822,0.569810769322127,0.019827832130843725,0.5969522820513513,0.5642346917163426,-0.001711110166301313,no,2025-11-18T07:30:12.435585
0.14577350354745439,0.8194111276224602,6.882813454788976e-07,0.1998987552493107,0.7471625289977358,0.0005025544045539718,0.23512646395564246,0.6476178574602773,-0.006841618596457445,0.26502897302695827,0.5825779628738289,-0.020040487383958402,0.3000957698476932,0.5315855567637167,-0.032121805137862294,0.15856695213635058,0.556772101078346,0.0029761869259044347,0.20461224406903358,0.4943039433044647,-0.021825486039265565,0.24186935597024212,0.45776731075456484,-0.0380457573605904,0.27270521789924407,0.4300427716944036,-0.04759625544095412,0.12399126230459787,0.5567768523900463,-0.013361700859681299,0.18278209119063898,0.47607175451612543,-0.042463794167711,0.23606050958781644,0.45215503590486106,-0.0526131243615645,0.2744474387528349,0.43723405816953964,-0.05378626982640821,0.10103106501665904,0.5755111399682247,-0.031856612806222186,0.18741211692599077,0.5549154536523694,-0.06504269245085095,0.19936614404795883,0.6274005003429904,-0.05971303821083955,0.18984795636585922,0.6711945510466479,-0.04655241805383424,0.09385659574155082,0.6065136406201097,-0.051219894162009505,0.17242689928587407,0.6060798563122032,-0.07227022138665326,0.18063482259239405,0.6612946282788004,-0.06526719100101161,0.16747659386111813,0.6909610456336613,-0.05417583129670604,0.0,0.0,0.0,0.0,0.0,0.0,0.0,0.0,0.0,0.0,0.0,0.0,0.0,0.0,0.0,0.0,0.0,0.0,0.0,0.0,0.0,0.0,0.0,0.0,0.0,0.0,0.0,0.0,0.0,0.0,0.0,0.0,0.0,0.0,0.0,0.0,0.0,0.0,0.0,0.0,0.0,0.0,0.0,0.0,0.0,0.0,0.0,0.0,0.0,0.0,0.0,0.0,0.0,0.0,0.0,0.0,0.0,0.0,0.0,0.0,0.0,0.0,0.0,0.4386514270189261,0.3800292144066021,0.02933507509992648,0.4886629448949205,0.3838176205645957,0.012181163983420753,0.5706529435541441,0.3816462323681658,0.002444730954206257,0.6268160499208562,0.37039960795884364,0.007720717923647943,0.5246174558816207,0.48306422681068417,-0.0708474304583541,0.5277643726623614,0.5008524633350064,-0.0362056715716874,0.5236311876067239,0.46551883926948934,-0.07591223253395567,0.523618040906415,0.44238208348022445,-0.07142585620749578,0.5108615348459965,0.46664450354809534,-0.0732199137494754,0.5371654675365163,0.46505346705262285,-0.07543933265283356,0.4813994540940739,0.5656757798346306,0.014653074832717387,0.5911242420946963,0.5647974594781814,0.0016294612406070855,0.5331891161890352,0.5396628613750584,-0.03572605895424175,0.5351585274841434,0.5971098612427311,-0.020197967618403426,0.468722898942452,0.5696382628692239,0.01748060557904558,0.6052202992936505,0.5634256392007616,0.0024658145611037895,no,2025-11-18T07:30:12.565132
0.14718803185499932,0.8208665097035641,6.810086142810897e-07,0.201496246306563,0.7494223456412934,-0.00039102070359279607,0.23621885398328388,0.6497729027291621,-0.008086825735342008,0.2660774685958461,0.584165225028223,-0.021727475094376357,0.3013626650399278,0.5320717009396891,-0.03435005137645678,0.1588948817984228,0.5569964588452948,0.0032714418500594707,0.20342538699480578,0.4938523032209503,-0.02172957509266564,0.24098745521586065,0.45712830276097227,-0.03846767028040335,0.27205532327361953,0.4294237932549624,-0.048511988545181225,0.12506521313777258,0.5576252495154119,-0.01283939418048438,0.1841254495035722,0.4781983690564636,-0.04185927650127493,0.2386149662263652,0.4542933613915327,-0.05222756048586457,0.27685372414002063,0.43873707164725456,-0.053819585344551,0.10244624690695203,0.577445230056439,-0.031344660344074834,0.18863354076995265,0.5540503092904028,-0.06491243244616675,0.20196583455144523,0.6273574147451646,-0.059595781641587874,0.1926192543240963,0.6709196853915643,-0.0465283590707623,0.09542765110077495,0.6093553708681451,-0.050790119256173744,0.1743274728515552,0.6061994928896068,-0.07260503588830534,0.1826121042893611,0.6619490628919942,-0.06570631298831785,0.16861619025922575,0.6915108475143252,-0.05466110627783529,0.0,0.0,0.0,0.0,0.0,0.0,0.0,0.0,0.0,0.0,0.0,0.0,0.0,0.0,0.0,0.0,0.0,0.0,0.0,0.0,0.0,0.0,0.0,0.0,0.0,0.0,0.0,0.0,0.0,0.0,0.0,0.0,0.0,0.0,0.0,0.0,0.0,0.0,0.0,0.0,0.0,0.0,0.0,0.0,0.0,0.0,0.0,0.0,0.0,0.0,0.0,0.0,0.0,0.0,0.0,0.0,0.0,0.0,0.0,0.0,0.0,0.0,0.0,0.44197758256807207,0.37895641375809536,0.0277264355891254,0.49329256348902517,0.38303429260308336,0.011390850522556019,0.5754950849724914,0.38051869797786797,0.0030555019033880375,0.6310505348977145,0.3699244627070677,0.009244848390075954,0.5299075655548697,0.48052408918964384,-0.07113602068557696,0.5325527154583016,0.498565642878517,-0.03627784914920506,0.5290558200721303,0.4629359578637333,-0.07625957346750503,0.5290050200755525,0.4398892602049636,-0.07179259561235003,0.5161312316716555,0.4639320561659086,-0.07372148881782051,0.5426076971471644,0.4626402100411277,-0.07561728667653923,0.48468077551181205,0.5640593094901455,0.013949724518736108,0.5948946801560823,0.5632151953553168,0.0028750620245126795,0.5377052119717759,0.5379360137125078,-0.03575475872767114,0.5391351643158022,0.5953293775856294,-0.020362055204658502,0.47152070163797405,0.5672602706558034,0.01660894105167546,0.609244605566091,0.5622456565144434,0.003823625494020685,no,2025-11-18T07:30:12.754367
0.14848455497760188,0.8206965249914763,6.852076308030878e-07,0.20260059229953317,0.7490456869617295,-0.00039963083795620697,0.237331308023632,0.6502229374657316,-0.008169211920088282,0.26662639270322697,0.5845907378192873,-0.021768590779393093,0.3016315259251153,0.5325694636748006,-0.03433556613486745,0.1607876942523303,0.5571837097788639,0.003412186256233971,0.20527583830045007,0.4946628291379028,-0.021653701362546428,0.24288821486970247,0.45824111327928985,-0.038281525695654975,0.2738448060307307,0.4307314674549653,-0.048143166613937353,0.12649272665078784,0.5580428021602023,-0.012673775910589977,0.18464766256268395,0.4760732450636627,-0.04174025352196735,0.23848302153385978,0.4529187635013999,-0.05195946062876031,0.2762817660063964,0.43813230449657037,-0.05319368826913734,0.10362104140958983,0.5778312490232757,-0.031154658072864348,0.18990570778674787,0.5548343871185748,-0.06499208585127436,0.202762489941414,0.6279024736994866,-0.05993462320535643,0.19280254350764447,0.6708444798131681,-0.04681147874163802,0.09664416506559667,0.609673401052206,-0.05049140904625017,0.17544127752675645,0.6059948751717626,-0.07213697566943916,0.18365071618190817,0.6614170494418314,-0.06511058674957199,0.1693927420698442,0.6905027882781892,-0.05393918229109641,0.0,0.0,0.0,0.0,0.0,0.0,0.0,0.0,0.0,0.0,0.0,0.0,0.0,0.0,0.0,0.0,0.0,0.0,0.0,0.0,0.0,0.0,0.0,0.0,0.0,0.0,0.0,0.0,0.0,0.0,0.0,0.0,0.0,0.0,0.0,0.0,0.0,0.0,0.0,0.0,0.0,0.0,0.0,0.0,0.0,0.0,0.0,0.0,0.0,0.0,0.0,0.0,0.0,0.0,0.0,0.0,0.0,0.0,0.0,0.0,0.0,0.0,0.0,0.44030014782853066,0.37761754120006974,0.03052610416081083,0.49092822935727504,0.38177713937786617,0.013094096731860495,0.5731525524712158,0.380475875378056,0.0029971253531888794,0.6290972271828202,0.3695771728313094,0.008097470446007149,0.5251949634357753,0.4786871504049873,-0.07075817911095597,0.5282609742471714,0.49717356207226937,-0.03645728338335841,0.5243938794555445,0.461179273106061,-0.07568608853614929,0.5246447171834672,0.43839067621644967,-0.0710174481209829,0.5116660046011628,0.4622114394789809,-0.07294464757258175,0.5378841024130749,0.46101849478916435,-0.07525285115558566,0.48156646078256315,0.5629855058231061,0.01376307459969317,0.5903910561272354,0.5629517730164035,0.0002592194789617216,0.5315986420385919,0.5371431319783242,-0.036518283119858025,0.5333593220985444,0.5946031975418229,-0.021149164203479287,0.4688910293534948,0.5670491781536006,0.016685709664381335,0.6051442427759501,0.5630328304888196,0.001121322385614119,no,2025-11-18T07:30:12.873697
0.14756598924169248,0.8211313447425186,6.829555195549071e-07,0.2018997713547112,0.7488611425168907,-0.00020190737025164526,0.23677204156741521,0.6498772999649367,-0.008136702937874074,0.26649996881731935,0.5846088552473054,-0.021876615644141624,0.3015321869508999,0.5323914863787974,-0.03441944970270861,0.15861766417662215,0.5575778916669283,0.002260536115894278,0.2038213932140983,0.4943152705317047,-0.022601347787944547,0.24205123021374375,0.45812198929688674,-0.039189703402088695,0.2735698360578916,0.430911179408101,-0.04910290592032718,0.1247863299384482,0.5582079776849442,-0.013792683027314089,0.1836359640571255,0.4779818852023483,-0.04237447676756403,0.2385463540138667,0.4543172694956035,-0.052385932779675945,0.2774034996375671,0.4400986823176364,-0.05386624292814682,0.1027526287398825,0.5776789091948653,-0.032068768229919345,0.18914646891269538,0.554791818765281,-0.0646361079101972,0.20240205795898825,0.6265932151135982,-0.058984009381976045,0.1930684720807418,0.6701722961733687,-0.04603931986176578,0.09669096492067485,0.6089881461533155,-0.05130984151999036,0.1755347537512284,0.6060452436104327,-0.07205186031439678,0.18377961170490292,0.6611065180471029,-0.06476063662124595,0.1699823550146241,0.6910674103362993,-0.05366285144272743,0.0,0.0,0.0,0.0,0.0,0.0,0.0,0.0,0.0,0.0,0.0,0.0,0.0,0.0,0.0,0.0,0.0,0.0,0.0,0.0,0.0,0.0,0.0,0.0,0.0,0.0,0.0,0.0,0.0,0.0,0.0,0.0,0.0,0.0,0.0,0.0,0.0,0.0,0.0,0.0,0.0,0.0,0.0,0.0,0.0,0.0,0.0,0.0,0.0,0.0,0.0,0.0,0.0,0.0,0.0,0.0,0.0,0.0,0.0,0.0,0.0,0.0,0.0,0.4413861240432021,0.3781191275746366,0.029795202781093776,0.49092918468786906,0.3832069793702533,0.012584651498356986,0.5732295564937866,0.3816486878397085,0.0027673925941296253,0.6295110006763711,0.3715295212644401,0.008001342735477635,0.5255149109266432,0.48126608785298347,-0.07062111436460007,0.528582318702794,0.4994526875131092,-0.03621029199945375,0.5247282500476728,0.4637637966759019,-0.07560143561858237,0.5249908490015847,0.44080664417950627,-0.07101480489654911,0.5120460712626786,0.46468580239444346,-0.07289679298904775,0.5382095506534064,0.463617022844335,-0.07514124254742593,0.4831031123073277,0.564215583683953,0.013945339165871318,0.5915945551727638,0.5647873727524034,0.0006879827339000481,0.5328084004756253,0.5386585994993702,-0.03613183830234444,0.5345850751537339,0.5968301975563118,-0.020545489223636387,0.46975186705368527,0.5681738121660185,0.016852510315257703,0.6053731045785116,0.5647381070912574,0.001616242222311597,no,2025-11-18T07:30:12.998612
0.1461453952122197,0.8218303899501472,6.751318028384138e-07,0.2002976707925976,0.7512417775992352,-0.000131834340811728,0.235567709330842,0.6511877726020973,-0.00739123684068167,0.26487253728036375,0.585736424922847,-0.02042865249546597,0.2992024907895216,0.5341600466828984,-0.032183868207439126,0.15947716871817863,0.5596772052443223,0.0031943918076801103,0.20410315809768026,0.49608610766556394,-0.021469337120040295,0.24110890246515587,0.46009829845379463,-0.03745652903475692,0.2719607272931288,0.43284857075644917,-0.046865843127757545,0.12439148012473022,0.5594803039593544,-0.012847566805594634,0.18145459098680708,0.4771664539613426,-0.04200614801396142,0.23495604715654578,0.4544386852639303,-0.051882318693581335,0.27351496912763673,0.4415773199367036,-0.05270487346392845,0.10104243224670936,0.5780597280921531,-0.03115890440187736,0.18644365413741992,0.5551304572361104,-0.06397405099298617,0.19942741230793193,0.6277226124434263,-0.058143273843748525,0.19063562777306362,0.6720632424985343,-0.04473467882913156,0.09386576574214056,0.608794470711164,-0.05047562663574953,0.17274197874042896,0.6083576964683786,-0.07109393548060843,0.18078707134632124,0.663706328042869,-0.06396313574588756,0.16719230074492192,0.693451500349424,-0.052893018344955134,0.0,0.0,0.0,0.0,0.0,0.0,0.0,0.0,0.0,0.0,0.0,0.0,0.0,0.0,0.0,0.0,0.0,0.0,0.0,0.0,0.0,0.0,0.0,0.0,0.0,0.0,0.0,0.0,0.0,0.0,0.0,0.0,0.0,0.0,0.0,0.0,0.0,0.0,0.0,0.0,0.0,0.0,0.0,0.0,0.0,0.0,0.0,0.0,0.0,0.0,0.0,0.0,0.0,0.0,0.0,0.0,0.0,0.0,0.0,0.0,0.0,0.0,0.0,0.45634765453563914,0.38160795799050434,0.018665086888066264,0.509796290761598,0.38595587806708465,0.007284069039975369,0.5914019074106354,0.3829924306870509,0.007027494335428269,0.6443649540163167,0.3732659974285991,0.0179744317863327,0.5544195226382331,0.4847655477936411,-0.07000231191085571,0.5546539048748498,0.5028984135445337,-0.03574773156040631,0.5539440569982474,0.46717910140191576,-0.07504582376131565,0.5532872340596607,0.44412084769114013,-0.07061806979618257,0.5408958953477547,0.4681444936664371,-0.07342855234994113,0.5669743682317477,0.4669251869182689,-0.07351665516872868,0.5024377484754412,0.5673983013043331,0.008585091872262446,0.611656982796114,0.5670076533180353,0.008570159708884705,0.5584364420591017,0.5426126323359736,-0.035095906799301683,0.55854485262127,0.5998966139472997,-0.020668589078802466,0.4872748416651178,0.5709854594544387,0.010239561863655048,0.6248974900276744,0.5652025701433765,0.010206809673370173,no,2025-11-18T07:30:13.157956
0.14643907883407997,0.8228388717042758,6.700310359529839e-07,0.20059643796635573,0.7506168952884176,-0.0010008014135849768,0.23524620658364154,0.6514655923099597,-0.008777436393745957,0.26415824205937133,0.5860583639144417,-0.022193216063242302,0.2985818182144706,0.5339763308098635,-0.03433347742652115,0.15819744487563747,0.5588261593180992,0.0027162256120467085,0.2020330285932699,0.49610381671501463,-0.02196336034654778,0.2394902597719685,0.461020142864936,-0.03833309272606338,0.2705663551483726,0.43444991013026923,-0.04801498534311366,0.12363354058898407,0.559314516403429,-0.01278776154657874,0.18091266951493368,0.47935008007477226,-0.041350417764729315,0.23466562788640125,0.45673957411733196,-0.05134644336411512,0.2729787145938782,0.4431950472974534,-0.052581449489503974,0.10057910415436054,0.5787101661891735,-0.030650454036106087,0.18579447142162286,0.556872921861082,-0.06330103715969156,0.1988698548856745,0.6286559658362761,-0.057957537896147944,0.1898964749111023,0.6723149175959315,-0.04503778910359643,0.0935312353629259,0.6102760533907077,-0.049557324224809504,0.171869292545187,0.6093894683990605,-0.07022163456226085,0.18000489461376196,0.6645890899342916,-0.06326050220269194,0.166313703153566,0.6945130707885732,-0.052343196233072126,0.0,0.0,0.0,0.0,0.0,0.0,0.0,0.0,0.0,0.0,0.0,0.0,0.0,0.0,0.0,0.0,0.0,0.0,0.0,0.0,0.0,0.0,0.0,0.0,0.0,0.0,0.0,0.0,0.0,0.0,0.0,0.0,0.0,0.0,0.0,0.0,0.0,0.0,0.0,0.0,0.0,0.0,0.0,0.0,0.0,0.0,0.0,0.0,0.0,0.0,0.0,0.0,0.0,0.0,0.0,0.0,0.0,0.0,0.0,0.0,0.0,0.0,0.0,0.4618204287063419,0.3827886771716361,0.01383763479083346,0.5175014283092658,0.38748065032962387,0.004848319374548775,0.5992478890252182,0.3840178917646909,0.008640881900616185,0.6510171001065317,0.37453777385696924,0.022125296840267466,0.5659509922837772,0.486865738174088,-0.07053446493827698,0.5651086976328137,0.5047013255981794,-0.035876137432424834,0.565625908856866,0.4693344144495083,-0.07571190581147447,0.5646579395491327,0.4462182340567517,-0.07138133378248307,0.5522973915863835,0.4703208592370882,-0.0745402256650409,0.5786315632548205,0.4689988260498098,-0.07370979497919314,0.5107944796301767,0.5697244661753141,0.006619863773756965,0.6193612610780802,0.568210717242056,0.012201870287670369,0.5687680486052344,0.5446082156011227,-0.03494460647069672,0.5683649670516018,0.6016823670227068,-0.020272976037571132,0.49386785238926056,0.5730831142105568,0.007843967216295102,0.6332117369190495,0.5659823001340204,0.014206269027621175,no,2025-11-18T07:30:13.283890
0.1470516787898656,0.8224331582718767,6.732648682832883e-07,0.20147011484480354,0.7520929511041392,-0.001627474946568027,0.23636153105003763,0.6523465203866998,-0.009714493324730903,0.2659383232954251,0.5858471024036167,-0.02338667041443842,0.300609876449612,0.5329627466465394,-0.03590064992951958,0.16073243180890867,0.5577881092229534,0.002437480046914215,0.20385777979622677,0.49533703599727785,-0.022458241600390283,0.24076152050764638,0.45930968276250034,-0.03889047769049389,0.27133794673254963,0.43212625334966526,-0.04867004693562543,0.12596559123117188,0.5587617890130243,-0.012988449264271427,0.18312929372753672,0.4782013545343802,-0.04207555623439255,0.23682960649805596,0.4552782324169423,-0.05228770326529521,0.2749903457803681,0.4414948981594918,-0.05350873688395315,0.10240472422493113,0.5788039702043433,-0.03090329581087302,0.1877323680712698,0.5567926852290181,-0.0645222529307655,0.20088826898651171,0.6293180861629195,-0.05954679867958604,0.19186264804667663,0.672576027885948,-0.046597123994037024,0.09494414518566865,0.610867058258159,-0.04984174096291249,0.17401092483990765,0.609056435211188,-0.07146937119734632,0.18199195706821444,0.664634070189924,-0.06491740374931808,0.16787492250106506,0.6940809131694788,-0.0541407442639064,0.0,0.0,0.0,0.0,0.0,0.0,0.0,0.0,0.0,0.0,0.0,0.0,0.0,0.0,0.0,0.0,0.0,0.0,0.0,0.0,0.0,0.0,0.0,0.0,0.0,0.0,0.0,0.0,0.0,0.0,0.0,0.0,0.0,0.0,0.0,0.0,0.0,0.0,0.0,0.0,0.0,0.0,0.0,0.0,0.0,0.0,0.0,0.0,0.0,0.0,0.0,0.0,0.0,0.0,0.0,0.0,0.0,0.0,0.0,0.0,0.0,0.0,0.0,0.45384836452063615,0.3830961978215816,0.01913446896716737,0.5066780967430194,0.3877939750671557,0.006955957640224388,0.589504339448217,0.38534334653618457,0.005521980134274908,0.6427038463408025,0.37544313467018386,0.015871246152469064,0.5503924799847384,0.4881639675005114,-0.07049208741527496,0.5510125661988379,0.5058737443401511,-0.035677893666907455,0.5499052419688688,0.4707156821326292,-0.07573086761149056,0.5494332974532468,0.4476489483090842,-0.07148033172597931,0.5368135760689181,0.47161901428479625,-0.07396749680254265,0.5631089723451074,0.4704458000774409,-0.07432634090428468,0.49831278074869734,0.5698419937344772,0.010199527537014953,0.6085429686051411,0.5691800098623305,0.00851399449580097,0.5547877074881946,0.545848657742578,-0.03484612400215496,0.5551357513385298,0.6020281325260171,-0.018973215608154386,0.48444264039369644,0.5742711482364887,0.012142880664309907,0.6220703448064944,0.5689221412398007,0.01019001133644612,no,2025-11-18T07:30:13.416037
0.14601077223480324,0.8226096255150277,6.784773296433525e-07,0.20094724399733768,0.7503863243088598,-0.0008046587225479334,0.23586884023300375,0.6513465785794278,-0.008699454032691374,0.26557773925677475,0.5853632801771044,-0.022248586708719816,0.30040674891854685,0.5327133274210175,-0.0345816599848251,0.15966739435980712,0.5589441237051809,0.0026586799749812456,0.20449123546247877,0.49622689025777894,-0.022160919988451405,0.24175845933095255,0.4601261543809755,-0.03857051974703661,0.27260930363322733,0.4330628362810033,-0.048313634922180354,0.12515367366829744,0.5590597160702329,-0.013074569964758241,0.1827294965623119,0.47862520565139877,-0.04184400127126427,0.2361903328720596,0.4551448597120417,-0.0520128299840022,0.2745518961272217,0.44123939482330665,-0.05336640064684298,0.10209031932777471,0.5784390637211749,-0.03114378881248569,0.18728467790255537,0.5566914423497691,-0.06403750625926512,0.19978849234142326,0.6280594308454368,-0.058783464239714436,0.19061347361240005,0.6713369278986625,-0.04591451068898266,0.09495601227031121,0.6101921970749413,-0.0502051663831124,0.1731457746743827,0.609404664329532,-0.07117512309438162,0.18102915209520343,0.6642412649552678,-0.06425822317187546,0.1674200918013939,0.6936912656343457,-0.05334579269338604,0.0,0.0,0.0,0.0,0.0,0.0,0.0,0.0,0.0,0.0,0.0,0.0,0.0,0.0,0.0,0.0,0.0,0.0,0.0,0.0,0.0,0.0,0.0,0.0,0.0,0.0,0.0,0.0,0.0,0.0,0.0,0.0,0.0,0.0,0.0,0.0,0.0,0.0,0.0,0.0,0.0,0.0,0.0,0.0,0.0,0.0,0.0,0.0,0.0,0.0,0.0,0.0,0.0,0.0,0.0,0.0,0.0,0.0,0.0,0.0,0.0,0.0,0.0,0.4510282588842347,0.383401592362863,0.020173578341527696,0.5034665129043618,0.38816980371476073,0.007223373811822976,0.5858972262102382,0.38616390702129666,0.00440585998420981,0.6399006621268526,0.37562629777427803,0.013879639000122023,0.5463990724527726,0.4898983933381158,-0.07046531816890686,0.5474716079781116,0.5073208832002727,-0.0354649846546274,0.5457213826192611,0.4724160484590072,-0.07577897232131306,0.5451685818721465,0.4491439937935573,-0.07163862407560372,0.5325793420505723,0.47331929422507024,-0.07386815312014722,0.5590557116440502,0.47204103482341897,-0.07452813389422952,0.495980818813489,0.5715168182478538,0.011525068572504755,0.6070141443481943,0.5701139559847846,0.00819541047301483,0.5517527521453577,0.5466430733876617,-0.03439895657142813,0.5528917732694388,0.602941722198296,-0.018452820896285103,0.4820696508137992,0.575495365158665,0.013650573712359393,0.6198081833724092,0.5695592656958891,0.009741974230379022,no,2025-11-18T07:30:13.557610
0.14413087857097676,0.8248848429603794,6.777364492906037e-07,0.19898142865741364,0.7518782748691973,0.00013526722348941123,0.23416725487287623,0.6518139016535291,-0.007333315741674133,0.2637842326254424,0.5860143062472283,-0.020646753755418107,0.29903521878910744,0.5339349377221208,-0.032698800167559605,0.157410796383967,0.5604680268565577,0.0036911260736028836,0.2030540742713471,0.4980057544369415,-0.021061653573959074,0.24045875346727985,0.46167668340501106,-0.03742124337042268,0.2714862874348235,0.4343040509777972,-0.04712768759830484,0.12308665264625962,0.560433525246649,-0.012531658449198645,0.1813183347403158,0.48017556840950065,-0.04153070517278538,0.23481541072447432,0.456143487175662,-0.05181392232814078,0.2733463187377442,0.44160586996853046,-0.0531196260689087,0.10039728399726901,0.5793999765779947,-0.031032788849337575,0.18658442034308906,0.5583255163923986,-0.06392687781492004,0.19943167091388714,0.6301157990733074,-0.05858924990230694,0.19046777246312904,0.6737395718137111,-0.04554497564921889,0.09374954263441745,0.6108233121586102,-0.05047631958798812,0.1723963934540584,0.6107343341369644,-0.07118571665826526,0.18013687244051935,0.6659198158463168,-0.06416121393235802,0.16637461015259666,0.6954827666539191,-0.05315875296915053,0.0,0.0,0.0,0.0,0.0,0.0,0.0,0.0,0.0,0.0,0.0,0.0,0.0,0.0,0.0,0.0,0.0,0.0,0.0,0.0,0.0,0.0,0.0,0.0,0.0,0.0,0.0,0.0,0.0,0.0,0.0,0.0,0.0,0.0,0.0,0.0,0.0,0.0,0.0,0.0,0.0,0.0,0.0,0.0,0.0,0.0,0.0,0.0,0.0,0.0,0.0,0.0,0.0,0.0,0.0,0.0,0.0,0.0,0.0,0.0,0.0,0.0,0.0,0.4546826041163422,0.38418271630453177,0.016737289635948296,0.508117509954073,0.3889584732532544,0.0051535020219816985,0.5913835262635359,0.38668666122854384,0.004433650120968954,0.6438898333026536,0.3756220499586875,0.015067846000405288,0.5538293498974984,0.49105197677274137,-0.0699706893690966,0.5541634983097345,0.5081495952237173,-0.034870137139778414,0.5532207343584892,0.47366194685886,-0.07542348465003641,0.5524382011438216,0.4503210872106901,-0.07153939962563527,0.5399719673013788,0.4745873968655335,-0.07375993834190916,0.5664685794796331,0.47319091564703053,-0.07394290642203122,0.5012089112130036,0.5726225408129986,0.01122080960812342,0.6125444893474827,0.5701094563058384,0.010808224785012959,0.558499220053468,0.5475528811552719,-0.033411924900813975,0.559397837661636,0.6044478568057062,-0.016862684659251236,0.4867886799200679,0.5762650086958944,0.01313968697402404,0.6246542564334427,0.5695795066768325,0.01257287067337342,no,2025-11-18T07:30:13.705183
0.14592480307981515,0.8235071952781786,6.856219188478636e-07,0.20035871590894516,0.7530632085558144,-0.001898900570684608,0.23531140730170302,0.6530925220204596,-0.010036304509468887,0.264720664863327,0.5855252622067898,-0.023660642577810906,0.3000899391541515,0.5320094460281899,-0.03590502279555749,0.16036464815335968,0.5595448061128339,0.0030307557633539282,0.20497339408786397,0.49675815139506835,-0.022006922552808623,0.2421456931832821,0.460041536082312,-0.03834386827093808,0.27291703478491663,0.432473327902839,-0.04795721603683476,0.12582915598640648,0.5596083494038726,-0.012172580603970012,0.18279190709288662,0.47742042628314996,-0.041698840970281884,0.23607370602647132,0.4538066926997695,-0.051810776567651054,0.27456159091794435,0.43974276087671366,-0.05270577975801564,0.10249164087878243,0.5783996748162495,-0.029997293512753487,0.1880329064229369,0.5562816794761065,-0.06408310792763595,0.2002876466561318,0.6289358397145712,-0.059007538509040544,0.19104060410418416,0.6728946365137739,-0.045645896917035744,0.09493578826423975,0.6091869665956625,-0.0488725991282674,0.17412391396164073,0.6079119992980965,-0.07061361952097757,0.1815775325447035,0.6630680438618028,-0.06412183627383053,0.16723901097315275,0.6924149572977543,-0.05325617844921588,0.0,0.0,0.0,0.0,0.0,0.0,0.0,0.0,0.0,0.0,0.0,0.0,0.0,0.0,0.0,0.0,0.0,0.0,0.0,0.0,0.0,0.0,0.0,0.0,0.0,0.0,0.0,0.0,0.0,0.0,0.0,0.0,0.0,0.0,0.0,0.0,0.0,0.0,0.0,0.0,0.0,0.0,0.0,0.0,0.0,0.0,0.0,0.0,0.0,0.0,0.0,0.0,0.0,0.0,0.0,0.0,0.0,0.0,0.0,0.0,0.0,0.0,0.0,0.44597565414614565,0.3872683767946914,0.02377099259873825,0.49716768318061927,0.39220803442001556,0.008857204886651746,0.5799330818344657,0.38926752328127934,0.0027819871054343068,0.6345550362325494,0.37810296614526784,0.010218845423416365,0.5375487396231267,0.4923608476383467,-0.07025845331592076,0.5393153044717923,0.5098907506281398,-0.035327058590760366,0.536824636340469,0.4749957112500553,-0.07556760962147549,0.5366082497609062,0.4517848983254607,-0.07143879935233599,0.5238296785759976,0.47597298825057677,-0.07327932246651923,0.5502717112047366,0.47462048235678705,-0.07469002120823279,0.48947583629326175,0.5743060426023153,0.013561533100615798,0.5994978906927233,0.5738107708718065,0.005534263339877046,0.5421055570444037,0.5513111042548515,-0.03442598562052055,0.5435461804980696,0.6078479961862089,-0.018145709197763933,0.4763309904746366,0.5787049390117198,0.016118544832932583,0.6131593699903267,0.5736643198934395,0.006880183862403074,no,2025-11-18T07:30:13.894478
0.14719696912251484,0.8225828138809259,6.765855673762958e-07,0.2015008167710009,0.7520819935677632,-0.0019510332319706363,0.23679478638066795,0.6519639584398869,-0.010162164880994962,0.2664921365402832,0.584399843141435,-0.023780448138020348,0.3016426035349386,0.531142216624477,-0.03611355492252087,0.1621081036577498,0.5578161500046591,0.0019008995017233115,0.20639045258954813,0.49519097226011044,-0.023214609903506687,0.24396057719009076,0.45898509680702515,-0.0395861151891075,0.2750739020903724,0.431948704614185,-0.04923456563677313,0.12716109094266995,0.5581508026526046,-0.013373619830465774,0.1839119511350778,0.4757269208003427,-0.04272926298999991,0.23765918040056858,0.45299330072610544,-0.05274183756420673,0.27618798959654545,0.4399230564732842,-0.05368182439949083,0.10377003691249378,0.5774245345211619,-0.031175498222674847,0.189412562136811,0.5554754106227578,-0.06524393390575828,0.2016552272463322,0.6280993054220897,-0.060344169860914086,0.19205162614066554,0.6715556282410942,-0.04725152096423038,0.09662701490042852,0.6085997320103709,-0.050002769442092,0.17598681942522115,0.607772854602814,-0.07194932765499523,0.18343376321344138,0.6635917959978265,-0.06561718203075796,0.16898395153054457,0.69301576316998,-0.054928108205707066,0.0,0.0,0.0,0.0,0.0,0.0,0.0,0.0,0.0,0.0,0.0,0.0,0.0,0.0,0.0,0.0,0.0,0.0,0.0,0.0,0.0,0.0,0.0,0.0,0.0,0.0,0.0,0.0,0.0,0.0,0.0,0.0,0.0,0.0,0.0,0.0,0.0,0.0,0.0,0.0,0.0,0.0,0.0,0.0,0.0,0.0,0.0,0.0,0.0,0.0,0.0,0.0,0.0,0.0,0.0,0.0,0.0,0.0,0.0,0.0,0.0,0.0,0.0,0.43708660842034763,0.3887962462739326,0.030217575352294235,0.4860611739439016,0.39359165461063494,0.011845739246595259,0.5686228149975093,0.39090273737535036,0.00016225555861998017,0.6243031891215237,0.3788550982850744,0.004191129805572862,0.5213607941623019,0.49533412727033,-0.06984314686379191,0.5247995661267348,0.5127813893464338,-0.03512012973790891,0.5204024874569624,0.477909286222333,-0.07511980039546408,0.5206186328417263,0.4545425869448272,-0.07098300136669877,0.5077278961145903,0.47893183332816924,-0.07219194684488911,0.5339705454579439,0.47748879642856135,-0.07487559300229259,0.47920859850265657,0.5762336411131694,0.016907963570063737,0.588174063077456,0.5760097875011804,0.0011521247276365344,0.5260916955868686,0.5532577478671719,-0.03427930017615459,0.5284495853242606,0.6106302776093245,-0.018708074880661733,0.4667761151399291,0.5807565975805059,0.02007410383277517,0.6023120639548192,0.5762184919817844,0.0019437799555584983,no,2025-11-18T07:30:14.024461
0.1476065544937182,0.8219270570983914,6.759237060194481e-07,0.20160622081588223,0.7497128860889963,-0.0008237450587007991,0.23672165062374845,0.6506063984322847,-0.008819110437812411,0.266426269323761,0.5845157622918479,-0.02244334842975036,0.301215592453123,0.5317644087978495,-0.0348251901257931,0.1602624184017318,0.55771854629864,0.00191471233182637,0.2046563834974947,0.4945903391497696,-0.02264951243123027,0.242395856946791,0.4589754077766052,-0.03890428297604732,0.2737044772903034,0.4323788201282137,-0.04852059870524169,0.1258670788866525,0.5581906609736718,-0.01373879329778575,0.18322997627182738,0.4777402969384862,-0.04194646365058524,0.23737708938012436,0.4543654457579502,-0.05178510624324113,0.27608475262126314,0.4408565056870129,-0.05312523061705613,0.10306913997557406,0.5777649622965154,-0.031655421632213354,0.1884369468117565,0.5555751307817312,-0.0640643558450529,0.2007666470122576,0.6265875016604772,-0.05873314059070485,0.19109537794927334,0.6698723981087368,-0.04601579080657427,0.0962524168318423,0.6094734120810064,-0.050569780574088605,0.17461210139542613,0.6074356574001314,-0.07137831780679907,0.1827488725520599,0.6626003353978238,-0.0643709715080662,0.16919332013611427,0.6928921684654832,-0.05345692443366408,0.0,0.0,0.0,0.0,0.0,0.0,0.0,0.0,0.0,0.0,0.0,0.0,0.0,0.0,0.0,0.0,0.0,0.0,0.0,0.0,0.0,0.0,0.0,0.0,0.0,0.0,0.0,0.0,0.0,0.0,0.0,0.0,0.0,0.0,0.0,0.0,0.0,0.0,0.0,0.0,0.0,0.0,0.0,0.0,0.0,0.0,0.0,0.0,0.0,0.0,0.0,0.0,0.0,0.0,0.0,0.0,0.0,0.0,0.0,0.0,0.0,0.0,0.0,0.43414313912914965,0.39022057067534216,0.03138446364348282,0.4835071803471568,0.3959248723149305,0.012312008843416152,0.5658898886961119,0.3929396021347501,-0.0004782586686933616,0.621767504614015,0.3812049423643924,0.0029430044172595116,0.5172071950910233,0.4984859420474117,-0.06977197709839222,0.5210630797628913,0.51573685198561,-0.035008935334113866,0.5162000637949332,0.4810096419858308,-0.07504394999479014,0.5165286736729842,0.4573953200093551,-0.07090991053752305,0.5035858476859344,0.4819724803275673,-0.07200206848017046,0.5298061722155136,0.4805864296931625,-0.07492068773292157,0.47664557892490467,0.5780508596724905,0.01740883739844234,0.5856002659156354,0.5784975177950085,0.00012971222471816262,0.5247735980947954,0.5557023507249678,-0.03431257898760389,0.5268183302311763,0.6126927156326651,-0.018343508451194646,0.46485449991653743,0.583277400762833,0.020757154032853154,0.5991131841056292,0.5793638558141192,0.0008872923385636047,no,2025-11-18T07:30:14.163466
0.14719255410900356,0.8205882243270888,6.809445832267692e-07,0.20110873471414303,0.7488377996652867,-0.0006556766267588283,0.23595368159983046,0.6499371253693254,-0.008617705072999995,0.2650446912204895,0.5841601848416027,-0.02221564570424505,0.2996117787705068,0.5317172213647908,-0.03451251386050874,0.15998382747793882,0.5585585093038763,0.0024382466038738097,0.20499826525796366,0.49578097317901076,-0.022658006656272274,0.24219083486501614,0.4593535231040772,-0.038976924384065526,0.27300055729349004,0.43208507773626414,-0.04853647954544903,0.12514825298697974,0.5586682047944683,-0.013466041057893749,0.1818600189562834,0.47593954663399224,-0.04282591882652095,0.23521483546440758,0.45299789984278127,-0.05278043748515263,0.27341544714669874,0.43995758357394465,-0.05367123243546974,0.10193386969877602,0.5774688592457919,-0.03168672423943031,0.18715893802170008,0.5540285698578761,-0.06497559803465948,0.20023145981193782,0.6259287851529772,-0.05933506111945578,0.1911502013342558,0.6699726556392989,-0.04596431513943406,0.09472409152119916,0.6086297655326144,-0.05088517462504174,0.17335790220871466,0.607319093653679,-0.07198607416633708,0.18190604622847975,0.6626449510050337,-0.06485005671145536,0.16851248227598484,0.6927545540050805,-0.053680658129431603,0.0,0.0,0.0,0.0,0.0,0.0,0.0,0.0,0.0,0.0,0.0,0.0,0.0,0.0,0.0,0.0,0.0,0.0,0.0,0.0,0.0,0.0,0.0,0.0,0.0,0.0,0.0,0.0,0.0,0.0,0.0,0.0,0.0,0.0,0.0,0.0,0.0,0.0,0.0,0.0,0.0,0.0,0.0,0.0,0.0,0.0,0.0,0.0,0.0,0.0,0.0,0.0,0.0,0.0,0.0,0.0,0.0,0.0,0.0,0.0,0.0,0.0,0.0,0.4465690022733151,0.3930770099718416,0.022276644240047282,0.498961013622141,0.3983859152376654,0.007667059117291956,0.5816841392180511,0.3944693976631392,0.002101688256828756,0.6349874355402686,0.38210642809614426,0.0098288519918119,0.5393434413908791,0.500014225324777,-0.06913722397466837,0.5409573268534915,0.5172915329016032,-0.0343381343791026,0.5385870924443417,0.482637022783725,-0.07453790854083875,0.5382216611029258,0.4592136019821785,-0.0706546011754483,0.5256854457011826,0.4836670282039448,-0.07232220486815606,0.5519030269799492,0.4821716498622597,-0.07361159655343817,0.4920440862497143,0.5804638603839595,0.013609651393221176,0.6007466659225241,0.5794531646821112,0.006308484562097107,0.5451501609782449,0.5581151357239647,-0.033411221182110665,0.5460585033609799,0.6145162591873348,-0.016961981646225394,0.47883785824989467,0.5856609922801439,0.016174913585318577,0.613819876259205,0.5800578758593301,0.0077690840205319744,no,2025-11-18T07:30:14.294143
0.14803674888248564,0.8201324607906348,6.723201634617521e-07,0.20177407359438765,0.7488987300976886,-0.0013855874618376566,0.23674604690657797,0.6501049261909798,-0.009575428610563775,0.26589515907345584,0.5841265797521917,-0.023330953875469903,0.3004353501968684,0.5314698718117747,-0.0358841407966837,0.1603732848198448,0.5564399885901553,0.0022254704291956827,0.2040525280194924,0.49404227661235545,-0.022921096251956156,0.24154184608908613,0.4579119019948868,-0.03946831910035414,0.2725357657025235,0.4308474415408997,-0.04919148612658918,0.12563034213737262,0.5571738524487326,-0.01331560988331294,0.18280982434134666,0.4754509799724984,-0.04235592679831411,0.2367313012776025,0.4529869441154214,-0.052301238857594204,0.27479714198460425,0.4398875656860507,-0.05327641172874218,0.10243543757951916,0.5768940384638384,-0.031305354592125356,0.187988823041936,0.5538913603626692,-0.06494483405222468,0.20157001767337918,0.6263667174914209,-0.059860512965152005,0.19255702841962272,0.6700327383802573,-0.04674660022218094,0.09533787276908537,0.6088019919505723,-0.050280694019259345,0.17428318323679218,0.6072333340392113,-0.07197554529549649,0.18313426611665456,0.6626849017834922,-0.06536314737976599,0.16980685483933594,0.6924765940763622,-0.0544529258149752,0.0,0.0,0.0,0.0,0.0,0.0,0.0,0.0,0.0,0.0,0.0,0.0,0.0,0.0,0.0,0.0,0.0,0.0,0.0,0.0,0.0,0.0,0.0,0.0,0.0,0.0,0.0,0.0,0.0,0.0,0.0,0.0,0.0,0.0,0.0,0.0,0.0,0.0,0.0,0.0,0.0,0.0,0.0,0.0,0.0,0.0,0.0,0.0,0.0,0.0,0.0,0.0,0.0,0.0,0.0,0.0,0.0,0.0,0.0,0.0,0.0,0.0,0.0,0.4492282155169218,0.39287873807346047,0.019095506807280456,0.5020143002604723,0.3980069771796466,0.005696476689221754,0.5852276518176589,0.3952684637899513,0.0018736136645854866,0.6380738426251757,0.38311456379763725,0.010553028185625627,0.5447631899833119,0.5019284683867232,-0.06940068722556203,0.545963165742267,0.5187636847037466,-0.034153326899267145,0.5440206225142088,0.484581085468515,-0.0749883790844052,0.5434660036624248,0.4610007938919376,-0.07133885488850922,0.5309257587964836,0.48556247962283117,-0.07298002772537784,0.5573591975777279,0.48398658391283456,-0.07386773543005848,0.495786038533869,0.5816327502088408,0.014152851845585485,0.6046148710090526,0.5802647443340823,0.009355575647382992,0.550062000845873,0.5590739305290661,-0.03250221608865398,0.5510024267293181,0.6151585881679624,-0.015327422931544751,0.4818060748826225,0.5861785999017449,0.016473510868913657,0.6184058084813939,0.5794107996163715,0.010909367560881775,no,2025-11-18T07:30:14.508176
0.14866396820364058,0.8187063170461658,6.843691948299499e-07,0.20297795432486945,0.7479656564287729,-0.0018184378084657228,0.23807659942203135,0.6494103899410404,-0.010139104529232036,0.2673882698157349,0.5832402348471805,-0.02400079042180764,0.30163129461671423,0.5305447231792944,-0.03675754125775023,0.16221002459681205,0.5539814793948701,0.0021637456621521316,0.20601894968536721,0.4916248913960825,-0.023252133139248454,0.24368753209338645,0.45505804982003706,-0.04014337851713798,0.2746876451050231,0.4274939474397614,-0.05011102558990688,0.12750028479673273,0.5550044200445567,-0.013271022701533913,0.18511829256703943,0.47357011700899243,-0.04275877498911334,0.23933008091138044,0.450105706054102,-0.053131690066500044,0.27766752264673633,0.4359012605318147,-0.054325788983048226,0.10421283058303923,0.5752173332101144,-0.03121526843901512,0.18991254537583402,0.5527437625330192,-0.06548250865871694,0.20290105717271864,0.6260101710130139,-0.06045852432808744,0.19348961437088696,0.6697972708605846,-0.04716390361467533,0.09685018910251449,0.6074716901834313,-0.050162045335502094,0.17563408942017678,0.6050016524665356,-0.07231746674002196,0.18376107930065974,0.6607185821879039,-0.06558483889788891,0.16972714757681442,0.6903015194464758,-0.054449723980719296,0.0,0.0,0.0,0.0,0.0,0.0,0.0,0.0,0.0,0.0,0.0,0.0,0.0,0.0,0.0,0.0,0.0,0.0,0.0,0.0,0.0,0.0,0.0,0.0,0.0,0.0,0.0,0.0,0.0,0.0,0.0,0.0,0.0,0.0,0.0,0.0,0.0,0.0,0.0,0.0,0.0,0.0,0.0,0.0,0.0,0.0,0.0,0.0,0.0,0.0,0.0,0.0,0.0,0.0,0.0,0.0,0.0,0.0,0.0,0.0,0.0,0.0,0.0,0.44732818916505424,0.3929532304545006,0.020260784919119316,0.4990825161504388,0.39838610665947205,0.006056428081662603,0.582468054405381,0.3958404330906925,0.0009287849144001233,0.6363526785872156,0.3832701828950268,0.008879264925027764,0.5410101922511774,0.5030793348155387,-0.06995998904501483,0.5427327144057099,0.5195982870826319,-0.03437249898933217,0.540162011753778,0.4856908780461472,-0.07560791398253883,0.5396781126290945,0.4619684188156282,-0.07197198652199432,0.527085934141055,0.4865830273070287,-0.07344937142236986,0.5535985424324339,0.4850959616722986,-0.07462751724544,0.4932606654842807,0.5823577130713393,0.015435612274092028,0.6030141796985571,0.5808387980722688,0.008864768715664276,0.5478063524241267,0.5593864945308904,-0.03258953093880483,0.5490738072920425,0.6155116709455535,-0.01456806718173264,0.4796809431439022,0.586651831422125,0.01793675478923655,0.6164547152682238,0.5803399425118143,0.010333671338626942,no,2025-11-18T07:30:14.703056
0.14751898515133888,0.8199303365244868,6.740569119334527e-07,0.20155311325032915,0.7489064150597844,-0.00046388364480461357,0.23654047498252675,0.6491598899568636,-0.007969173179447776,0.2662896590997238,0.5832050561881623,-0.0212540498398959,0.3014697695417479,0.5315408235323199,-0.033379249924724914,0.16092834979373302,0.5559502226056839,0.0028542921477702063,0.20518712457908803,0.49303132277514394,-0.02161353353822021,0.24258270449750652,0.456567174028442,-0.03775344624673675,0.27363675697023615,0.42919031664399876,-0.04720053822706327,0.12664682621050777,0.5561062406314092,-0.012877615225450337,0.1844154322131996,0.47675465477124274,-0.04143318210207678,0.23846036829792577,0.45212929407662683,-0.051382121538839504,0.277142793048298,0.4372972131554642,-0.05247984070000113,0.10351188610980079,0.5751932694378514,-0.03090839985309063,0.189241559650903,0.5544849782189479,-0.06393344341186179,0.20240377225920708,0.6273134904289923,-0.05872102369944983,0.19346098017862662,0.6719283309411566,-0.04556676367958155,0.09595003477375899,0.6064215230969341,-0.049893214392528265,0.17454658613102497,0.6056107999023199,-0.07098209515423072,0.18277900129021102,0.6616967430287664,-0.06406334440455091,0.16926267045617377,0.6925402491355457,-0.05294903830781303,0.0,0.0,0.0,0.0,0.0,0.0,0.0,0.0,0.0,0.0,0.0,0.0,0.0,0.0,0.0,0.0,0.0,0.0,0.0,0.0,0.0,0.0,0.0,0.0,0.0,0.0,0.0,0.0,0.0,0.0,0.0,0.0,0.0,0.0,0.0,0.0,0.0,0.0,0.0,0.0,0.0,0.0,0.0,0.0,0.0,0.0,0.0,0.0,0.0,0.0,0.0,0.0,0.0,0.0,0.0,0.0,0.0,0.0,0.0,0.0,0.0,0.0,0.0,0.45881699480149074,0.39405844286778374,0.012412962110120275,0.5138129048132718,0.3997892964728177,0.0023370865431284644,0.5960989404278645,0.3956347092239885,0.0040629900563935156,0.6483557027827588,0.38412167563406735,0.016135791370821433,0.5618906573533872,0.5042137999932949,-0.06992397003072046,0.5614998632625016,0.5205655305270948,-0.03429747082304381,0.5613637192901275,0.48690498680501787,-0.07562509340627414,0.5603522141590906,0.46327596746826943,-0.07207019817318283,0.5479173829450087,0.4877937302310442,-0.07423717809967179,0.5745614267490539,0.4862451472790204,-0.07387371663363194,0.5084924319128252,0.5835743886668647,0.011570846185898577,0.61692443918781,0.581349670184816,0.014382425197444622,0.5665343255040556,0.5613585724302401,-0.032041306790680034,0.5662378032470039,0.616687454401686,-0.014430634690387242,0.4921424029531767,0.5871199516226225,0.013222198376448634,0.6306044731221643,0.5795146992489186,0.016409941535328428,no,2025-11-18T07:30:14.840952
0.1490401663775684,0.8189813304193021,6.867981767089143e-07,0.20293536384323937,0.7498235311878817,-0.0018739778412954293,0.23788925682081125,0.6503061262471238,-0.009938259863048854,0.26739392069823836,0.5832674860942643,-0.02339222293462452,0.30229988518572226,0.5309105577832345,-0.03556262361720483,0.1635260339085166,0.5555891087622535,0.0018884629742129048,0.20711395768768398,0.4922437964965197,-0.023041899746476552,0.2441901097064864,0.4555366813297499,-0.03921085886436378,0.27476157180157773,0.4278124614788521,-0.04861570895170264,0.12857101586604566,0.5560026919252017,-0.013221154949136645,0.1856890854231777,0.47422201401300934,-0.042326674109514836,0.23927065302055636,0.45056975861344006,-0.05217714463458546,0.2778593004290638,0.4364283025654335,-0.05296408379285068,0.10488040810321353,0.5753137088747332,-0.03082598821966856,0.19058520413756622,0.5553354396919783,-0.0642812010569746,0.20218137819789425,0.6276864388180118,-0.05923553886553016,0.1924360439785879,0.6709660811638614,-0.046099135627546736,0.09713775913735824,0.6067579054846243,-0.049489100941948756,0.17618385784574778,0.6067636967269778,-0.07070785589620715,0.18294400080770698,0.6618676538553866,-0.06415976782910651,0.16819669702589649,0.6908333107364435,-0.05337709978766601,0.0,0.0,0.0,0.0,0.0,0.0,0.0,0.0,0.0,0.0,0.0,0.0,0.0,0.0,0.0,0.0,0.0,0.0,0.0,0.0,0.0,0.0,0.0,0.0,0.0,0.0,0.0,0.0,0.0,0.0,0.0,0.0,0.0,0.0,0.0,0.0,0.0,0.0,0.0,0.0,0.0,0.0,0.0,0.0,0.0,0.0,0.0,0.0,0.0,0.0,0.0,0.0,0.0,0.0,0.0,0.0,0.0,0.0,0.0,0.0,0.0,0.0,0.0,0.4605887033419456,0.3946766141836783,0.01174263636458825,0.5148571457755476,0.40020209197439255,0.001275053854118852,0.5979351902285044,0.397325887493731,0.002332107387038803,0.650319417429511,0.3860609776495303,0.013979641282087781,0.5617040373921325,0.5065748641690107,-0.06979540880867612,0.5613936629869178,0.5227025254907507,-0.033775199614521974,0.5612839869586776,0.48940462276652263,-0.07570713466695658,0.5604807476110852,0.46575196009350206,-0.07244652604801338,0.5477958108134009,0.4901464067558038,-0.0742468549969394,0.5745517361711578,0.48880776360189726,-0.07403526233688701,0.508321147101127,0.5841258338311893,0.013504660450327294,0.6167283228615748,0.5834524329966133,0.015377464455108972,0.5651720985888198,0.5621994740698869,-0.031117940878853372,0.5648606697452213,0.6189563163217079,-0.01233395096563458,0.49191547623588094,0.5882035865271773,0.015299516451553346,0.6307189898531659,0.581757047309701,0.017383588736819527,no,2025-11-18T07:30:14.966839
0.1506018806693674,0.8187562728050948,6.896174596598972e-07,0.20437596539368086,0.7489383025354692,-0.0021384661716633184,0.23942597048766087,0.6497579022100946,-0.010510974690660865,0.26905912353519246,0.5830902636045356,-0.02423137990815489,0.3039691588442344,0.530412408846909,-0.036634564562217795,0.1635733721407207,0.5551899518058246,0.0012462787812053363,0.20734460964027449,0.4915637671495126,-0.02384080433389492,0.24497423218516765,0.45470453198529426,-0.0402174997691198,0.2760449719016128,0.4270580730951542,-0.049770424144740366,0.1291117207564138,0.5558016079369356,-0.013818433522466853,0.18626352086624812,0.4743390429333235,-0.04279521306147987,0.2404742890056052,0.4501343716181977,-0.05266689250760321,0.27934557202182103,0.43573717476885415,-0.05366478112443552,0.10614723372208368,0.5752889621720467,-0.03138775789066657,0.19201448965728407,0.5547796375801353,-0.06466619208074484,0.20414437065135727,0.6262667764520815,-0.05978147850702388,0.19450794386906234,0.6689735910999666,-0.04697067196180365,0.09931349878917434,0.6065469813353754,-0.050053796504404474,0.1784706604120554,0.6062146902366579,-0.07139098558627191,0.1853104313449584,0.6615244028611498,-0.06503490458067569,0.17051557649642296,0.690643509454144,-0.05446549900147995,0.0,0.0,0.0,0.0,0.0,0.0,0.0,0.0,0.0,0.0,0.0,0.0,0.0,0.0,0.0,0.0,0.0,0.0,0.0,0.0,0.0,0.0,0.0,0.0,0.0,0.0,0.0,0.0,0.0,0.0,0.0,0.0,0.0,0.0,0.0,0.0,0.0,0.0,0.0,0.0,0.0,0.0,0.0,0.0,0.0,0.0,0.0,0.0,0.0,0.0,0.0,0.0,0.0,0.0,0.0,0.0,0.0,0.0,0.0,0.0,0.0,0.0,0.0,0.45709406325601765,0.3946446569653819,0.014747894270663017,0.5104309482520775,0.4007387143583968,0.0027719548209662577,0.5937501144547673,0.3986053686402447,0.0012497508092890112,0.6471110384228549,0.38670833144180006,0.011275533833119382,0.5545082677423919,0.5060622369150565,-0.06947641892407722,0.5549588723469593,0.5223815194935748,-0.03368200754749631,0.5540224518342888,0.48883052371598684,-0.07531132775690015,0.5534832944426733,0.46518034448957635,-0.07199230092636189,0.5407452476594318,0.4895138781597012,-0.07356341998590027,0.5672928566014328,0.4883460233338466,-0.07394161709674055,0.5026391798938328,0.5844026590992799,0.01481655647253389,0.6120989705910199,0.5847876517209324,0.013054590082039998,0.5587600879430152,0.5635687712298898,-0.03128852816223362,0.5589088042444064,0.6197571102825885,-0.012440569702054857,0.487904599265821,0.5877621359569175,0.016902963025965216,0.6254925050755851,0.5825796616744123,0.014831785707705866,no,2025-11-18T07:30:15.086471
0.15178559070814257,0.819610531336248,6.924976403813178e-07,0.206262691814253,0.7513086400124703,-0.002151403258426147,0.24212629267219044,0.6521806023444424,-0.010656053263865426,0.2723673889732542,0.5864383667704532,-0.02453143618098422,0.3079285989781627,0.5345857606025011,-0.037170419550725024,0.1672895564512388,0.5556387824557993,0.0009823694251216552,0.21059303141744634,0.49164773521545757,-0.02442806341271076,0.2475746455134365,0.4526151165156421,-0.04107085781116703,0.27790046093783644,0.42307038715068074,-0.05092686694228424,0.13237595490402096,0.5562449285240556,-0.014643849346431113,0.18816235132496212,0.47316487373488075,-0.044162706533028756,0.24247671184222291,0.447869884421312,-0.0543212169900191,0.2809870541230931,0.43215743304272936,-0.05540576389483742,0.10907252335422879,0.5764060372345524,-0.03277111817560844,0.19458142125934424,0.5538012925411357,-0.06680700324285464,0.20787044470315819,0.6265755588460054,-0.06175598212217382,0.19819303715250297,0.6692678164297288,-0.04871460748220455,0.10236860128944267,0.6084428644183744,-0.05199565680546876,0.1817876270233304,0.6074219286582917,-0.07412989394765408,0.18868692617796473,0.6636462150833764,-0.06774963488249139,0.17303037369981442,0.6925250392291014,-0.05711298447238247,0.0,0.0,0.0,0.0,0.0,0.0,0.0,0.0,0.0,0.0,0.0,0.0,0.0,0.0,0.0,0.0,0.0,0.0,0.0,0.0,0.0,0.0,0.0,0.0,0.0,0.0,0.0,0.0,0.0,0.0,0.0,0.0,0.0,0.0,0.0,0.0,0.0,0.0,0.0,0.0,0.0,0.0,0.0,0.0,0.0,0.0,0.0,0.0,0.0,0.0,0.0,0.0,0.0,0.0,0.0,0.0,0.0,0.0,0.0,0.0,0.0,0.0,0.0,0.45456644390713785,0.3955946759329473,0.018435604355456707,0.5051831237050869,0.39994837255338206,0.004722826334419615,0.5876353657314883,0.3992325922380987,6.947396952261173e-05,0.6415766378523271,0.3887684704541764,0.008048657218249197,0.5460306996613724,0.5069067912747585,-0.06852442807542476,0.5473639331007409,0.5233959730551218,-0.03334698091262507,0.5453873379013974,0.4897152419023584,-0.0742069307870957,0.5450274581687549,0.4661346560256491,-0.07081307494576494,0.5324049240635569,0.49044615235576006,-0.07212276046878593,0.5586024162310143,0.48926336217561317,-0.07320804093543616,0.4973943558675554,0.5849582148397858,0.016140488149699542,0.606484044879174,0.5859069748835222,0.009899799882556282,0.5509635712980915,0.5642714204126134,-0.03137449049353232,0.5515472809407151,0.6211912306173685,-0.012899692171944081,0.4837183311365879,0.5885391924253276,0.01857355532725549,0.6193326969156917,0.5840426034068625,0.011409804056849902,no,2025-11-18T07:30:15.211122
0.14959666553134027,0.8262219107181727,5.441579084193571e-07,0.2053952286633597,0.7525177102135259,-0.0008922083664741527,0.23848962370874155,0.6555760156077985,-0.008349485727112749,0.2656651144075484,0.5909689709542727,-0.021679518292802194,0.29953341536623285,0.5412270956084863,-0.03341942750254681,0.16295674512167652,0.555039401985346,0.0046329410459715675,0.21160913336829196,0.5004958584791582,-0.02021632407119112,0.25291339468664986,0.4803452961041956,-0.03777322442243208,0.2857717591420902,0.4687267323860703,-0.048394688871322936,0.1302489783951944,0.555531183324833,-0.011040909452186037,0.19252854321142363,0.4895284262377865,-0.0397561774894367,0.247345869825683,0.4818046626696404,-0.05074374499393762,0.2843945026465304,0.4817525923300805,-0.05306911560918953,0.10758774828848067,0.5752153274532594,-0.02930920860003557,0.19218449396058948,0.5544024975908346,-0.06125499192530134,0.20672501178982677,0.6250340488874955,-0.057080045755381836,0.19813429993401668,0.6686355685618492,-0.04591136960936075,0.0992655645445245,0.6075578141214186,-0.04873808071873246,0.17837546869211945,0.6061658233474716,-0.06942919992854849,0.18655436685275342,0.6614125936638195,-0.06322208071782269,0.17228262734778244,0.6929005732701751,-0.053268542569810354,0.0,0.0,0.0,0.0,0.0,0.0,0.0,0.0,0.0,0.0,0.0,0.0,0.0,0.0,0.0,0.0,0.0,0.0,0.0,0.0,0.0,0.0,0.0,0.0,0.0,0.0,0.0,0.0,0.0,0.0,0.0,0.0,0.0,0.0,0.0,0.0,0.0,0.0,0.0,0.0,0.0,0.0,0.0,0.0,0.0,0.0,0.0,0.0,0.0,0.0,0.0,0.0,0.0,0.0,0.0,0.0,0.0,0.0,0.0,0.0,0.0,0.0,0.0,0.4483695750171523,0.39811764140656763,0.019958216439546286,0.4997091706381727,0.4037459413759876,0.004832300666139904,0.5822461980615907,0.4028875063126834,-0.0020268789461088694,0.6372469614089211,0.39136638053653644,0.004696081454061744,0.5388281342640511,0.5096716502035719,-0.06813451293402509,0.5407202224803174,0.5261734513484226,-0.03286104468163812,0.5381101122986296,0.49255223250055663,-0.07391582299805148,0.5379064795860101,0.46899985698545027,-0.070696160316148,0.5253222409033147,0.4932424138319938,-0.07158891874256977,0.5512903748521099,0.4921572836669234,-0.07317228587599559,0.4917958541384591,0.5873959756297318,0.01832491494068353,0.6013128406253933,0.5888155661084481,0.008950834713471573,0.5446265889346444,0.56793193527726,-0.030767011758683273,0.5456205864714104,0.6244138316325367,-0.011143086478925198,0.47920360936635914,0.5909349368746664,0.021078172687092903,0.6135065684323637,0.587449428753831,0.010354171888662788,no,2025-11-18T07:30:15.366860
0.1487093290835336,0.8268667298570722,4.927026868260104e-07,0.20486455013318589,0.7506208767914095,-0.001331568783524454,0.23654047193289632,0.6558868115625205,-0.009209997967859734,0.26298400783777687,0.5913363717495668,-0.02352008014691751,0.29703714873841425,0.5418326225303478,-0.036314862334923995,0.1595804992784057,0.5531986038571292,0.010233943615660993,0.21041770690955644,0.5059901513102731,-0.01634262953082838,0.2524095371947043,0.494828784088017,-0.03667700238977725,0.28577049165448015,0.49128143889353565,-0.04888830403825584,0.12795998884187668,0.555016835253725,-0.005394408975871781,0.19465838240454758,0.4999590857366148,-0.03602025030775718,0.24742183341900603,0.5040478675191311,-0.04928649650252492,0.28223866224626937,0.511310675742677,-0.052440010473261606,0.1061432180401525,0.5758493481634278,-0.02421931414967341,0.19222741624794915,0.5589602128571544,-0.057687453347713843,0.2041685633480689,0.6314064337474129,-0.05445457084262145,0.19441319844132016,0.6751487660123394,-0.04301625385260823,0.09753861107603995,0.6091102564335731,-0.044282633666503715,0.17643821291175263,0.6070642456447594,-0.06510830101097949,0.1838940205702747,0.6614279135769049,-0.058412108694682906,0.16927423632327476,0.6923757965647446,-0.04752360007759641,0.0,0.0,0.0,0.0,0.0,0.0,0.0,0.0,0.0,0.0,0.0,0.0,0.0,0.0,0.0,0.0,0.0,0.0,0.0,0.0,0.0,0.0,0.0,0.0,0.0,0.0,0.0,0.0,0.0,0.0,0.0,0.0,0.0,0.0,0.0,0.0,0.0,0.0,0.0,0.0,0.0,0.0,0.0,0.0,0.0,0.0,0.0,0.0,0.0,0.0,0.0,0.0,0.0,0.0,0.0,0.0,0.0,0.0,0.0,0.0,0.0,0.0,0.0,0.442382535573571,0.4003042180326143,0.02307928247544226,0.4937141148143256,0.4068046470757807,0.006421834850393923,0.5767641732113984,0.40514212003675854,-0.0028196824465981382,0.6320561145812611,0.39257303778528174,0.0025258738331668217,0.5309978126116093,0.5117395330828955,-0.06812000842538275,0.5336008658444983,0.5283332957845324,-0.03292813992826622,0.530161159807991,0.4946074246151465,-0.07385501945781939,0.5301277993862057,0.4710670681182745,-0.07055560877903233,0.5175197036635562,0.49535115114512285,-0.0712515228375954,0.5433973579887991,0.49420224291244885,-0.07337860004172704,0.4859177253480381,0.5898498344621285,0.01906436755929812,0.5948423865659773,0.5917497258413944,0.006440206939152202,0.5372548676103276,0.5710495040251199,-0.03109690515547899,0.538592858114169,0.626953116854629,-0.01164056826423429,0.4744401562905023,0.5937991165486766,0.022172080160875858,0.6074706976416274,0.5902531133675466,0.007707663769713746,no,2025-11-18T07:30:15.492045
0.15010120079664963,0.8268922188885733,4.691117348791865e-07,0.20504668528816963,0.7513673181545396,-0.0005726128077497745,0.2361510199415725,0.6567697140316875,-0.008148326546440834,0.2622362376463436,0.5923307847231263,-0.022484850025539006,0.29555509699608395,0.5422830863010321,-0.035342901256778365,0.1578758509690063,0.5526789864244905,0.013797904962949916,0.2101052647544837,0.5089070219518285,-0.01289610836719532,0.2528812684409496,0.5028123376864798,-0.03419216137605337,0.2869702358518067,0.5043212120863094,-0.04699847695897491,0.12685140586369498,0.554967204591279,-0.0021219922500450806,0.19703938745891136,0.5058771542479308,-0.03235490027181234,0.24850878990848907,0.5159312769087507,-0.04619687639791087,0.28171369433572013,0.5262705579412237,-0.04978331015265501,0.10562141451223896,0.5767042308329651,-0.02146483145239732,0.1925474817607925,0.5606989630016821,-0.054357940042153545,0.2031651090890239,0.6335264778962741,-0.05146191931408531,0.1926391191333798,0.6766561472273611,-0.04038239404249312,0.09700608913191303,0.6110534769297077,-0.04202160790776625,0.17640589203460405,0.6079930655675885,-0.06234617246550981,0.18349208546328372,0.661752849057587,-0.05542534409720222,0.16859195160957058,0.6924870101254814,-0.04435364018677031,0.0,0.0,0.0,0.0,0.0,0.0,0.0,0.0,0.0,0.0,0.0,0.0,0.0,0.0,0.0,0.0,0.0,0.0,0.0,0.0,0.0,0.0,0.0,0.0,0.0,0.0,0.0,0.0,0.0,0.0,0.0,0.0,0.0,0.0,0.0,0.0,0.0,0.0,0.0,0.0,0.0,0.0,0.0,0.0,0.0,0.0,0.0,0.0,0.0,0.0,0.0,0.0,0.0,0.0,0.0,0.0,0.0,0.0,0.0,0.0,0.0,0.0,0.0,0.4324887202365841,0.4031400779379685,0.02759433670984237,0.48363549549844087,0.4092083553610486,0.008402906202566222,0.5672048662611557,0.4082051771448441,-0.0048934456302370255,0.6230410921111872,0.39398336859642963,-0.001976807426280149,0.5178424417290834,0.5151795352182056,-0.06776256770713526,0.5219216341990283,0.5317245967200097,-0.0326931518630608,0.516714194205677,0.4980733274809131,-0.07350826231026765,0.5168788909288359,0.474472700128168,-0.07026253084830408,0.504306818622931,0.49892208750874917,-0.07044395250008317,0.5301111593487087,0.4975674085923023,-0.07348121695749948,0.47774295915343495,0.5934101665119937,0.021708542851976674,0.5861605765036613,0.5952709009761171,0.003464372064118619,0.5251645136162599,0.5747963153041096,-0.03087276577129914,0.5273422514390578,0.6315818686289594,-0.011790528893673533,0.467062785660014,0.5974542808218695,0.025283206158230574,0.5991601082087836,0.5933363729011958,0.004347009039423966,no,2025-11-18T07:30:15.620286
0.14920143835618385,0.8276730288568996,4.556030835264381e-07,0.20439813372980487,0.752949887276275,4.91719946083593e-05,0.23565000057757107,0.6579860852529958,-0.006865112580602524,0.26100765174687024,0.5940346574410614,-0.020742406080844204,0.29352789229763304,0.5443163356786684,-0.03316014039372331,0.1563076452282318,0.5536240557999833,0.016280491669800362,0.2090373235798824,0.5103616425753406,-0.010508720726097917,0.25224395582043513,0.5062902330407801,-0.032264903058496254,0.286829922570488,0.5102578672335691,-0.04523323773180679,0.12555505889889232,0.5559509594543004,0.00014963591048621156,0.19743891399818203,0.5077414001906768,-0.030214674600024652,0.24846155632118408,0.521071179922042,-0.044487021084220785,0.28114326298321346,0.5339722879237063,-0.04803543083745498,0.10471244262151025,0.577706916594461,-0.019533824769570336,0.1920923126267456,0.560675877727724,-0.05237646852142391,0.20258307960182778,0.6343929338867967,-0.04979430470189396,0.19211753790826935,0.677796195142306,-0.03866946950399936,0.09636355148796312,0.6121788671612955,-0.040406239182826945,0.17631541205457543,0.6083455082037924,-0.06041374660215111,0.18305795944058809,0.6620964255110781,-0.05348930045345684,0.16799712443397383,0.692950193466824,-0.04227925954162257,0.0,0.0,0.0,0.0,0.0,0.0,0.0,0.0,0.0,0.0,0.0,0.0,0.0,0.0,0.0,0.0,0.0,0.0,0.0,0.0,0.0,0.0,0.0,0.0,0.0,0.0,0.0,0.0,0.0,0.0,0.0,0.0,0.0,0.0,0.0,0.0,0.0,0.0,0.0,0.0,0.0,0.0,0.0,0.0,0.0,0.0,0.0,0.0,0.0,0.0,0.0,0.0,0.0,0.0,0.0,0.0,0.0,0.0,0.0,0.0,0.0,0.0,0.0,0.4280996673397047,0.40549512701696555,0.029896600838236653,0.4772646329773775,0.4109288593201956,0.00917517153213004,0.5608191060279167,0.40964568940631485,-0.006634393351457796,0.6168639951713468,0.3943786494538163,-0.005314640613082234,0.5097380429165437,0.5183036429028345,-0.06727154508642057,0.5148317513474847,0.5346453312541394,-0.032259367645602624,0.5083855881230411,0.5011756360228662,-0.07306206582677421,0.5086241304562544,0.4774814240978212,-0.06995080506052556,0.496163008401088,0.5021132120283004,-0.06972644573413239,0.5218458004118116,0.500561472431222,-0.07332405071970319,0.4731924181639062,0.5959061545183565,0.02379166912206616,0.5805976272429958,0.5969417239484467,0.002164600442229477,0.5181489730022828,0.5762990098554239,-0.0302307958859948,0.5209770160412605,0.6337314376733206,-0.010993617121231612,0.4630056393319296,0.6000383353076327,0.027626664329742326,0.5942550168634098,0.5953460481411191,0.0028110200841611143,no,2025-11-18T07:30:15.762634
0.14934179213083926,0.8275023157151472,4.300067845351436e-07,0.20388641624396509,0.7537279396060025,-0.0005616557192148184,0.2350137892392288,0.6594118081713893,-0.007887546673538862,0.2601171657744056,0.5955308306030838,-0.022078940150977274,0.29195019159025326,0.5452765445712068,-0.03468822391259137,0.15645219017402573,0.5536734869167916,0.015857402617646496,0.20860812305693566,0.5103829060674097,-0.011250288207245517,0.25136272107046537,0.5080786525730939,-0.033051444152934914,0.28536205191100694,0.5141604678117309,-0.04577542431074001,0.12573365399358982,0.5561774472049487,0.00015092270382976417,0.19768165966728102,0.5093584997398086,-0.030358613383302903,0.24732742303897948,0.5250320952214885,-0.04452268554051299,0.2787097766999655,0.5394661549481813,-0.04780858714321384,0.10475461982931744,0.5779775298952835,-0.019185692368901722,0.19175236585373992,0.5617632063218241,-0.05206965694430857,0.20202656341865832,0.6355913663116846,-0.04956034363965662,0.19177555831894944,0.679063772257585,-0.038325586690724195,0.09606912710787888,0.6123459066450704,-0.03974302902871225,0.17565664655472685,0.6092001197864054,-0.05958035144548283,0.1823579348937865,0.6626452727206726,-0.05269799895276259,0.1675199059846299,0.6934070608924239,-0.04139274417310544,0.0,0.0,0.0,0.0,0.0,0.0,0.0,0.0,0.0,0.0,0.0,0.0,0.0,0.0,0.0,0.0,0.0,0.0,0.0,0.0,0.0,0.0,0.0,0.0,0.0,0.0,0.0,0.0,0.0,0.0,0.0,0.0,0.0,0.0,0.0,0.0,0.0,0.0,0.0,0.0,0.0,0.0,0.0,0.0,0.0,0.0,0.0,0.0,0.0,0.0,0.0,0.0,0.0,0.0,0.0,0.0,0.0,0.0,0.0,0.0,0.0,0.0,0.0,0.4258163150693885,0.40609181919428905,0.030835998577740116,0.47449790944523174,0.4109712610676448,0.009508087493675847,0.5578929268943447,0.40922496362443733,-0.0072823574851862,0.6143671420101119,0.39354398213848346,-0.006607590199352892,0.5058946981855668,0.5180289498140729,-0.0671750379374211,0.5114514379505826,0.5342262448621466,-0.03215769504051467,0.5044545478590516,0.5008918911067548,-0.07298369138783245,0.5047439306818473,0.47716391051044316,-0.06992649706823618,0.49233433494433365,0.5018967632845817,-0.06954056817274742,0.5179219160140113,0.5002031458692746,-0.0733613204037969,0.4708261760800534,0.5953758439446641,0.024827287625117135,0.5783942282600172,0.5967747641234238,0.0018848604066626566,0.5152608227800568,0.575650542048531,-0.029935401825047912,0.5180149355280308,0.6332058076809597,-0.010814446723139314,0.46082459748655197,0.5992546904008562,0.02869998335300631,0.5921629004776796,0.5940328611257659,0.0023728051839712024,no,2025-11-18T07:30:15.899936
0.15041328234690995,0.826894315816558,4.141428136649481e-07,0.20415910168859097,0.7530792191030042,-0.0009219943249643552,0.23525498375430753,0.6588068705392469,-0.008385010413886397,0.2601266466231647,0.5954244547989174,-0.022632048218370032,0.29158003406378813,0.5453012993337143,-0.035309447355208114,0.15571720714040718,0.5527408624731358,0.01581974346683087,0.20798440396430462,0.5101625102102948,-0.011650147372937524,0.25093925493201463,0.5087430566313194,-0.033701839824489536,0.2851578081582241,0.515567935321881,-0.04645805787005831,0.12480140243529436,0.5560405601884728,0.00027773160570914986,0.19752175818313544,0.5097254983058784,-0.03029371188408624,0.2462141692354779,0.5287749430079305,-0.044180446109570955,0.2764717973770824,0.5449467362837526,-0.047170012985364246,0.10392164465410536,0.5782912928521522,-0.018991029038507218,0.19145496518728788,0.5614041582737508,-0.0522728750586678,0.20194132006801752,0.6359929037197308,-0.04965408974220589,0.1919709657263044,0.6793476517480704,-0.03814436558595315,0.09535446752370415,0.6129961771518047,-0.03946775592890309,0.17498144510639632,0.6090478598142385,-0.05942824261059694,0.18167779484471658,0.6626319549028168,-0.052398343345471374,0.1668378903568932,0.6933966587936088,-0.04087328753843699,0.0,0.0,0.0,0.0,0.0,0.0,0.0,0.0,0.0,0.0,0.0,0.0,0.0,0.0,0.0,0.0,0.0,0.0,0.0,0.0,0.0,0.0,0.0,0.0,0.0,0.0,0.0,0.0,0.0,0.0,0.0,0.0,0.0,0.0,0.0,0.0,0.0,0.0,0.0,0.0,0.0,0.0,0.0,0.0,0.0,0.0,0.0,0.0,0.0,0.0,0.0,0.0,0.0,0.0,0.0,0.0,0.0,0.0,0.0,0.0,0.0,0.0,0.0,0.424772003121471,0.4057529916303019,0.03204420272154923,0.47299021239015737,0.4104706977821668,0.010054621011117051,0.5550214987808058,0.4081184448993006,-0.0077577204486187,0.612246282243917,0.39294978659860724,-0.0076819215681858816,0.5030619390223641,0.5174346442605215,-0.06694401044500793,0.5090058817865706,0.5336439044154025,-0.03211185994019637,0.501562592733313,0.5001825675292761,-0.07271887078556433,0.5019013419669384,0.4763361511837952,-0.06965803937426701,0.48953893725804787,0.5012151124276607,-0.06917057210197773,0.5150039153129138,0.49947290784503007,-0.0732105662959727,0.46925172074285415,0.5938417057705498,0.025593735789678013,0.5762790113887671,0.5949764585807243,0.0012548715230242082,0.5127636528050522,0.5741878594298746,-0.029766361675132007,0.5157499451810076,0.6318824174379682,-0.011040713056015982,0.45929490954115804,0.5983043426236001,0.029494212229841683,0.59073060418667,0.592955071395784,0.0015486500825425118,no,2025-11-18T07:30:16.021357
0.1493747421265571,0.8228707178123775,5.906327779414277e-07,0.2036219044743614,0.7545001722574958,-0.0002671417137397805,0.23647702269323195,0.6571538498795325,-0.007445481082454964,0.263296125464216,0.5928778555942676,-0.02110540342277316,0.29724914469646013,0.5435278619528526,-0.0336985003238605,0.1602647146317766,0.5567095828574328,0.011622191735211323,0.20977399557651266,0.5078128763705587,-0.014793111239600342,0.24946177252750024,0.4882844135047161,-0.03537565607824514,0.281842832015666,0.4765054170360931,-0.04807097455342019,0.12783506768226205,0.5582944924546185,-0.004676254447132074,0.19436181192810031,0.4993980165059971,-0.035713943398627095,0.24541507063878082,0.4958834479520243,-0.04953159614970182,0.2798361796886785,0.4932025999762879,-0.05295771536464276,0.10534124462119254,0.5791420916050617,-0.024009035043159363,0.1917448358303192,0.5599121697740824,-0.05778067382574923,0.20288589287120892,0.6341391003183463,-0.05344934430385746,0.19313984685298222,0.6779398707291531,-0.04100640336032219,0.09604712570339946,0.6131226799264577,-0.04455811914069914,0.17562365533537133,0.6091637163889765,-0.06595712044174637,0.18213843871693303,0.6637655626507645,-0.058723623286161895,0.16691470365231975,0.6942826067882382,-0.04719730388112264,0.0,0.0,0.0,0.0,0.0,0.0,0.0,0.0,0.0,0.0,0.0,0.0,0.0,0.0,0.0,0.0,0.0,0.0,0.0,0.0,0.0,0.0,0.0,0.0,0.0,0.0,0.0,0.0,0.0,0.0,0.0,0.0,0.0,0.0,0.0,0.0,0.0,0.0,0.0,0.0,0.0,0.0,0.0,0.0,0.0,0.0,0.0,0.0,0.0,0.0,0.0,0.0,0.0,0.0,0.0,0.0,0.0,0.0,0.0,0.0,0.0,0.0,0.0,0.42833410641913394,0.4036210055121114,0.02977003933808861,0.47682939348088343,0.4085268246639411,0.009239571683157956,0.5593619516399299,0.4056599826711316,-0.006135381713780547,0.6159139014006603,0.39115856429692325,-0.00447593942584882,0.509003931652219,0.5149226722908595,-0.06809446582621795,0.5139846689702201,0.5309492961007525,-0.032925882872296024,0.5076404200734741,0.4976045779846088,-0.07384418181912608,0.5078103609344122,0.47366695097145994,-0.07062061049695559,0.49538274081911793,0.49860165130088174,-0.07056038466091319,0.521081981898858,0.4968543011267234,-0.07405131635754865,0.4724289321087165,0.5916830470419217,0.023964938963662342,0.580847306559557,0.5922143328345975,0.0030383698353626167,0.5180387961882165,0.5717848164508534,-0.0306515747117344,0.5209218630877115,0.628396386026113,-0.011421887844347962,0.46110234871722666,0.595481460986559,0.027561033720669016,0.5942637903764924,0.5895764026374366,0.003499661974779771,no,2025-11-18T07:30:16.162708
0.1484165136099323,0.821526133203903,6.522449414625225e-07,0.20323317270570182,0.754437367975748,-0.0010279783075570305,0.23749440427903099,0.6564711059528736,-0.008923798537828348,0.2656027963422612,0.5913835121667932,-0.022688808090716737,0.3013679118868043,0.5416950685382245,-0.03555466477005117,0.1637699003385209,0.5583714819213463,0.006173242688013022,0.21231634572059505,0.5054704044595408,-0.019784192668759904,0.2500937593411427,0.47585024162536677,-0.038453354259325015,0.280668707811193,0.4542110951776688,-0.04995576846340996,0.1299392444753626,0.5589282003498526,-0.009836555449083309,0.19383703472820268,0.4917208669451677,-0.040420689958648115,0.2457253828573848,0.47760886600958913,-0.05255674123550402,0.2815356710926227,0.46621349607598117,-0.0550528307866791,0.1065498199975069,0.5792075385317179,-0.02854744767757219,0.19315245084791793,0.5604141775765554,-0.06329135881066743,0.20367913538375892,0.6349718767430355,-0.05854431374204714,0.19333455499587665,0.6780649914215529,-0.045609231265164946,0.09746286270335569,0.6124997328408076,-0.04830587847165,0.17644172907683484,0.6115818992024838,-0.07080294136372788,0.1828525715546831,0.6664048796282234,-0.0641008552066853,0.1675877060517954,0.6948663967588347,-0.05301324611399272,0.0,0.0,0.0,0.0,0.0,0.0,0.0,0.0,0.0,0.0,0.0,0.0,0.0,0.0,0.0,0.0,0.0,0.0,0.0,0.0,0.0,0.0,0.0,0.0,0.0,0.0,0.0,0.0,0.0,0.0,0.0,0.0,0.0,0.0,0.0,0.0,0.0,0.0,0.0,0.0,0.0,0.0,0.0,0.0,0.0,0.0,0.0,0.0,0.0,0.0,0.0,0.0,0.0,0.0,0.0,0.0,0.0,0.0,0.0,0.0,0.0,0.0,0.0,0.43319689701678743,0.40205463146012677,0.026548032806921293,0.4827774384491972,0.40767224965039095,0.008032014850551623,0.5661031390680271,0.4042943463274786,-0.004204741307669771,0.6214887965083593,0.38998421202478917,-0.000650619675044168,0.5176083119564806,0.5132133333778669,-0.06870096732887855,0.5215541664362514,0.5292330391922677,-0.033276338843679754,0.5163396590323273,0.49591553173770386,-0.07445915531285856,0.5162121091018497,0.4720137342366455,-0.07115870301006112,0.5038505567727791,0.49694711273406666,-0.07152484177050672,0.5297746349580654,0.495109287814262,-0.07430435507342001,0.4778137725185535,0.5900003398585463,0.02165073588252602,0.5867834009280176,0.590059959300218,0.005107762650125118,0.5266967946299816,0.5697733274434901,-0.031122929295268827,0.5291148309750844,0.6260724634522045,-0.011945362988632921,0.46569872506070836,0.5946389763047419,0.02492922387018644,0.5998830786980729,0.5876973466739429,0.0058905610033234,no,2025-11-18T07:30:16.291387
0.14692020883562487,0.8216531093837813,6.773044377933365e-07,0.20271972825672818,0.7538318538963975,-0.0007971884871314834,0.23804707584919416,0.6556131703355982,-0.008910767137546252,0.2670484329592623,0.5903816200036084,-0.02281047598631687,0.3039468691704834,0.5402805856168448,-0.03580367872580108,0.1631032673203301,0.5591773080955303,0.004250515538184794,0.21201187945857938,0.5041505145199621,-0.02138471655665044,0.2500303095793238,0.4710737403452685,-0.03907998220125484,0.28067778156367756,0.44619426588393174,-0.049982181726593286,0.12917136464834109,0.5594013376760707,-0.011945719360269537,0.19308206589324944,0.4882689027919274,-0.042169348040380195,0.2462985314393354,0.46941936339610624,-0.053458459301714834,0.2829544474371042,0.4544366754824486,-0.055595682442771355,0.10621920883236208,0.5795140261284993,-0.03066317948506257,0.19445916678920097,0.5602350147564479,-0.06559529670179101,0.2050252437301447,0.6345895925177122,-0.0606036960250763,0.1938614424893171,0.6768765098785621,-0.047558070705223845,0.09842594711639113,0.6125681196991362,-0.05029771200384563,0.17806062102721748,0.6120394952479093,-0.07297714771910302,0.18431250271583718,0.667076069384119,-0.06629116888604414,0.1685644132904851,0.6947215089072188,-0.05534572693454076,0.0,0.0,0.0,0.0,0.0,0.0,0.0,0.0,0.0,0.0,0.0,0.0,0.0,0.0,0.0,0.0,0.0,0.0,0.0,0.0,0.0,0.0,0.0,0.0,0.0,0.0,0.0,0.0,0.0,0.0,0.0,0.0,0.0,0.0,0.0,0.0,0.0,0.0,0.0,0.0,0.0,0.0,0.0,0.0,0.0,0.0,0.0,0.0,0.0,0.0,0.0,0.0,0.0,0.0,0.0,0.0,0.0,0.0,0.0,0.0,0.0,0.0,0.0,0.4409349087411284,0.401583504551856,0.02198100237628236,0.4915996898647811,0.4068796303746263,0.006046956533578405,0.5754685593373278,0.4039845936273013,-0.002049281330788734,0.630118333715224,0.38968662505536333,0.0040095729955415185,0.5310997501936334,0.5119132384109641,-0.06879271472351367,0.5336806746125502,0.5280428234596592,-0.033322232200789614,0.530022442011586,0.494700386933038,-0.07457055767957496,0.529565455204764,0.47093462569280853,-0.07127863707183735,0.5172326750367039,0.4957698598776992,-0.07210396512596648,0.5434233689907972,0.4938774545570028,-0.07394530519269298,0.486481796780784,0.5898388666474891,0.0188723963859704,0.5955750603253827,0.5890215453544547,0.008077337119963215,0.5387833085660589,0.5693256016241957,-0.031190731967671304,0.5406726541540766,0.6256423875984471,-0.012299606038144232,0.47373362187350143,0.5945681794727903,0.02171372264124375,0.6092687841076424,0.5867948927812463,0.009269399436233443,no,2025-11-18T07:30:16.426431
0.14681150252820213,0.821370413696865,6.94343545955262e-07,0.2024590125210414,0.7530191195160241,-0.000815488133926112,0.23826014875442725,0.6541553369511701,-0.009047924708345985,0.2681804520553071,0.5882960844406622,-0.02287143380001936,0.3057264023005051,0.537803175613293,-0.03572972831360607,0.1637171431225216,0.5594951057498831,0.0029192977500664455,0.2130474998427197,0.5027433657232684,-0.022390172146847864,0.2508342716204877,0.4675658015519525,-0.03934486553569459,0.2812273731140684,0.4408586048095272,-0.04971754875714506,0.12937263058781573,0.5591158590579145,-0.01314567331917953,0.19279170111469265,0.48461789930531884,-0.04313250476576791,0.24623470492483737,0.46370548171636367,-0.05395782161450621,0.28335137316027115,0.4478526193765087,-0.05571052686899253,0.10628928199200768,0.5786857304390514,-0.03157588945232819,0.19488812817342432,0.5604118661085401,-0.06638668362349377,0.20508615075091371,0.6344362397498382,-0.061517320159406856,0.19358835502609167,0.6764921370613208,-0.048482768975639724,0.0985813811354718,0.6112626987369735,-0.05085547130090925,0.1783403158208063,0.6121908370347365,-0.07336533055744465,0.18482307850015722,0.6670079023983584,-0.06683200625460273,0.16940085058473764,0.6943084244365196,-0.05601180614405299,0.0,0.0,0.0,0.0,0.0,0.0,0.0,0.0,0.0,0.0,0.0,0.0,0.0,0.0,0.0,0.0,0.0,0.0,0.0,0.0,0.0,0.0,0.0,0.0,0.0,0.0,0.0,0.0,0.0,0.0,0.0,0.0,0.0,0.0,0.0,0.0,0.0,0.0,0.0,0.0,0.0,0.0,0.0,0.0,0.0,0.0,0.0,0.0,0.0,0.0,0.0,0.0,0.0,0.0,0.0,0.0,0.0,0.0,0.0,0.0,0.0,0.0,0.0,0.45103562491804955,0.4014271109671435,0.015688105293017698,0.5042677874086632,0.4071103168962975,0.0031471348690163313,0.5874867534998407,0.40273625516764694,0.0006710368562442052,0.6406326410263894,0.3889686370153678,0.010149883209585164,0.5486919053359219,0.5112553231144024,-0.0683586369199386,0.549645571500077,0.5274582656154803,-0.03308471775754698,0.5478216408036903,0.4940727128642546,-0.07411593507023716,0.5468575664791062,0.47041949442408676,-0.070839582840795,0.5348272714420732,0.49520774261527933,-0.07228197671099922,0.560962773591468,0.49320890702703657,-0.07286558620344794,0.4995757098394429,0.5904129168671406,0.014940784461201572,0.6080835292128317,0.5876426009853328,0.011795188157005334,0.5541523678603,0.5683247921699012,-0.03097889639197965,0.555380401135571,0.6252087198345324,-0.012189428052808345,0.4856814831684249,0.5948305956644346,0.01720206772658935,0.6209257541010167,0.5855868358578625,0.01356309459453722,no,2025-11-18T07:30:16.563083
0.14722342905998806,0.820805664259245,6.93379969311095e-07,0.20334810269511389,0.7520686513260052,-0.0006097972061821165,0.2393650108529674,0.6533181186193991,-0.00865642408828907,0.2698140254947403,0.5876199746315249,-0.022381626556593943,0.3073504831879875,0.5371655536517546,-0.03519509343918219,0.16471544274894773,0.5582708191904018,0.002744778683854007,0.21334915379051192,0.5005677056105813,-0.022360603455747675,0.2511414067500708,0.46452173432261473,-0.03908874266097855,0.28154809426806326,0.4369758080943846,-0.04934938973156078,0.13031901621401284,0.558053569091564,-0.013389810569325445,0.1932265017214012,0.48268983286951733,-0.04311205928255074,0.2472170243030864,0.46074859878836527,-0.053698534983874543,0.2846351620974085,0.4444396534992895,-0.05537539661690269,0.10705655790760586,0.5777801721004766,-0.031864734895045516,0.19549255735281781,0.5597406007846015,-0.0665676401756709,0.20611151754130846,0.6334992001208908,-0.061675019355282884,0.1946534781860538,0.6752444418006952,-0.04869647919781227,0.09929425269031929,0.6103652813867668,-0.05116715213051902,0.17901862412792102,0.6113877268479042,-0.07379032664518503,0.18537566690987628,0.6665949121786409,-0.06736204414507213,0.16961595150363057,0.6938918652353039,-0.05665880203929258,0.0,0.0,0.0,0.0,0.0,0.0,0.0,0.0,0.0,0.0,0.0,0.0,0.0,0.0,0.0,0.0,0.0,0.0,0.0,0.0,0.0,0.0,0.0,0.0,0.0,0.0,0.0,0.0,0.0,0.0,0.0,0.0,0.0,0.0,0.0,0.0,0.0,0.0,0.0,0.0,0.0,0.0,0.0,0.0,0.0,0.0,0.0,0.0,0.0,0.0,0.0,0.0,0.0,0.0,0.0,0.0,0.0,0.0,0.0,0.0,0.0,0.0,0.0,0.4559792608900398,0.40161673274492427,0.013034602530500329,0.5106049654244549,0.406326494288374,0.0019487238708564996,0.5936296332062955,0.40139285159047633,0.0019310760954371088,0.6459676085457264,0.38701712609626115,0.012908509984075533,0.5580287758491134,0.5092332955312765,-0.06866459524844243,0.5581642233282398,0.5256783739690866,-0.0332527650480688,0.5572856365811207,0.4921484775373214,-0.0744601354514165,0.5561210070268608,0.4687311639953762,-0.07117676683276628,0.5440972642801492,0.4933870215037151,-0.07288870472274434,0.570390153542255,0.4912631173824224,-0.07292637389009791,0.5069703040221232,0.5901897560200113,0.013427259940356684,0.6146734868182536,0.5863124682764036,0.013660232464841616,0.56321099318575,0.5677358745452625,-0.031182652673419214,0.5638802037244475,0.6242267709299157,-0.012410656880093365,0.49140151293030465,0.59416950901958,0.01542205762924607,0.6278925388013018,0.5838867077810737,0.01565195803019355,no,2025-11-18T07:30:16.692715
0.1476017168045073,0.820451197722579,6.994641074582046e-07,0.2038370979459914,0.7509853604473196,-0.00028676690216459795,0.24022303491600092,0.6528014300105358,-0.00846763075789299,0.27104691223963395,0.5874157023521547,-0.02239235421780684,0.3084780408188473,0.5367995357923232,-0.03545995421020217,0.1649364921908,0.5570276713387464,0.00233510872138558,0.21379178275348654,0.4994636332885365,-0.02295910433880762,0.25186057769029724,0.46327139357999325,-0.039812845104684,0.28254651105176387,0.43548132536333917,-0.050110112756329095,0.13060010325700033,0.5569858332937984,-0.014056367624421594,0.19368623215867042,0.48105782529877994,-0.04357378798091885,0.24765002476007134,0.45802810083537526,-0.05410827458822786,0.28519200073788276,0.4411932845629077,-0.055873466361386945,0.10761284444428718,0.5769064053251407,-0.032727676708010314,0.19653282645644582,0.5595893550912449,-0.06707400986067977,0.20686609893674615,0.6326356803254906,-0.062151614473097375,0.1951266437375162,0.6741207794216184,-0.04931268766347179,0.10039007663560115,0.6098002542473843,-0.052207363423662716,0.18008325621536203,0.6101782903992023,-0.07452282306065633,0.186671662476392,0.6652082451022294,-0.06785855635474355,0.1711116419858317,0.6927510411648626,-0.05705510706050551,0.0,0.0,0.0,0.0,0.0,0.0,0.0,0.0,0.0,0.0,0.0,0.0,0.0,0.0,0.0,0.0,0.0,0.0,0.0,0.0,0.0,0.0,0.0,0.0,0.0,0.0,0.0,0.0,0.0,0.0,0.0,0.0,0.0,0.0,0.0,0.0,0.0,0.0,0.0,0.0,0.0,0.0,0.0,0.0,0.0,0.0,0.0,0.0,0.0,0.0,0.0,0.0,0.0,0.0,0.0,0.0,0.0,0.0,0.0,0.0,0.0,0.0,0.0,0.45572184179641456,0.4022437833093365,0.01240433049211951,0.5103686390995565,0.4063034761309271,0.0011998868919051245,0.5937183970303175,0.4013404718634297,0.0009962137142126167,0.6457843213550776,0.38659330964732797,0.011825423247843737,0.5583466084789085,0.5099686680293101,-0.06882104638325251,0.5585479956343805,0.5263878889861149,-0.03311753300752344,0.5575708597486903,0.4928984585915443,-0.07473559009604669,0.5563528912373532,0.4694300885284498,-0.0716047954957174,0.5442927577447041,0.49417940173639274,-0.07314547652285402,0.5707069578841799,0.49189065197581816,-0.0732309565499703,0.5070438175250539,0.5904524331609914,0.014658525856063104,0.6152879255361257,0.5863097287346831,0.014616306369687922,0.5628484930471138,0.5668713569103113,-0.03063445089325105,0.5637948505881148,0.6238104512951885,-0.011102170848971978,0.4915077634202991,0.594912177128656,0.016667612962731993,0.628727637179429,0.5837665026179538,0.01657593341754352,no,2025-11-18T07:30:16.822970
0.1472606326580062,0.8205087471500163,6.941559635662349e-07,0.20347464147368233,0.7495379926282923,0.0005965241619418166,0.24018762245658903,0.6507143555997503,-0.007096603650105429,0.2713804421656544,0.5861472821281495,-0.020671282551010143,0.3085211134575193,0.5362867641653877,-0.03331883992656086,0.16405928599141134,0.5563596355923164,0.0028639159387624175,0.21318728233219142,0.4978017735429575,-0.022196973939499633,0.25166989307984405,0.4623019318792987,-0.03890368571567017,0.28289749759321897,0.4353607672329849,-0.04909390950194861,0.12973222559586162,0.5563650618228331,-0.01394588398368144,0.192563675437932,0.4791044307806461,-0.04335611806494234,0.246780051523598,0.45668895190313075,-0.05384616435033113,0.2847407250956183,0.44105680384818813,-0.05553744811754593,0.1070309709196152,0.5761231593466829,-0.03289541382516795,0.19624811203927714,0.5573144102593217,-0.06687820036467178,0.2069725684803474,0.6309200363793286,-0.061601698346849705,0.1954230174225377,0.6734212615026488,-0.04855170063586836,0.1001866459838162,0.6088676626194502,-0.05262408853916195,0.1801486667248151,0.6093075268428965,-0.07450132070238627,0.18707122064964543,0.6642719630319192,-0.06749692655836657,0.17183946751686835,0.6921390250875887,-0.05646450385621864,0.0,0.0,0.0,0.0,0.0,0.0,0.0,0.0,0.0,0.0,0.0,0.0,0.0,0.0,0.0,0.0,0.0,0.0,0.0,0.0,0.0,0.0,0.0,0.0,0.0,0.0,0.0,0.0,0.0,0.0,0.0,0.0,0.0,0.0,0.0,0.0,0.0,0.0,0.0,0.0,0.0,0.0,0.0,0.0,0.0,0.0,0.0,0.0,0.0,0.0,0.0,0.0,0.0,0.0,0.0,0.0,0.0,0.0,0.0,0.0,0.0,0.0,0.0,0.44577909337688315,0.40394465140217345,0.019152310885538915,0.4985682486831935,0.40850112380383635,0.004602248193653254,0.5826356348440467,0.40358065921052344,-0.0010397368666750985,0.6362486198183164,0.3882382351192267,0.006530865923367319,0.5417889551317119,0.5111645012128362,-0.06871695996874112,0.5436430981494504,0.5279077384860537,-0.03323069414956421,0.5407999083193982,0.4940150650101124,-0.0745203759649049,0.5400587507639403,0.4705215243143119,-0.07122883932791585,0.5278900910591654,0.49530597226864803,-0.0723088557734147,0.554039922509366,0.49310461332139754,-0.07362717243806918,0.4953968122030024,0.5909844937583064,0.017306365207694636,0.6033826896223872,0.588517158087587,0.009654781530393067,0.5472001654841282,0.5679984152048048,-0.03108673877052861,0.5489526387454429,0.6258966530691641,-0.01197692247933466,0.48181585707006624,0.5959131746506012,0.019918030660753087,0.6172976009288106,0.5864541741605394,0.01114418054104584,no,2025-11-18T07:30:16.965329
0.14740720219612194,0.8201220774896505,6.875127910148552e-07,0.20331309767146488,0.7480646611014387,0.00032446288619410597,0.2402401304984285,0.649333158081705,-0.0074100860615583415,0.27147149432863865,0.5848959553264649,-0.020967439110735897,0.3082460719656142,0.5351700747115543,-0.03352549297563242,0.16378849231850154,0.5554181569818729,0.0023462135921555713,0.2126468370598602,0.4958606922600652,-0.02248577740279902,0.2511488693027928,0.461145784507879,-0.03893452252292374,0.2825801647597824,0.43486254304032057,-0.04889535342152847,0.12943326148338613,0.5553527121858306,-0.014059140303139806,0.19208538164425135,0.47862421041023573,-0.04330094591370343,0.2462961816460649,0.4568927642969023,-0.053671592252761274,0.28441472795384554,0.4422661890515889,-0.055266833324934886,0.10664268487119982,0.5746987964797532,-0.03256305011076417,0.19559162751660208,0.5563490462551491,-0.06618623847393326,0.20641525052397192,0.6296709695179419,-0.0610672589132768,0.19533000661938424,0.6725894201762206,-0.04812679979906383,0.09945806488353065,0.606821664905001,-0.051889671391983166,0.17903599422437655,0.6082545217355809,-0.07347210495797414,0.1862512164182294,0.6629817845383442,-0.06675527665632525,0.17186679285334003,0.6910759188510148,-0.055895818100232274,0.0,0.0,0.0,0.0,0.0,0.0,0.0,0.0,0.0,0.0,0.0,0.0,0.0,0.0,0.0,0.0,0.0,0.0,0.0,0.0,0.0,0.0,0.0,0.0,0.0,0.0,0.0,0.0,0.0,0.0,0.0,0.0,0.0,0.0,0.0,0.0,0.0,0.0,0.0,0.0,0.0,0.0,0.0,0.0,0.0,0.0,0.0,0.0,0.0,0.0,0.0,0.0,0.0,0.0,0.0,0.0,0.0,0.0,0.0,0.0,0.0,0.0,0.0,0.4409034442266267,0.40569960083421963,0.021336731139595437,0.49204011854230323,0.40960455209909985,0.005180673147530271,0.575551596137157,0.4058863339721364,-0.0031273371818027296,0.630155847203546,0.3905166009084598,0.002868454502362697,0.5324434139328909,0.512503124725223,-0.06848472819503912,0.5351419652868071,0.5292599843934784,-0.03300259734920189,0.5313096307115179,0.49537567654039555,-0.07433371451391035,0.5307542775349853,0.471893064560606,-0.07116337114077029,0.5186130130874897,0.4966287697208261,-0.07183773940871434,0.5445815757680802,0.49449923957257164,-0.07374397964664499,0.48852918517712374,0.5915976317058134,0.019973371245395475,0.5968606684939786,0.5896905207914589,0.008616453609785886,0.5375743917096545,0.5689706235989539,-0.03062402624156275,0.5398610828519542,0.6274548572963008,-0.010693052126498613,0.4757108898845204,0.5961309983837265,0.022827371290030398,0.610983049484028,0.5876079903242882,0.009839269212040988,no,2025-11-18T07:30:17.085940
0.14726452443599736,0.8198958408955516,6.862136935822329e-07,0.2031033711213846,0.7475715995212089,0.0006496776459935884,0.2400727066767312,0.649377335581151,-0.007013333413626361,0.2716354399381383,0.5853985184442536,-0.02060920573555422,0.30859263034220497,0.5359958392432893,-0.03315200283106172,0.16219725948398833,0.5562304374577638,0.003097176976471541,0.21114250025362014,0.49636778056492337,-0.021660726350983324,0.2501386352911211,0.4617009590321225,-0.03808197250139583,0.28184868280561143,0.43582415029098853,-0.04808502922205097,0.1281618560997024,0.5562307360329483,-0.01356018379003054,0.19075197542572142,0.4778257984185807,-0.04288805306251406,0.24557588218007287,0.45704458938378745,-0.05324037250246115,0.28360706044622974,0.44377359399841254,-0.054749925816906415,0.10602404501748239,0.5754885328853386,-0.03232239970049603,0.19509551622383525,0.5556878781442829,-0.0659196956188884,0.20659925024911135,0.6288614828745105,-0.06077369766878993,0.19537743813797354,0.6715025896314147,-0.047865531313945366,0.09972403384724285,0.6073141737458354,-0.05188198127187259,0.17990067740908616,0.6084891406933826,-0.07339053228064188,0.18691910469863954,0.6634572924156565,-0.06665877463230271,0.17173478176974483,0.6913771916318521,-0.05587086904836615,0.0,0.0,0.0,0.0,0.0,0.0,0.0,0.0,0.0,0.0,0.0,0.0,0.0,0.0,0.0,0.0,0.0,0.0,0.0,0.0,0.0,0.0,0.0,0.0,0.0,0.0,0.0,0.0,0.0,0.0,0.0,0.0,0.0,0.0,0.0,0.0,0.0,0.0,0.0,0.0,0.0,0.0,0.0,0.0,0.0,0.0,0.0,0.0,0.0,0.0,0.0,0.0,0.0,0.0,0.0,0.0,0.0,0.0,0.0,0.0,0.0,0.0,0.0,0.43824275788468325,0.4084589133950914,0.022388882288721764,0.4888260021641799,0.41151249543278967,0.0055279582436089285,0.5717730953555658,0.4074797390848002,-0.003985917535541525,0.6266688037573364,0.39232362404546217,0.0012633855690611221,0.5276254166164851,0.5146599001941087,-0.06818816669671122,0.5307437581503769,0.5311397933461075,-0.03275493396188579,0.5264107417263797,0.4976198442716703,-0.07404954834229377,0.5259321080782531,0.4741434268067846,-0.07094527405252664,0.5137977761322153,0.49885490958155865,-0.07142465624248126,0.5397205271208718,0.4967022107286686,-0.07359784991238613,0.48556136077703843,0.5916458741491103,0.020903878879016305,0.5941848265298567,0.5905962956091999,0.007888614020954296,0.5334040726954187,0.5706034019522175,-0.03041048058999677,0.5359594224989752,0.629483481380618,-0.010312475401178793,0.472761298809791,0.5974732197576591,0.023915157320947608,0.6073564467886754,0.5889639013110546,0.009010654348211331,no,2025-11-18T07:30:17.212875
0.14639645026922243,0.8206085449518652,6.844541634258268e-07,0.20189332597349977,0.7483891010473018,0.001172808376430153,0.23860843943417553,0.6496825761958794,-0.006000563461271727,0.26964939979008357,0.5861426410084732,-0.019230222402925254,0.3060251240509548,0.5374959400321824,-0.031320833595971286,0.1613643678120053,0.557018136829239,0.003842561718061267,0.2094980726699543,0.49629504889185194,-0.020672663963059754,0.24810129148436671,0.46170868626502365,-0.03684103983229334,0.27987357171610683,0.43574270330215625,-0.046658915925760894,0.12709499575929717,0.5567021132786201,-0.013010979386271267,0.18896925729942382,0.47814537973526083,-0.04232456736413419,0.24384004979508023,0.45686584108242717,-0.052641555052824356,0.2825050327846841,0.4435681683304212,-0.05404222254199431,0.10458254603898602,0.5754657513421901,-0.03195325118045679,0.19328674275633062,0.5557291376652811,-0.06520226887024475,0.2047923355361043,0.6292581240017999,-0.05989420646154836,0.19395545813940226,0.672880798304248,-0.046908493572736534,0.09786341432471586,0.6067692957161489,-0.05173409413713697,0.17838747124190804,0.6087110563238641,-0.0729732681044132,0.185636108936539,0.6640783936271856,-0.06631621823613236,0.1708733969469032,0.6927842343294911,-0.055611508358483115,0.0,0.0,0.0,0.0,0.0,0.0,0.0,0.0,0.0,0.0,0.0,0.0,0.0,0.0,0.0,0.0,0.0,0.0,0.0,0.0,0.0,0.0,0.0,0.0,0.0,0.0,0.0,0.0,0.0,0.0,0.0,0.0,0.0,0.0,0.0,0.0,0.0,0.0,0.0,0.0,0.0,0.0,0.0,0.0,0.0,0.0,0.0,0.0,0.0,0.0,0.0,0.0,0.0,0.0,0.0,0.0,0.0,0.0,0.0,0.0,0.0,0.0,0.0,0.44098484246334535,0.4103625392065865,0.020235391010536535,0.492263553283361,0.4135029918722786,0.004245362112991738,0.5754794396093167,0.40979370767621204,-0.003959630553110475,0.6294773781626952,0.3950434232507203,0.002067004877766113,0.5328244144220579,0.5175829026727379,-0.06801405850990805,0.535444190238137,0.533715577100605,-0.03242113559378069,0.5316682672102357,0.5006777826914839,-0.07397623784068538,0.531051176147586,0.47722288031928584,-0.07102836853141889,0.5189444503334111,0.5019020906302416,-0.0715102593751507,0.5449550707084156,0.4997082137189028,-0.07337581441151152,0.49017664286524953,0.5926490016611945,0.020586905552181435,0.5974721961800438,0.591972131140095,0.009532542809700333,0.5389515859750134,0.5718113936450235,-0.029841985971396662,0.5411642789393832,0.6310382585392775,-0.009380562765159108,0.47625981052435656,0.5996234793093715,0.023497178518698196,0.6107831089724932,0.5906648513227178,0.010807333251127026,no,2025-11-18T07:30:17.367318
0.1462324222266675,0.8208546879918323,6.858515741288971e-07,0.201609326565737,0.7495286941622618,0.00011236661477507604,0.23816557460457327,0.6512521181188442,-0.007673653753443461,0.26917885913099604,0.586930265873957,-0.021295778490064025,0.3059376808294554,0.5371138300014427,-0.03378991270183525,0.16169859032289566,0.5569954990596084,0.0030077122980652743,0.20918840666912555,0.49655698940125587,-0.021693058270325347,0.24768414965606275,0.4616291778845947,-0.03806393468174306,0.27919013397015974,0.4353827373303231,-0.04798949393070729,0.12738970507302322,0.5567886412779056,-0.013355691795349732,0.1886056973657611,0.4790401701694874,-0.04239931244476527,0.24332418098636915,0.45706095990125994,-0.05270078561297434,0.2817390548025288,0.4431533804775427,-0.05419990355393611,0.10463185130733291,0.5760817888638441,-0.03193036383261617,0.1926618794548331,0.5581816965372609,-0.0650322861530236,0.20390756423573786,0.6306477626005704,-0.06005947221678473,0.19283131109427543,0.6731116025269867,-0.04744333189441003,0.09766211779782927,0.6078227620243342,-0.051415792015286704,0.17773271759507892,0.6101726255873929,-0.07268426660339983,0.1847540094562723,0.6655897990112398,-0.06617334165128266,0.16963666347360418,0.6939906400662805,-0.055629865462067024,0.0,0.0,0.0,0.0,0.0,0.0,0.0,0.0,0.0,0.0,0.0,0.0,0.0,0.0,0.0,0.0,0.0,0.0,0.0,0.0,0.0,0.0,0.0,0.0,0.0,0.0,0.0,0.0,0.0,0.0,0.0,0.0,0.0,0.0,0.0,0.0,0.0,0.0,0.0,0.0,0.0,0.0,0.0,0.0,0.0,0.0,0.0,0.0,0.0,0.0,0.0,0.0,0.0,0.0,0.0,0.0,0.0,0.0,0.0,0.0,0.0,0.0,0.0,0.4427795545677399,0.4118793147378376,0.019587583678311996,0.4944814134348171,0.4150121811415989,0.003972422498624885,0.5772086638773817,0.4099810436107119,-0.0036361324286381578,0.6324895304605133,0.39627176050116886,0.0027355301834966444,0.5352853921303862,0.5184839414372295,-0.06817165540627734,0.5377537261119579,0.5344907498234959,-0.03257850802904805,0.5341381835738374,0.5015330107991721,-0.07411134454967237,0.5334605064774185,0.4780364585893991,-0.07113506364760451,0.5213529507888827,0.5027195151256066,-0.0717134607658663,0.5474078038802851,0.5005586635630189,-0.07344712354415184,0.4911546681971893,0.5939000938252872,0.02019709326239071,0.598898473063319,0.5930105540191442,0.010080952152537983,0.5417763939930609,0.5740362782014485,-0.029988496773275482,0.543619632698604,0.6316544761591346,-0.009298296912390936,0.4778112683679522,0.6007747540189283,0.023036528994106045,0.6126867874974924,0.5917549370005466,0.011396839617584358,no,2025-11-18T07:30:17.495885
0.1466333920925856,0.8198731662348382,6.908482388022074e-07,0.20206187574290954,0.7493803739594878,-0.0007558571016856956,0.2390268531115365,0.6517052786391188,-0.009001390066913716,0.2702045399628369,0.5872035279126407,-0.0229342086424219,0.3067151026074538,0.5370156688249554,-0.03573452611326675,0.16292477925845178,0.5564669608697548,0.00216763658169277,0.20987559358429192,0.49653142295761643,-0.022843353429491363,0.24822471226918968,0.46153349963641965,-0.03927153658764048,0.27953513511080463,0.43503261288589523,-0.04908213706034914,0.12846198970634956,0.5563390046675782,-0.013739888961017438,0.18963345210361496,0.4790566685083582,-0.04304176339916334,0.24397497154567863,0.4567028119990461,-0.05336883183117398,0.28220653468542883,0.4422929729641055,-0.05473714848171335,0.1052999062795343,0.5756585778425666,-0.03193498361046282,0.1932418112927585,0.5593042340890193,-0.06561028843412059,0.20461090651800778,0.6321117202361373,-0.060778619370669015,0.19409561329459712,0.6746889575630843,-0.04793112246549744,0.0977166614029296,0.6074227025568143,-0.05106894779060901,0.17741066793679117,0.6103094201316481,-0.07262018741985635,0.1846664227102376,0.6655998475971269,-0.06614680800811547,0.17011102123904132,0.6938433906546307,-0.055439510014892765,0.0,0.0,0.0,0.0,0.0,0.0,0.0,0.0,0.0,0.0,0.0,0.0,0.0,0.0,0.0,0.0,0.0,0.0,0.0,0.0,0.0,0.0,0.0,0.0,0.0,0.0,0.0,0.0,0.0,0.0,0.0,0.0,0.0,0.0,0.0,0.0,0.0,0.0,0.0,0.0,0.0,0.0,0.0,0.0,0.0,0.0,0.0,0.0,0.0,0.0,0.0,0.0,0.0,0.0,0.0,0.0,0.0,0.0,0.0,0.0,0.0,0.0,0.0,0.4403649040271866,0.41190133182074684,0.021474188112888183,0.4919523442143568,0.4150346519244829,0.0049739490167107995,0.5740364322347113,0.41048465742356577,-0.004038565776418655,0.6303336760483567,0.3965719616600388,0.0015345343912880596,0.5310315086071548,0.5190683030493185,-0.06811458134140619,0.5339497452314246,0.5350496995386705,-0.03261253546658377,0.5298115217586137,0.5019776121767772,-0.07401667641282905,0.5292528910827949,0.47829964523403057,-0.07098533445565727,0.5171073397285477,0.5031268266641369,-0.07145891998340083,0.543134867125308,0.5010034388085634,-0.07351104561325672,0.4878396826312713,0.5949517833151552,0.02074974950359087,0.5965084446863378,0.5939579950290576,0.008646961512008151,0.5375969286478366,0.5748043844467936,-0.030070854921059185,0.5397298931963784,0.6315499420132831,-0.009942119609007712,0.4754619406653375,0.6007051710940131,0.02371187445743024,0.6098449103293279,0.5922302126027513,0.00981815781389386,no,2025-11-18T07:30:17.623283
0.14572737639993433,0.8208410204209622,6.944165348120795e-07,0.20153489663314683,0.750794899466011,-0.00025555507829289525,0.2391385777131474,0.6515567072650397,-0.008174567943896826,0.27075962517074187,0.5874334998057009,-0.02180742333629665,0.30690904041848827,0.5374185702580435,-0.03418678941607227,0.16203422735248105,0.5581421971134968,0.002460478133054413,0.20975900193130612,0.4971087853237179,-0.02254102936836831,0.24787668479317562,0.4616873030256073,-0.03893054804154478,0.2792523605031715,0.4348230097720339,-0.04883399949082978,0.12747970369735967,0.557654698208957,-0.013812787101864968,0.18845167418622977,0.47934616219416626,-0.04345827062632613,0.24310258168624949,0.45658638252959816,-0.053864424505808396,0.28199362722125443,0.44187413879337784,-0.055305403494887856,0.10466478831861922,0.5766007692431674,-0.032330082520520526,0.1926458584752634,0.5578899963207853,-0.06576696353797742,0.2043770588817723,0.6311353107253684,-0.060377391811117474,0.19413434800195478,0.674146603758654,-0.047372774622622224,0.09792526916133801,0.6080073083668776,-0.05183255167233259,0.17792457630276143,0.6112963249797645,-0.07326449290822186,0.18454306458702568,0.6671031538457894,-0.0667578402359093,0.1695319666656251,0.6951481829638815,-0.05618638945978937,0.0,0.0,0.0,0.0,0.0,0.0,0.0,0.0,0.0,0.0,0.0,0.0,0.0,0.0,0.0,0.0,0.0,0.0,0.0,0.0,0.0,0.0,0.0,0.0,0.0,0.0,0.0,0.0,0.0,0.0,0.0,0.0,0.0,0.0,0.0,0.0,0.0,0.0,0.0,0.0,0.0,0.0,0.0,0.0,0.0,0.0,0.0,0.0,0.0,0.0,0.0,0.0,0.0,0.0,0.0,0.0,0.0,0.0,0.0,0.0,0.0,0.0,0.0,0.43290661614189685,0.41148165210021564,0.02708422481699459,0.48310746969552676,0.4136601389295419,0.007702511311362526,0.5646957521280979,0.4103902209484925,-0.006066118359153971,0.6205879221897515,0.3965249645803627,-0.003476814014701,0.5169063604685096,0.5171118688288889,-0.06754462179286305,0.5213121238020831,0.533426027890902,-0.03245870178432872,0.5155280631730843,0.5000448473290807,-0.07336725720107967,0.5154250881767429,0.47665388765378897,-0.07031737384184612,0.5032141367736824,0.5012427999478216,-0.07027437122727132,0.5288751716283736,0.4991700622330323,-0.07340416880367578,0.47917716887224576,0.5940295034129487,0.02385794924550166,0.5868736214139086,0.5936616235235161,0.005101770966295819,0.5240730581540269,0.5740852748039632,-0.029865718731739307,0.5268867611829213,0.6311629650576212,-0.010559178257082639,0.4670125746226773,0.5985120954442387,0.02720284896454781,0.6007690366237093,0.5911807179022515,0.005682357263011041,no,2025-11-18T07:30:17.763832
0.14522894236370923,0.8201256424564985,6.980615373985524e-07,0.20054510958051613,0.7502527296554908,-0.0002540603982744162,0.23801193601567328,0.6517208401571017,-0.00835107988421419,0.2694820378890208,0.5877275083028138,-0.022151156566038416,0.30564577172558627,0.5378373693117611,-0.034640422847269724,0.16160632615344772,0.558559274664155,0.0016529197588087804,0.2091112310691458,0.4969044615886702,-0.0235033547453719,0.2469922507446713,0.4614023449217697,-0.039661527454595974,0.27835275741432836,0.43440579046951305,-0.04922514580492798,0.1267933480306447,0.5580222405572678,-0.014577192821204739,0.18704099039387706,0.47910905188031677,-0.044354495951066275,0.24107223818027532,0.4561353731858043,-0.05455930410771491,0.2798001913581629,0.4418436846539521,-0.05571724140348698,0.10372576523470138,0.5764428869294755,-0.032990203134554544,0.19122111586168183,0.5582466415319747,-0.06636943825902854,0.202575208613402,0.63097195128401,-0.061017933679573214,0.19234274743342292,0.6743296440519497,-0.04794941722938572,0.09673307888442,0.6073113960638556,-0.052392031333979516,0.17700471128046244,0.6112456167993457,-0.07353756867801267,0.18403180259104016,0.6669101925597203,-0.06700954080615465,0.16955292742413258,0.6955984001634288,-0.05637905947050481,0.0,0.0,0.0,0.0,0.0,0.0,0.0,0.0,0.0,0.0,0.0,0.0,0.0,0.0,0.0,0.0,0.0,0.0,0.0,0.0,0.0,0.0,0.0,0.0,0.0,0.0,0.0,0.0,0.0,0.0,0.0,0.0,0.0,0.0,0.0,0.0,0.0,0.0,0.0,0.0,0.0,0.0,0.0,0.0,0.0,0.0,0.0,0.0,0.0,0.0,0.0,0.0,0.0,0.0,0.0,0.0,0.0,0.0,0.0,0.0,0.0,0.0,0.0,0.43015500327472955,0.4103459285891703,0.028524972943880518,0.4803179165808948,0.41342417899998823,0.008639238562827478,0.5625341119687426,0.4095773810488159,-0.005720697572248928,0.6186616604795651,0.3957232379960148,-0.003374637743390079,0.5135388869450702,0.5156847989411931,-0.06792278094462069,0.5181668133868662,0.5321769621952679,-0.032972900969245086,0.5121664008473301,0.4985950116314593,-0.07363563616246191,0.5121929954338151,0.4752832868816659,-0.0703952467291773,0.4998898287685398,0.49980918238071775,-0.07047225327325213,0.5255478916003196,0.49777692421725467,-0.07373204738854558,0.47668961776608654,0.5940606978276901,0.023387911701465203,0.5846306535948327,0.5933018114794705,0.0039004849330432317,0.5214261679777703,0.5735064344944194,-0.03073172052674402,0.5244460701914515,0.6300251899949361,-0.011393469908135502,0.46428316352250504,0.5977009148562136,0.026806929458486884,0.5982614425882066,0.5905094325328213,0.00444508979665354,no,2025-11-18T07:30:17.902815
0.1444935153570026,0.822040797788842,6.909941543075999e-07,0.19993179652619328,0.7514403492218189,-5.6288544356049075e-05,0.2375086966488698,0.6519236954157701,-0.007821103673077121,0.2689534681375112,0.5876931058149963,-0.021360409099109315,0.30514024590631883,0.5376266156975981,-0.033581213472484925,0.1610849049938572,0.5595554590178685,0.0028438514921576624,0.20786836867549927,0.498195781810189,-0.02196272695176987,0.2456273538192961,0.46264927994188765,-0.038139282181730474,0.2768589358131822,0.4353091948735047,-0.047859086582087595,0.12618609926919044,0.5587439138481987,-0.013423275020271578,0.18604652126705648,0.4805262998029971,-0.04300003563291324,0.24027629231077213,0.45773236993488214,-0.05335442289187969,0.27901013932398655,0.443038610687114,-0.05467991550119055,0.10307114774310219,0.5770423062348183,-0.031936143007048924,0.19033491505898423,0.5586646046118888,-0.06527198184938388,0.20214759651279765,0.6321653341243658,-0.060055700785394746,0.19207283317220158,0.6759749976832472,-0.04708691626583117,0.0960805269714878,0.6077563306994693,-0.05144719746318288,0.17619390112668143,0.611848346653457,-0.07269191514926711,0.1832936496418488,0.6680640683524615,-0.06639149159686776,0.16875293364605295,0.69688828613747,-0.0559438216273041,0.0,0.0,0.0,0.0,0.0,0.0,0.0,0.0,0.0,0.0,0.0,0.0,0.0,0.0,0.0,0.0,0.0,0.0,0.0,0.0,0.0,0.0,0.0,0.0,0.0,0.0,0.0,0.0,0.0,0.0,0.0,0.0,0.0,0.0,0.0,0.0,0.0,0.0,0.0,0.0,0.0,0.0,0.0,0.0,0.0,0.0,0.0,0.0,0.0,0.0,0.0,0.0,0.0,0.0,0.0,0.0,0.0,0.0,0.0,0.0,0.0,0.0,0.0,0.4329230905598654,0.41041047211471454,0.026593441366363744,0.48329730138622684,0.4134312942834337,0.007711467227163499,0.5654459984263116,0.40902588339359436,-0.00504850258388507,0.6215044948096373,0.39533983886476,-0.0016899416456859185,0.5181257078253336,0.5161193984673311,-0.0682000232407029,0.5222144291467412,0.5325403763346029,-0.033013287386525696,0.5167865554975939,0.4990795465309472,-0.07394866937980159,0.51661379689217,0.4756662358404301,-0.07071563258018199,0.504336763425255,0.5002715471859186,-0.07096744969999963,0.5301914362824901,0.49824932150270085,-0.0738554890501459,0.47972649878916357,0.5935439957548942,0.022145849172902382,0.5871699975604321,0.5931770993585097,0.004878449862119908,0.526970638281564,0.572804490593157,-0.030989745470250196,0.5296017527566297,0.6296328812237406,-0.010898747556307598,0.4672266369933006,0.5992111966592164,0.025536420444303674,0.6006828977696281,0.5919188350331953,0.005714385456453339,no,2025-11-18T07:30:18.031067
0.14467195176314562,0.8220837719832577,6.987986216183571e-07,0.20004880981409534,0.7519887998703089,-0.00032413229429496874,0.23795541243423715,0.6531771318170007,-0.008399887999344118,0.2695078679589076,0.5889236682048157,-0.02223841316414244,0.3062196319062539,0.5392515915306686,-0.03488160176485746,0.16280759857360783,0.5601850092387775,0.002146657224918944,0.20953346105922716,0.4986645055329326,-0.023200991795029186,0.2471197000305282,0.4623801082917904,-0.03945586197816859,0.2780730625292031,0.4348440137260819,-0.04902797514648394,0.12748716603626759,0.5598149100338405,-0.014127806203588862,0.18677981714445352,0.479457811280359,-0.04419085229400045,0.2405357288055707,0.4562753391441531,-0.05451904952265055,0.2789650223740523,0.4414299567889458,-0.055539343602216906,0.1038264716879707,0.5783988658440022,-0.032665820999030745,0.19115252740044092,0.5600010080077724,-0.06678156966671922,0.2027778145842568,0.6333007621263461,-0.061867552671072995,0.19261303275412295,0.6764509840825599,-0.048770034386687366,0.09651394946558704,0.6092042099092134,-0.05213421007795546,0.17673105409994655,0.6129386684610821,-0.07377944773176093,0.18350951079933703,0.6690561525996926,-0.06752983168014393,0.16872519756595783,0.6974605710625095,-0.056973895558916104,0.0,0.0,0.0,0.0,0.0,0.0,0.0,0.0,0.0,0.0,0.0,0.0,0.0,0.0,0.0,0.0,0.0,0.0,0.0,0.0,0.0,0.0,0.0,0.0,0.0,0.0,0.0,0.0,0.0,0.0,0.0,0.0,0.0,0.0,0.0,0.0,0.0,0.0,0.0,0.0,0.0,0.0,0.0,0.0,0.0,0.0,0.0,0.0,0.0,0.0,0.0,0.0,0.0,0.0,0.0,0.0,0.0,0.0,0.0,0.0,0.0,0.0,0.0,0.4440323174509532,0.4132586461106105,0.0188138229954785,0.4957402413360425,0.4148824550316552,0.0034831571444919134,0.5782806173543301,0.41066356287256317,-0.003654512284737764,0.6323569164989044,0.3977145364892266,0.0030128606478253567,0.5371536885302816,0.5185122975670243,-0.06765455443007626,0.5395390771660677,0.5345362699772991,-0.03212839710276774,0.5360228916251397,0.5017939613262341,-0.07363822830013983,0.5353126901102085,0.4786350930512499,-0.07077267966790052,0.523306185505581,0.5030400099096402,-0.07129849814134923,0.5492304935414067,0.5008241083831864,-0.07292053453862465,0.49296403202740957,0.5954125768626614,0.019780241178786892,0.601423110896076,0.5936441517529243,0.010158032483069776,0.5436567730935713,0.5755681295529413,-0.0297239375424209,0.5462274551384619,0.6320422544775319,-0.008714890144963405,0.4806395384606777,0.6015964053860352,0.02266282898667153,0.6138917125280788,0.5925322517699088,0.01162942250401307,no,2025-11-18T07:30:18.167205
0.1456375445089303,0.8218499425845701,6.911307468468408e-07,0.20139558889847986,0.7506853200496717,0.00033054470508658113,0.2392091409199918,0.6514348336086957,-0.0074600016520412005,0.2710410569443128,0.5874654826219239,-0.02111489806032363,0.30836003744398693,0.5389317402080833,-0.03362122862741336,0.16296751045318575,0.5585395365941812,0.0023261674885578666,0.20986935154850014,0.4969926512497427,-0.022608695201856863,0.24762021259270245,0.46124023052796004,-0.038764399107513475,0.27881630759936415,0.43408047987787246,-0.048376997681712886,0.1278019017523028,0.5586021442907545,-0.014222185314707467,0.18723152836182713,0.4782690484147614,-0.04360114892305556,0.24078730874921328,0.45543470741196607,-0.05363806322086469,0.2791245113853904,0.44087134998794825,-0.05473372158743772,0.10447973063668517,0.5776801021820261,-0.03293782762342914,0.19165936831066357,0.5583419463504591,-0.06639901754610528,0.20313772396111568,0.6309471332776049,-0.06145589372676517,0.1928398819247185,0.6739787838866016,-0.04864787947335486,0.09773223481170054,0.6089815681504075,-0.0525485714068185,0.17777070607371595,0.6114418338395347,-0.07381284552682826,0.18426334711118966,0.6669948872415425,-0.06749623485032968,0.16920279217382517,0.6956730977356157,-0.05707448466579247,0.0,0.0,0.0,0.0,0.0,0.0,0.0,0.0,0.0,0.0,0.0,0.0,0.0,0.0,0.0,0.0,0.0,0.0,0.0,0.0,0.0,0.0,0.0,0.0,0.0,0.0,0.0,0.0,0.0,0.0,0.0,0.0,0.0,0.0,0.0,0.0,0.0,0.0,0.0,0.0,0.0,0.0,0.0,0.0,0.0,0.0,0.0,0.0,0.0,0.0,0.0,0.0,0.0,0.0,0.0,0.0,0.0,0.0,0.0,0.0,0.0,0.0,0.0,0.4514727771537069,0.4120356610317609,0.014596213409480745,0.5039806994434272,0.41442516632903714,0.0012724704600895656,0.5867678769220992,0.4109399109376244,-0.0025773709343954614,0.6400876217244889,0.3977386410540234,0.0060139333305199725,0.5490981178781169,0.5193750505130958,-0.06796872833541472,0.5503703545944627,0.5354001063479025,-0.03210594305178251,0.5481714258712399,0.5026604734857641,-0.07407750821258899,0.547224629805089,0.4794283610970056,-0.07132881235144065,0.5351405414451122,0.5038862795500807,-0.07209593963006182,0.5613796300867434,0.501686937938694,-0.07298618730276722,0.5007683350311151,0.5966974917394361,0.018474250213462183,0.6096140277056521,0.5947971690027591,0.0133899414570176,0.554256531955416,0.5760853538580442,-0.029420831665983933,0.5560543537136402,0.6326995916514552,-0.00795533044273622,0.4875199900536268,0.6030568730230652,0.021029186124517006,0.6226069885997023,0.5934794716510219,0.015190648535045627,no,2025-11-18T07:30:18.294073
0.14615462100314908,0.8232946397760192,6.790235909064051e-07,0.20221105356207486,0.7524947155267737,5.092902699401961e-05,0.24031737227407518,0.6520248327665671,-0.007515081800942184,0.2720304386980246,0.5877903787640412,-0.020848990025402026,0.30923487108844094,0.5396534864523083,-0.032993877004608436,0.16304106634424195,0.5591084495180989,0.0022131060585815565,0.2094115448805428,0.4976308065780879,-0.022399591107061988,0.24729330219726828,0.46193697975448905,-0.03840188523939135,0.2785682206427149,0.4347035131542301,-0.04796956373863209,0.1279340866479028,0.5591182360896216,-0.014060178399588917,0.18741667399813233,0.47974783573654023,-0.04301949645073028,0.24138056304884675,0.45706532776794895,-0.05281432337993689,0.27969711179754597,0.44214304885147226,-0.0538843600319715,0.1048392916772808,0.5782828585270025,-0.032505603093178195,0.19216340394531362,0.5585962663823981,-0.06571700899478192,0.20482559420597593,0.632121155845498,-0.060389052809088954,0.19521247155861549,0.6758839677775751,-0.04735216630597236,0.09816693331595121,0.6098944338821801,-0.05188618363391214,0.17781183970782888,0.6121805226135845,-0.07291657262975668,0.1848833628108324,0.668040880386442,-0.06631952259751286,0.17026404416869206,0.6970872827201944,-0.05573817774136925,0.0,0.0,0.0,0.0,0.0,0.0,0.0,0.0,0.0,0.0,0.0,0.0,0.0,0.0,0.0,0.0,0.0,0.0,0.0,0.0,0.0,0.0,0.0,0.0,0.0,0.0,0.0,0.0,0.0,0.0,0.0,0.0,0.0,0.0,0.0,0.0,0.0,0.0,0.0,0.0,0.0,0.0,0.0,0.0,0.0,0.0,0.0,0.0,0.0,0.0,0.0,0.0,0.0,0.0,0.0,0.0,0.0,0.0,0.0,0.0,0.0,0.0,0.0,0.4571381002792002,0.41115408494569766,0.011615287423966971,0.5113771574018435,0.4139768341582472,2.3095054925740383e-05,0.5943918649251304,0.41069667484823724,-0.0009815931114006634,0.6465218749224556,0.3969116834554022,0.009311499420426278,0.5586135902653524,0.5196357490858173,-0.06819389869357864,0.5591141676613061,0.5356043645924846,-0.03231478382538123,0.557831776644879,0.502899388621239,-0.0742876263268107,0.5567285065281395,0.4796097478464383,-0.07149053787718974,0.5446853475028753,0.5041210934951331,-0.0726175129978808,0.5709815416325745,0.5019183195285817,-0.07287546707376788,0.5079060948722776,0.5979949446192603,0.016520063914933835,0.6166262692048463,0.5948391133710085,0.015194948838703006,0.563173370242921,0.5776498441729796,-0.029628014870281584,0.5647374093530817,0.6339074585511761,-0.008168317852591311,0.4939495675995215,0.6035547679362457,0.018786382240510723,0.6295035758866889,0.5933809664087019,0.017266398605780126,no,2025-11-18T07:30:18.438571
0.14591885048055556,0.8233161569584747,6.855931456974787e-07,0.2019514522909671,0.7518290692940723,0.00030730952920350423,0.24018946180327447,0.6522708969321422,-0.007598983422132612,0.2718164601508235,0.5887652083410659,-0.021334491939485528,0.30906142970868733,0.5404329629946782,-0.033844583516828675,0.1623831447043323,0.5600262947377634,0.0015358893601441809,0.20928718809350016,0.49785970241471533,-0.02332284851565534,0.2472979171966566,0.462304070226213,-0.03932958203460218,0.2786859187024381,0.43552210140667436,-0.04876126482393736,0.12735001163049284,0.5603413705949359,-0.01494897138352506,0.1870784989496544,0.4805413206125633,-0.04415899542466209,0.2412360860250032,0.45764513999443285,-0.05406067702886615,0.27985621569167307,0.44359768728851384,-0.055096184381191515,0.10456999217738933,0.5794004925073672,-0.03348115904046651,0.1926516871239477,0.5601631467905948,-0.06644181027351019,0.20537085045343656,0.6327610662516827,-0.06105223470966495,0.19580672834017124,0.6765308773023313,-0.04800092308769287,0.09837504012284606,0.610652704669209,-0.05293446660762456,0.17866727388309306,0.6127014416122731,-0.07354777571526515,0.18610603698145456,0.6685792847595662,-0.06662267314300997,0.17186509508048556,0.698289063961797,-0.05577829137186241,0.0,0.0,0.0,0.0,0.0,0.0,0.0,0.0,0.0,0.0,0.0,0.0,0.0,0.0,0.0,0.0,0.0,0.0,0.0,0.0,0.0,0.0,0.0,0.0,0.0,0.0,0.0,0.0,0.0,0.0,0.0,0.0,0.0,0.0,0.0,0.0,0.0,0.0,0.0,0.0,0.0,0.0,0.0,0.0,0.0,0.0,0.0,0.0,0.0,0.0,0.0,0.0,0.0,0.0,0.0,0.0,0.0,0.0,0.0,0.0,0.0,0.0,0.0,0.4501894757215322,0.41025250829506865,0.015574919015585704,0.503045023298166,0.41465278761592783,0.002053632925451428,0.5866258056906384,0.411460245383103,-0.0021384392529079613,0.6401098115533299,0.3973955525831851,0.0062513899159913205,0.5474928875093852,0.5221465886752177,-0.0681105224270906,0.5490074801300152,0.5378790532145162,-0.032254849992147894,0.5465694430004028,0.5052206715693017,-0.07417757594621746,0.5457396032625439,0.4815371434487471,-0.07133007260923963,0.5335796394077181,0.5062959633983386,-0.0721477777048425,0.559818257569751,0.5042583960618983,-0.07313252097956811,0.4998983222660033,0.5989467904801776,0.018082891386289913,0.6080661448754029,0.5972803917608827,0.012341259551074192,0.552586504161759,0.5783888759629852,-0.029482240196464244,0.5543985813855252,0.6360479103363791,-0.009106651651697772,0.4868652698017292,0.6043094011991104,0.020673979228961838,0.62142343716095,0.5954474998631338,0.014106122931875945,no,2025-11-18T07:30:18.573047
0.14546059289526891,0.822500288533635,6.817478825350477e-07,0.2011398862778917,0.7528128233738428,-0.0004179219392037243,0.2395312110065605,0.6537959792716589,-0.008549901340262234,0.2711586792560148,0.58981943349907,-0.02244144505319022,0.3082287419882853,0.5406542287374057,-0.035053637268897125,0.1630206657488298,0.5607087645678258,0.0015871579027843688,0.2091689217292452,0.4986115773054183,-0.02347122594065753,0.2464052237021453,0.46272655558181836,-0.03932707996619464,0.27729959351507555,0.43550617599706887,-0.04853711716486213,0.1278423861481932,0.5605377318920877,-0.014626380428797566,0.186745222980801,0.4808523813737102,-0.04445076747484707,0.24049590296256723,0.4581830163311016,-0.05437694767473714,0.2789767289043006,0.44413297524272954,-0.05508155259904493,0.10448824154968175,0.5792662564904237,-0.033021383349664785,0.19163288079628019,0.5608311327977632,-0.06678246266811191,0.20460257286313185,0.6346916283635733,-0.06128516320904333,0.19562264608193558,0.6791491704932067,-0.047721022139239615,0.09741066164224312,0.6102851726776221,-0.052380862984684244,0.17671729463540944,0.6133413442802577,-0.07339618115110869,0.18440460954135213,0.6695567391376719,-0.06643341415577164,0.17065634796100387,0.6991945045150783,-0.05533748693635082,0.0,0.0,0.0,0.0,0.0,0.0,0.0,0.0,0.0,0.0,0.0,0.0,0.0,0.0,0.0,0.0,0.0,0.0,0.0,0.0,0.0,0.0,0.0,0.0,0.0,0.0,0.0,0.0,0.0,0.0,0.0,0.0,0.0,0.0,0.0,0.0,0.0,0.0,0.0,0.0,0.0,0.0,0.0,0.0,0.0,0.0,0.0,0.0,0.0,0.0,0.0,0.0,0.0,0.0,0.0,0.0,0.0,0.0,0.0,0.0,0.0,0.0,0.0,0.43945411071499885,0.4106697126092958,0.022843127116769217,0.49022166471476447,0.4155025447259708,0.005780399107933357,0.5743598894252142,0.41190410888806944,-0.004174976685983404,0.6298114529892657,0.3960827893950777,0.0007112425802888941,0.5301466414990621,0.5225048095544362,-0.06819718172049949,0.5336200618671469,0.5383081751363108,-0.03254956075149368,0.528843420869632,0.5054939786965619,-0.07415472608822866,0.5283245505002142,0.48165524505563423,-0.07115259127202322,0.5161217857463777,0.5066417675573236,-0.07146375553232809,0.5423391708133026,0.504495264009953,-0.07375007051523763,0.4892080465166076,0.5996768080113137,0.02107259574360625,0.5971219555992462,0.5974541945796296,0.007251467574773274,0.5375800770225146,0.5786918432720962,-0.030063579959868282,0.5406175777315657,0.6368734591621776,-0.010318716408231565,0.4771456359136667,0.6052396999224464,0.02429450776737351,0.6107255289766695,0.5964363015253474,0.008480372916180968,no,2025-11-18T07:30:18.711185
0.14495566596066928,0.8232437372443413,6.803764047431066e-07,0.20033675635753945,0.7553981943521741,-0.0006936832867982909,0.238831724697311,0.6554602791122242,-0.00870292385114041,0.2704669455335402,0.5909008394721607,-0.022390437379762644,0.3069617653413335,0.5415141515982408,-0.0348367264582496,0.16287684207355735,0.5612325685098041,0.0011182570057044284,0.2086028659444642,0.4993521014616996,-0.023989027809834914,0.24545440559325252,0.46327286577022586,-0.03983746961480737,0.27621163955672445,0.4359061772834313,-0.04904690977013706,0.1274839811433448,0.5609193028242482,-0.014983353857013864,0.1859364939605314,0.48163757522169093,-0.044955186614134425,0.2394782442187676,0.4587738046800619,-0.054920969055883964,0.2779725146234302,0.44445949370771426,-0.05563481094150359,0.10377768570003466,0.5796067448452484,-0.03328563104796796,0.1907348031944467,0.5607559995196092,-0.06745971519335657,0.20382769581915444,0.6351985497011958,-0.06192958118776599,0.1949920769872721,0.6800977387900756,-0.04824175935002581,0.09624545160158954,0.6106707502487232,-0.05254564963461317,0.17582501390677407,0.6133630637741163,-0.07410652815542457,0.18358632074805872,0.6703307639589422,-0.06724426862325783,0.16983791177013283,0.7005062767345441,-0.05610890414501238,0.0,0.0,0.0,0.0,0.0,0.0,0.0,0.0,0.0,0.0,0.0,0.0,0.0,0.0,0.0,0.0,0.0,0.0,0.0,0.0,0.0,0.0,0.0,0.0,0.0,0.0,0.0,0.0,0.0,0.0,0.0,0.0,0.0,0.0,0.0,0.0,0.0,0.0,0.0,0.0,0.0,0.0,0.0,0.0,0.0,0.0,0.0,0.0,0.0,0.0,0.0,0.0,0.0,0.0,0.0,0.0,0.0,0.0,0.0,0.0,0.0,0.0,0.0,0.4319443564877942,0.41095001915407414,0.026388604648515415,0.48151081075665897,0.41567952756337145,0.007232593503594555,0.5651106812543552,0.4114192189604837,-0.006108228621056907,0.6219634647987711,0.39456290041100167,-0.003279971468511101,0.5182638679773905,0.5220337525288355,-0.06787158841836666,0.5229285967313793,0.5377995827444707,-0.03232206624546444,0.5167281121643997,0.5049977203396445,-0.07382706126579783,0.5163787037684024,0.4811392302462848,-0.07086889126093532,0.5042605156234712,0.5062567999640408,-0.07075910978725741,0.5302745823262833,0.5039235656044485,-0.07380637118367472,0.4817562420769683,0.5998720925508839,0.02354069025728591,0.5891546913215805,0.597834887283101,0.005051466180204373,0.5268815180511286,0.5791440025572212,-0.029731290965377733,0.5307127200066826,0.6371295627662847,-0.009830963042338048,0.46994118086042835,0.6046337240151782,0.027099512090590687,0.6026790474759294,0.5954655903855528,0.005939832345219493,no,2025-11-18T07:30:18.833567
0.1442780276610254,0.8237888217090237,6.90057825422389e-07,0.19986584884374775,0.7553907237248542,-0.0009536723409058116,0.23825533488092784,0.655322035613241,-0.008985243425730899,0.2699351568840873,0.590505332303219,-0.022672333322607038,0.30652334811904625,0.5408794548636804,-0.035000213519423264,0.16261637094217418,0.5621936329640085,0.0015743326242109068,0.2085702818682587,0.4994667788230434,-0.023666158540415982,0.2454936826464416,0.4634889941205408,-0.03964584939542592,0.2764113348292503,0.4362611202007061,-0.04895858762699663,0.12733104193752476,0.561277249516601,-0.01433309945281013,0.18523254160459432,0.4816437850359248,-0.044477069784570986,0.23851612897393154,0.4580291425066951,-0.05467337439298276,0.27732184290589235,0.44316458491042143,-0.05557072692468074,0.1035645946553228,0.5794274971880203,-0.032550183215381646,0.1901991662952519,0.5603982069264763,-0.06668118650011495,0.20234615443766865,0.6344673118359953,-0.061419962655803156,0.193199774441245,0.6792080302474701,-0.04801637804017671,0.09593553410581987,0.6100216532291437,-0.05179718215108592,0.17579095770469166,0.6145333828735389,-0.07333727120976566,0.18230782770620174,0.6709079747910556,-0.06701192988319454,0.16775045039524022,0.7001397941747671,-0.056360969822530985,0.0,0.0,0.0,0.0,0.0,0.0,0.0,0.0,0.0,0.0,0.0,0.0,0.0,0.0,0.0,0.0,0.0,0.0,0.0,0.0,0.0,0.0,0.0,0.0,0.0,0.0,0.0,0.0,0.0,0.0,0.0,0.0,0.0,0.0,0.0,0.0,0.0,0.0,0.0,0.0,0.0,0.0,0.0,0.0,0.0,0.0,0.0,0.0,0.0,0.0,0.0,0.0,0.0,0.0,0.0,0.0,0.0,0.0,0.0,0.0,0.0,0.0,0.0,0.42659507002761143,0.41102864553189394,0.029240017984114505,0.4759098553180573,0.41534998180593957,0.008762936173379499,0.5594356645140489,0.41079646656070146,-0.006650290936689195,0.6160396156620198,0.39331635850017854,-0.005104202799157737,0.5100430803910543,0.5215217478712446,-0.0675853617238413,0.5154773300868047,0.537332080734189,-0.032326835378005084,0.5083860501961219,0.5044020662798229,-0.07343325178329717,0.5081850901520998,0.48053238665806214,-0.07037161503330541,0.49612564119357916,0.5057433153529616,-0.07013392802681123,0.5219336809813332,0.5032964500080348,-0.07365054060592313,0.4768299917183395,0.59961851445133,0.024113571129309574,0.5830546174560631,0.5973150442923378,0.002878129574333763,0.5201448212489987,0.5783729858996586,-0.029988081469684562,0.5243585091084133,0.6370079009090518,-0.010456047574410515,0.46487556989760614,0.6042958375420282,0.027891514609409914,0.5966351794653512,0.5949453959007842,0.003552330677216023,no,2025-11-18T07:30:18.954688
0.14448830885061614,0.8229995966016584,6.965768661256051e-07,0.1996260662995251,0.754386584053284,-0.0013424900261790286,0.23796985943465415,0.6556188863826703,-0.009916006897123672,0.26966562667602956,0.5911073538423444,-0.0241016468667202,0.3068191087376008,0.541266842013902,-0.03690902381424559,0.16222511918643057,0.5619853739160863,0.0009690499729490493,0.20799836278214037,0.4994131634574659,-0.02451564475812923,0.24518640459760435,0.46335971260020264,-0.040558158719853465,0.2761864563607769,0.43611470001963404,-0.049818263938219844,0.12719137650999163,0.5613358214803311,-0.014805442350932282,0.18550257714775997,0.4816009347619199,-0.045069525966728356,0.239279258706555,0.45823722654967325,-0.055172017191050665,0.2780899095520444,0.4435984928784514,-0.05594218600965692,0.10357582791104306,0.5796272539097909,-0.03290183707010842,0.1903600840555239,0.5604178537016568,-0.06740572807337977,0.20291691689998287,0.6344863216761305,-0.06222237960065434,0.19387266328787944,0.679066563618074,-0.04871614898495976,0.09607005649115762,0.6102740776807798,-0.052012032289508375,0.1759753113466047,0.61438349794388,-0.07381887703945696,0.18269359481089506,0.6710298362133531,-0.06745754546604185,0.16810631127292605,0.7006743120272639,-0.056662823324861646,0.0,0.0,0.0,0.0,0.0,0.0,0.0,0.0,0.0,0.0,0.0,0.0,0.0,0.0,0.0,0.0,0.0,0.0,0.0,0.0,0.0,0.0,0.0,0.0,0.0,0.0,0.0,0.0,0.0,0.0,0.0,0.0,0.0,0.0,0.0,0.0,0.0,0.0,0.0,0.0,0.0,0.0,0.0,0.0,0.0,0.0,0.0,0.0,0.0,0.0,0.0,0.0,0.0,0.0,0.0,0.0,0.0,0.0,0.0,0.0,0.0,0.0,0.0,0.42459513647521624,0.4103717019640213,0.031068182664018083,0.4740263950586258,0.41493312598330734,0.009749311986565628,0.5579389924304405,0.41002437625901894,-0.006942956019421725,0.6139595120107737,0.3919911534455696,-0.006148745549672066,0.5067656615086222,0.5198432210902396,-0.06750998905536586,0.5126656445851809,0.5358669275703111,-0.03248186557690003,0.50508757160685,0.5026967649705083,-0.07324627494069225,0.5050510473686829,0.4788790090667554,-0.07006662072785533,0.49293959276208804,0.504066701001905,-0.06981283230883675,0.5185926289409077,0.5016507880037427,-0.07360820556468795,0.4754230906467674,0.598427603678378,0.024241987544828376,0.5813595729129833,0.5960983788413441,0.0013788052516365322,0.517979741614337,0.5767659995854952,-0.030478172607496242,0.5219806423410719,0.6359672590272951,-0.010694942713891306,0.4633608266501199,0.6033883033497189,0.02820032172409373,0.5942168616977024,0.5943642382393173,0.0019399174585962146,no,2025-11-18T07:30:19.080599
0.14543916484896835,0.823102265599337,6.907915185115003e-07,0.20047189693264522,0.7543505927373201,-0.0009514499406382804,0.23849297264888378,0.6555081507719016,-0.009261415960506607,0.269876881436083,0.5910236166298819,-0.02319689852561617,0.30681457997018746,0.5413832283647391,-0.035799631174824896,0.16312782064725428,0.5614622237393542,0.00129995040386052,0.20847370356447487,0.4993271832635764,-0.023929682150077874,0.24575387746683958,0.4636036152837134,-0.03992305850700334,0.2767991374325552,0.4368025220335902,-0.049224047730461504,0.12806614330546426,0.5608099796030805,-0.014629138947938046,0.18590337203039625,0.4809411885828566,-0.04443271971229942,0.23947375439523916,0.4577290394623519,-0.05452441907137544,0.27813182711527085,0.4436528006880355,-0.05540227184284306,0.10441461316473478,0.5792716335753025,-0.03283912062114525,0.19071903818779232,0.5603481644931165,-0.066830376819502,0.2030784471298773,0.6335579773129798,-0.062022894325678694,0.19381559039580892,0.6775500004350594,-0.04902517733600291,0.09714471813691716,0.6102129525080687,-0.05204237365186383,0.177162336085118,0.615150083656312,-0.07365586221123963,0.18362306511279541,0.6715614946066155,-0.0677135455940248,0.16877793208328234,0.7009475612203122,-0.057375125246973094,0.0,0.0,0.0,0.0,0.0,0.0,0.0,0.0,0.0,0.0,0.0,0.0,0.0,0.0,0.0,0.0,0.0,0.0,0.0,0.0,0.0,0.0,0.0,0.0,0.0,0.0,0.0,0.0,0.0,0.0,0.0,0.0,0.0,0.0,0.0,0.0,0.0,0.0,0.0,0.0,0.0,0.0,0.0,0.0,0.0,0.0,0.0,0.0,0.0,0.0,0.0,0.0,0.0,0.0,0.0,0.0,0.0,0.0,0.0,0.0,0.0,0.0,0.0,0.4264398162720854,0.40969135415965346,0.029235011489143575,0.4760429179549187,0.4132935607486117,0.00879738993719222,0.5597581562646587,0.4091651000309835,-0.006431426275635912,0.6159682675677343,0.3917686716152866,-0.004672907647591441,0.5104529251013112,0.5188802482595058,-0.06801304723440138,0.5157392995054964,0.5348919985027154,-0.03265999704201866,0.5088361885477182,0.5017030301216677,-0.07380117329583707,0.5086580667713471,0.47782261887129884,-0.07062218205157834,0.49654924937252964,0.5030347681378238,-0.07053252584389248,0.5223366186544138,0.5006589927348197,-0.07399270353112136,0.47699795315171467,0.5973678877137465,0.023428101057079296,0.583266977322962,0.5949537235221583,0.002746749374006404,0.5218708815779662,0.5760623144060899,-0.030669379349686138,0.5253442819230232,0.633963438082602,-0.010182632271754165,0.4647631250216847,0.6023673384538817,0.02726929210378566,0.5959511291844988,0.59339199088861,0.0034882430966955346,no,2025-11-18T07:30:19.214188
0.1454022238710746,0.8231356889024212,6.949803409827084e-07,0.20087070217039366,0.7530264804983751,-0.0004376946931090853,0.23876198728717613,0.6543361793536174,-0.008641168319739902,0.27015205422817334,0.5901356004864192,-0.02252475457919669,0.30701215505925145,0.5407547164277003,-0.035111528484236335,0.16221876986647382,0.5607831777189813,0.0013157294563719683,0.20881086155835285,0.4984405192221584,-0.023860614076054124,0.2464723999827713,0.462317317485683,-0.03992008122660615,0.2775775467550654,0.43546376411623666,-0.0492778675606329,0.12727980609305883,0.5604597676621818,-0.014809535507815164,0.18612474285609473,0.4806895018861091,-0.04442774015905575,0.23989684593140712,0.45691820873416666,-0.0544855078618224,0.2785097879167663,0.44243284661019205,-0.05545434002870608,0.10407314505044218,0.5792995488395006,-0.03312223091456318,0.19150468704071166,0.5603561160237952,-0.06676862142271334,0.20391438074238694,0.6328763971895862,-0.06183333493909496,0.19442381036990916,0.6764378758698429,-0.04886349259628133,0.09729074074155619,0.6105294677682402,-0.05237997379630888,0.17750446586503443,0.614453429756165,-0.07365207552862778,0.18411278206048706,0.669957704910577,-0.06740684898366936,0.16930204846246713,0.6989161562700987,-0.056895980441436796,0.0,0.0,0.0,0.0,0.0,0.0,0.0,0.0,0.0,0.0,0.0,0.0,0.0,0.0,0.0,0.0,0.0,0.0,0.0,0.0,0.0,0.0,0.0,0.0,0.0,0.0,0.0,0.0,0.0,0.0,0.0,0.0,0.0,0.0,0.0,0.0,0.0,0.0,0.0,0.0,0.0,0.0,0.0,0.0,0.0,0.0,0.0,0.0,0.0,0.0,0.0,0.0,0.0,0.0,0.0,0.0,0.0,0.0,0.0,0.0,0.0,0.0,0.0,0.4317932995735732,0.4085522395989002,0.02559161398607026,0.4830532479226574,0.4119807583120042,0.007329333348944793,0.5663285105053762,0.40813457259182384,-0.00474895216995982,0.6219070158639453,0.3915884383238176,-0.0012355612734837379,0.519994466968075,0.5182963908667372,-0.06817569834797843,0.5240925439444901,0.5339584826097409,-0.032625891638794785,0.5185247255528508,0.5012195439399996,-0.07401025594585212,0.5180961566080247,0.477324896648212,-0.07086649098010817,0.5059951845216988,0.5025123644041475,-0.07110133532013196,0.5320077322684148,0.5001293737725765,-0.07384682281510788,0.48280017648888224,0.596353533376374,0.021416979824139107,0.5891407747332583,0.5935693719844678,0.005222654288130111,0.5302224309546936,0.5750461482480431,-0.03056257372902703,0.5333940235432224,0.6329296093229783,-0.010342624573313901,0.46998995057713416,0.6015501007016265,0.024921643288204266,0.6019380336932015,0.5922038437070919,0.006278745599650439,no,2025-11-18T07:30:19.355475
0.1438879524697475,0.823838450015328,6.907371941843928e-07,0.19999960536910186,0.7534111415458031,0.0001347283084718187,0.23808613220769786,0.6545614426621909,-0.007736873269606632,0.2693664093801313,0.5904293489053953,-0.02142509495235002,0.3059953075663613,0.5411267781414473,-0.033886310010259914,0.16151319716287024,0.5610052198695462,0.0016850000230480757,0.20844127766819542,0.49830917281336495,-0.02316858213384749,0.2462255118056938,0.46253809320920347,-0.03898772822249878,0.27753029640495275,0.4358624109849677,-0.048225914778832535,0.12651529309932483,0.5607060665302943,-0.014727759952076813,0.18582224142078035,0.4805963367842334,-0.044003929362903614,0.2394275874468666,0.45690709299642446,-0.05390717861853518,0.27790709942560726,0.4425019452891964,-0.05487141395506406,0.10334006352158187,0.579454352247204,-0.033252401574120044,0.19096568225307525,0.559787142141231,-0.06653768073413041,0.2030405509835859,0.6329289083764398,-0.06136026877980062,0.19329813158866782,0.6771874533310396,-0.048335712248152876,0.09658519989910985,0.6106616781685592,-0.05268510645493907,0.17675442292637555,0.6134731147575381,-0.07370508551574059,0.18361001202433458,0.6695137955590789,-0.06712989927167896,0.1690349440663242,0.6993216669450164,-0.05642905729704381,0.0,0.0,0.0,0.0,0.0,0.0,0.0,0.0,0.0,0.0,0.0,0.0,0.0,0.0,0.0,0.0,0.0,0.0,0.0,0.0,0.0,0.0,0.0,0.0,0.0,0.0,0.0,0.0,0.0,0.0,0.0,0.0,0.0,0.0,0.0,0.0,0.0,0.0,0.0,0.0,0.0,0.0,0.0,0.0,0.0,0.0,0.0,0.0,0.0,0.0,0.0,0.0,0.0,0.0,0.0,0.0,0.0,0.0,0.0,0.0,0.0,0.0,0.0,0.4399072961300178,0.40722002598746126,0.020083417780933432,0.492750039097666,0.41053428262604147,0.004857398690097039,0.5759590192945887,0.40616498534204687,-0.0021467283962114786,0.630459437878872,0.39009078779403467,0.004491380036131389,0.5348604765870648,0.5162309855697058,-0.06839075810119144,0.5373443011565865,0.5319583951764066,-0.032779962009687844,0.533610055504468,0.499174924257483,-0.07424223200138942,0.5327718296105461,0.4753696141613939,-0.07108861360953231,0.5207751544022678,0.5005177402579515,-0.07189862685067305,0.5469728004317691,0.49802214001796397,-0.07350202194699028,0.4914953364667922,0.5955637407844852,0.018087971946663374,0.5997480163606173,0.5914465059270788,0.008802305600353631,0.5430362895778411,0.5734559130408001,-0.030698864563340304,0.5456328316358843,0.6304910709979301,-0.010681907913786029,0.47877400871103715,0.6006878606764359,0.021048710086082018,0.6118267598714269,0.5899708808035886,0.01035060861734703,no,2025-11-18T07:30:19.480038
0.14377700562425516,0.8243367560211528,6.872618663433553e-07,0.19953139362311906,0.7539316850459729,-0.0004602283380539318,0.23736143757859182,0.6557182880882976,-0.008639925353491805,0.2685075531397727,0.5915391361512298,-0.022468060503485383,0.30509556442580454,0.5417126667577964,-0.03504405185535826,0.16156476872122472,0.560882501330342,0.000964631631242895,0.2079501625524548,0.4986911453923926,-0.024050219748118527,0.24553218770845756,0.4629674851298016,-0.04002859369630093,0.27660532979160296,0.4363325779251926,-0.0492806684685369,0.12640323935838588,0.5607170698252057,-0.015061919965956877,0.185217056629675,0.48192198726647584,-0.04425361723512937,0.23867596986755638,0.45783412430087034,-0.054134374622516225,0.27719081744542384,0.4430347596566984,-0.05510994610636008,0.10297949439750015,0.5796757885751553,-0.03323164131426072,0.19038015603265793,0.5613480448045175,-0.06656079491423203,0.20280929448040225,0.6338048579834622,-0.06145028719713603,0.19361293333946178,0.6776749842472306,-0.048418030065331054,0.0959889594051404,0.6112284921871544,-0.05234318147532663,0.1755869353530155,0.6142392741584779,-0.07339040234673176,0.18263314907237466,0.6701616216622146,-0.0667646212917328,0.168591701035161,0.7000780302231491,-0.055951278148558145,0.0,0.0,0.0,0.0,0.0,0.0,0.0,0.0,0.0,0.0,0.0,0.0,0.0,0.0,0.0,0.0,0.0,0.0,0.0,0.0,0.0,0.0,0.0,0.0,0.0,0.0,0.0,0.0,0.0,0.0,0.0,0.0,0.0,0.0,0.0,0.0,0.0,0.0,0.0,0.0,0.0,0.0,0.0,0.0,0.0,0.0,0.0,0.0,0.0,0.0,0.0,0.0,0.0,0.0,0.0,0.0,0.0,0.0,0.0,0.0,0.0,0.0,0.0,0.44672892174569584,0.40638656424037367,0.01559294464078429,0.5014086616024371,0.409990991205637,0.0030078464790247407,0.5847837887362684,0.4051711020088301,0.00042993025212515715,0.637568300024641,0.38886354584785354,0.009831433460243467,0.548241965340499,0.5146711394427966,-0.06844751227102991,0.5494146766326755,0.5306571393873671,-0.03301261933470747,0.547172938614203,0.49759064692412114,-0.07423965894011922,0.5459342319992581,0.4738946615643014,-0.07099119650327156,0.5341285542500078,0.49902021110473715,-0.07239043467572753,0.5603624826362337,0.4964068685729392,-0.07299543689612736,0.5004780716567054,0.5953264391693269,0.01481196004453635,0.6089306478516343,0.5901606912131274,0.01154564166009851,0.5543623008157608,0.5725454902518606,-0.031065584547338067,0.5565276108100076,0.6291873420537594,-0.0114771743710845,0.4868794667521403,0.6003912087424538,0.01725644495369722,0.6210104437155444,0.5881536871478575,0.013473295316239968,no,2025-11-18T07:30:19.625297
0.14298658457968663,0.8243606630714589,6.883427549253403e-07,0.19884235529887948,0.7547121265310126,-0.0007109841868088196,0.2369354325034187,0.6564977274658559,-0.00895839101089264,0.2680778567986919,0.5916236299175797,-0.022801108782531113,0.3050382192436945,0.5414562350550762,-0.03541526019550998,0.16226483949500414,0.5615566931795906,0.0011550194826996146,0.20889880640440123,0.4997251052718036,-0.023776048244883122,0.24626082325390986,0.4639784842431387,-0.03957493938860533,0.27697772874429694,0.4374253126289781,-0.04870872518482902,0.12699565886900846,0.5610615728898215,-0.014742891498463487,0.18562893020988375,0.48139897809979065,-0.04384198956594134,0.23847887815467966,0.45726391659875365,-0.053676099585499557,0.27639866523440015,0.44230247611607654,-0.05458016044124252,0.10332561943166405,0.5798667643933211,-0.032858576234098553,0.19032490998129858,0.5616854846138677,-0.0663127961280278,0.20203200251773942,0.6336698831390699,-0.06161955160106378,0.19227918246477102,0.6767986890230293,-0.04883576180638531,0.09607375429735399,0.6112200748556316,-0.05188151968237023,0.17550485405908756,0.6143314831924439,-0.07300750561052638,0.18243305506549565,0.6696186745624916,-0.0666951640716076,0.16825940859539268,0.6987136998745292,-0.05613987494928956,0.0,0.0,0.0,0.0,0.0,0.0,0.0,0.0,0.0,0.0,0.0,0.0,0.0,0.0,0.0,0.0,0.0,0.0,0.0,0.0,0.0,0.0,0.0,0.0,0.0,0.0,0.0,0.0,0.0,0.0,0.0,0.0,0.0,0.0,0.0,0.0,0.0,0.0,0.0,0.0,0.0,0.0,0.0,0.0,0.0,0.0,0.0,0.0,0.0,0.0,0.0,0.0,0.0,0.0,0.0,0.0,0.0,0.0,0.0,0.0,0.0,0.0,0.0,0.44777071814461455,0.4057508459019251,0.014760983092769398,0.5024648135893045,0.41002312056753254,0.0022050331764388842,0.5863679330625159,0.4051756142187171,-0.0004405882940117055,0.6391455854256811,0.3891369910006327,0.008847987882856491,0.5490160546535869,0.5157534442960596,-0.06829824888806699,0.5501078576873705,0.531624837203144,-0.03260972262335311,0.5480180853749879,0.4985818494267975,-0.07422585543408129,0.5468757907165784,0.4746581047270054,-0.07117941641312336,0.5349351503378182,0.4999021253010563,-0.07237670448090347,0.5612248304332597,0.4974079208949749,-0.07299991210760767,0.5004642221763141,0.5947540182010728,0.016108316832797405,0.6090245845325829,0.5906403777358514,0.01272933852642987,0.5542752463532387,0.5720592546397854,-0.030110175449161322,0.5565571170009205,0.629380045595819,-0.010471017632435227,0.4867175364394628,0.5999011097423206,0.018473994303652295,0.6217395470282892,0.5884179309152373,0.01457128240175087,no,2025-11-18T07:30:19.750722
0.143607998329272,0.8237400325016109,6.804647173047566e-07,0.1993484167694463,0.7545234371611514,-0.0005940963840481168,0.23715608355889548,0.6560337000251948,-0.008761768743461495,0.26818038846041925,0.5914892980406075,-0.02248968562734191,0.30510551013072784,0.5419662359376486,-0.035078289955743344,0.1619353819314544,0.560476927093259,0.0004282366751504227,0.2084645076748378,0.4989790031840738,-0.02440721700432375,0.24613852125610913,0.46373704819380446,-0.040173090809867966,0.2770894522169971,0.4377161250663964,-0.049285761744097364,0.1267436176510951,0.5605619012615763,-0.01552048195553677,0.18545626574695542,0.48116712682722385,-0.044338551277445085,0.23861587495323247,0.4577056615884088,-0.05394603362034072,0.27662323739377326,0.44336870846552423,-0.05482308614365402,0.10333529816683605,0.5799313174917655,-0.03358900899982267,0.1900701932590247,0.560804328305469,-0.06712799457323212,0.2024724794969755,0.6331533939277808,-0.0622334115813432,0.19318999727114666,0.6766610084252415,-0.04933508297354807,0.09654210516147721,0.6117708152350515,-0.05250588505325844,0.17550288425677385,0.6133595701789856,-0.07384420011189619,0.18280119509618625,0.6691493731966205,-0.06727617751910686,0.16895035481563686,0.6991134484098598,-0.056513843930876856,0.0,0.0,0.0,0.0,0.0,0.0,0.0,0.0,0.0,0.0,0.0,0.0,0.0,0.0,0.0,0.0,0.0,0.0,0.0,0.0,0.0,0.0,0.0,0.0,0.0,0.0,0.0,0.0,0.0,0.0,0.0,0.0,0.0,0.0,0.0,0.0,0.0,0.0,0.0,0.0,0.0,0.0,0.0,0.0,0.0,0.0,0.0,0.0,0.0,0.0,0.0,0.0,0.0,0.0,0.0,0.0,0.0,0.0,0.0,0.0,0.0,0.0,0.0,0.44322058727703445,0.40502578270075656,0.01859300253450096,0.4962891849871724,0.41013695176707315,0.00397500225568656,0.579591675652962,0.40659267597437165,-0.001957798646038946,0.6339998108784289,0.3909588858964345,0.00539702655424747,0.5390964429495047,0.5167772155314374,-0.06824517172625243,0.5410560772335016,0.5328258193946476,-0.032627455447676236,0.538076960749704,0.49956781809070283,-0.07415136201388703,0.5373280127651343,0.47558845726119253,-0.07105953451743471,0.5251602996352329,0.5007179360102083,-0.07192518873346702,0.5513254465085915,0.4986040779640051,-0.0732943130555853,0.49331484305036105,0.5947508105703392,0.018112387274213968,0.6019725502733411,0.5921678005336515,0.010128478364871015,0.5449282983398884,0.5723238491979444,-0.03018827489937772,0.5470285108167444,0.6298311940148742,-0.010845344314252568,0.4798489731500369,0.5993031113382166,0.020812899032686474,0.6147073708842923,0.5904040254723434,0.011648652303998861,no,2025-11-18T07:30:19.880794
0.1443542363434385,0.8239997462369962,6.82854701593846e-07,0.20006404660341212,0.7551113570426424,-0.001461575103476471,0.23762219666187878,0.6572283234775632,-0.010011715140226547,0.2684291244794238,0.5922934924040928,-0.023958449283004127,0.3049764199928465,0.5421432437012461,-0.03670518986875226,0.16163999976833188,0.5611961921709734,8.369976593168002e-05,0.20775279622061288,0.500112012502071,-0.025183213737321273,0.24554805120928092,0.4646240211948713,-0.0413237194539538,0.2766032246102762,0.4381807439602001,-0.05068574646130974,0.12671611606937155,0.5609819918524068,-0.015518613441054308,0.18553116407960868,0.4820704406165996,-0.04482197804477132,0.2390165947413257,0.4587983861235272,-0.054734057065597724,0.27699529541655216,0.4442522552480438,-0.05573123717363747,0.10363185384182372,0.5801202648497799,-0.033350825211881666,0.19046542607153658,0.5615887150083712,-0.067517392027436,0.20311548628140477,0.6344415322261889,-0.06281765590659072,0.19369952569179053,0.678068187747243,-0.0498680109061342,0.09701952342357689,0.6118243667392298,-0.052100547024896394,0.1761250808179049,0.6141936181354523,-0.07396225916220267,0.18342599675616197,0.6706800034756754,-0.067588495817554,0.1692199139600569,0.7009096542738996,-0.05685330082829625,0.0,0.0,0.0,0.0,0.0,0.0,0.0,0.0,0.0,0.0,0.0,0.0,0.0,0.0,0.0,0.0,0.0,0.0,0.0,0.0,0.0,0.0,0.0,0.0,0.0,0.0,0.0,0.0,0.0,0.0,0.0,0.0,0.0,0.0,0.0,0.0,0.0,0.0,0.0,0.0,0.0,0.0,0.0,0.0,0.0,0.0,0.0,0.0,0.0,0.0,0.0,0.0,0.0,0.0,0.0,0.0,0.0,0.0,0.0,0.0,0.0,0.0,0.0,0.4371895351527232,0.4043006611448424,0.022887056905325356,0.48989751502852885,0.4092425325327447,0.006135460069600959,0.5737721840808298,0.40716678347706925,-0.0032191568935395166,0.6286809078176783,0.3913034253061961,0.002078024734060333,0.5287383338271235,0.5164566328778708,-0.06801514661337227,0.5316952072339993,0.5327835936057863,-0.03269532859552028,0.5276342748141678,0.4991207775699028,-0.07381857312325173,0.5272446910444324,0.4751216404014169,-0.07061206279571229,0.5150096351386614,0.500186457261963,-0.07120926088756749,0.5408791632166828,0.4983258490110324,-0.07334625413135215,0.4864489340144994,0.5944939796660442,0.01965111202970561,0.5932964236142249,0.5934923320352431,0.0069490978884702275,0.5351741840172037,0.5725536298735541,-0.030524132472402998,0.5373058165350812,0.6306612189270691,-0.011420609329777575,0.47362461298454905,0.5989923700211438,0.022725782436358095,0.6072742741739119,0.5918758172577323,0.00815751574562748,no,2025-11-18T07:30:20.007153
0.1442032666101729,0.8235659517813705,6.839892123407228e-07,0.20014055739937758,0.754639158879445,-0.0010248069034515949,0.23775389551492987,0.6563790900796935,-0.00923586696201715,0.2686616898203546,0.5915967183547564,-0.023002545830488365,0.30504121700306847,0.5414276511227025,-0.03558280762282218,0.16170061946968,0.5612693945893624,0.0011227595104555857,0.20821806898108738,0.4999998884779795,-0.024043243309712595,0.2459847463225474,0.46454745716973944,-0.04013338587291196,0.27704744176814317,0.43822692300262966,-0.0494768833071777,0.12686929553678386,0.5610172465270182,-0.014718388813616973,0.18552631629988658,0.48124502329349117,-0.04407419099522787,0.23874029629110352,0.45779280735390837,-0.054027882529671764,0.2767043084558042,0.443050877594458,-0.054961012795846025,0.10372352589323242,0.5800614055801023,-0.03281906614774419,0.19079189281863573,0.5609340123789872,-0.06679861232045209,0.20335772294664872,0.6337713785627405,-0.061910795249299655,0.19400005136813875,0.6772981121708169,-0.04880804428346661,0.09688262643499401,0.6115184293641828,-0.05183831248148811,0.17594129663406155,0.6141315399789811,-0.07338735231197635,0.18311274998168436,0.6699277247545765,-0.06687628607291579,0.1689412459137824,0.6991723378371757,-0.05606823737351015,0.0,0.0,0.0,0.0,0.0,0.0,0.0,0.0,0.0,0.0,0.0,0.0,0.0,0.0,0.0,0.0,0.0,0.0,0.0,0.0,0.0,0.0,0.0,0.0,0.0,0.0,0.0,0.0,0.0,0.0,0.0,0.0,0.0,0.0,0.0,0.0,0.0,0.0,0.0,0.0,0.0,0.0,0.0,0.0,0.0,0.0,0.0,0.0,0.0,0.0,0.0,0.0,0.0,0.0,0.0,0.0,0.0,0.0,0.0,0.0,0.0,0.0,0.0,0.4355373759328374,0.40381549361258234,0.024463958212880346,0.48719775460651144,0.40946535362866177,0.006755549035134027,0.5709522624944401,0.40741938574373787,-0.004135602337592885,0.6264962370852613,0.39252351486390585,0.00023661993596100096,0.5243673394351529,0.5163548435099345,-0.0679494978786771,0.5276199977972975,0.5328137109035401,-0.03256894171351255,0.5233151971566872,0.4990801243596737,-0.07377079192103711,0.5231991132052454,0.47508182785775954,-0.07058528675822107,0.5107187000156197,0.500018007569275,-0.07098214406106089,0.5366608068700296,0.49843778929834,-0.07346778209068142,0.4832423579374255,0.5939771505462179,0.020410982367770954,0.5900480524004504,0.5938679292469917,0.0056744381049278056,0.5312713647747151,0.5728278434268436,-0.030594476348224854,0.5332582814116904,0.6309378592003204,-0.010967813848027396,0.47062942191833806,0.5988788418232398,0.023760718798750222,0.6031939884739799,0.5936800071987361,0.006847964756199518,no,2025-11-18T07:30:20.129543
0.14369083499385293,0.8246809799457084,6.769937066301155e-07,0.19962043648510444,0.7554929307275643,-0.000853936873031737,0.23725942402766376,0.6573012999341034,-0.008928723464728162,0.26815346482518587,0.5926187315204415,-0.022540571874320587,0.3043108846713112,0.5425984755533404,-0.03497577121479911,0.1607824033551403,0.5614400168423344,0.0009543465134547686,0.2068820750236095,0.49988001969370166,-0.023787087726521584,0.24479017322536062,0.46466891560517154,-0.03977222319248892,0.2760747603413928,0.4385140760013606,-0.04913641276214464,0.12607582136954243,0.5611997403117727,-0.014762569056392779,0.18514634913943762,0.4828932644343356,-0.0433021291301308,0.23864109870135314,0.4598417822189006,-0.05292780563899665,0.27664045843761126,0.4452989480612213,-0.05395943956836083,0.10316383088208297,0.5803407876098449,-0.032657377397387985,0.19012911012372674,0.5612644877263588,-0.06574879951478499,0.2026333195908094,0.6342256758440992,-0.06044371156779749,0.19320307719154237,0.6780989385927327,-0.04740859870556845,0.09652771056733145,0.6120918624825369,-0.05150256315104431,0.17526060750930678,0.6143120675873757,-0.0725679870368876,0.1824621083973859,0.6703917128621363,-0.06577614387044609,0.16834571284069552,0.7002092997169277,-0.05490567696555414,0.0,0.0,0.0,0.0,0.0,0.0,0.0,0.0,0.0,0.0,0.0,0.0,0.0,0.0,0.0,0.0,0.0,0.0,0.0,0.0,0.0,0.0,0.0,0.0,0.0,0.0,0.0,0.0,0.0,0.0,0.0,0.0,0.0,0.0,0.0,0.0,0.0,0.0,0.0,0.0,0.0,0.0,0.0,0.0,0.0,0.0,0.0,0.0,0.0,0.0,0.0,0.0,0.0,0.0,0.0,0.0,0.0,0.0,0.0,0.0,0.0,0.0,0.0,0.4377979377537493,0.40361040116801605,0.02322099223442279,0.4899684775992762,0.41028006918264753,0.0061554936892847766,0.5744656155573702,0.4081449966791275,-0.003822258183409296,0.6293581930627417,0.39337650817486525,0.0010781416653811598,0.5273288523271346,0.5171024722520223,-0.06802507573372446,0.5302468737651344,0.5334069346067383,-0.03254632413443953,0.5263200729721882,0.49987611316708047,-0.07387181775421782,0.5261451760903851,0.4759185446394816,-0.07071842185749455,0.5136794729650395,0.5007397567295837,-0.07119450384543943,0.5396387063143483,0.49928782742085276,-0.07346567062068861,0.4856162792284936,0.5939631150298839,0.020005168131181143,0.5921997018307947,0.5940810300245731,0.006591430409327283,0.5351898801755961,0.5734103757138949,-0.030555574613841164,0.5368381253192638,0.6308739407772233,-0.010703007898513878,0.4723527868830887,0.5990431215494373,0.023262785534617095,0.6051580856600246,0.5941206132070647,0.007851975582544406,no,2025-11-18T07:30:20.253809
0.1438622378084728,0.8251782337320095,6.810238414213864e-07,0.19941802117004626,0.7567227806237156,-0.0015304572813352353,0.23690910205089166,0.6585661734961044,-0.00991947754240074,0.26733272077204423,0.5931303937543766,-0.023716181869775095,0.30371796915774574,0.542388791609678,-0.03630329499951801,0.16178015947605112,0.562370641041025,0.0004123801338532771,0.2080588045477659,0.500741781726047,-0.024577305169367836,0.2458988014125613,0.46553381578903597,-0.04047319268586028,0.27698786218153776,0.43946937835559974,-0.049677842047085086,0.12691784761828867,0.5618735928045069,-0.015030193992674882,0.18577838066589114,0.48296453363776104,-0.043786745106461536,0.23875435469716552,0.45982473808859153,-0.053359725776656416,0.2764553196891196,0.4454722296057907,-0.054225110944430124,0.1036223470895343,0.5806475504440216,-0.032761648285075905,0.19044363195996136,0.5622554583464405,-0.06616503927708396,0.20236512933886175,0.6348166512364875,-0.06126216291828862,0.19277972006521166,0.6783070076150004,-0.0483845934492541,0.09655683860700137,0.6120287295792048,-0.05146749322231743,0.17530094291194862,0.6150162890350819,-0.07271475473651479,0.1825213865756499,0.6710278562098158,-0.06626659477834553,0.16861413082487353,0.7006766994762312,-0.05560008517138142,0.0,0.0,0.0,0.0,0.0,0.0,0.0,0.0,0.0,0.0,0.0,0.0,0.0,0.0,0.0,0.0,0.0,0.0,0.0,0.0,0.0,0.0,0.0,0.0,0.0,0.0,0.0,0.0,0.0,0.0,0.0,0.0,0.0,0.0,0.0,0.0,0.0,0.0,0.0,0.0,0.0,0.0,0.0,0.0,0.0,0.0,0.0,0.0,0.0,0.0,0.0,0.0,0.0,0.0,0.0,0.0,0.0,0.0,0.0,0.0,0.0,0.0,0.0,0.44010126787570736,0.4029222095084923,0.022029028533435874,0.4928373241983121,0.4092081290832824,0.005712681925647485,0.5774288093083787,0.407728307503611,-0.0031437802704297117,0.6321690185780322,0.39357671579645515,0.002383397099709494,0.5307859795845877,0.516262408229893,-0.06825513434413236,0.5333343545938252,0.5325161623297668,-0.03267036445467189,0.5298653408703257,0.4990581579162047,-0.0741099511913999,0.5296458085366018,0.4751653439349599,-0.07093836333400927,0.5171000800341554,0.4998735206854248,-0.07155802679144645,0.5431781750260707,0.49850881775648503,-0.07357201500499685,0.487141034297131,0.5936076187160375,0.019297295118962,0.5950512383207929,0.5939904380507692,0.007443821761049397,0.5383293694472341,0.5729657033083787,-0.030698458859340243,0.5396657939409124,0.6308059803602303,-0.01079502572456221,0.4742000619691475,0.5984531594380487,0.02243894607353051,0.6076242303033095,0.5935538368769698,0.008798221398147146,no,2025-11-18T07:30:20.389825
0.14461731427777155,0.8249931772297743,6.809536364178226e-07,0.20025857435054895,0.7563120586468187,-0.0015345190734672252,0.23767050139528073,0.6582380218219047,-0.009919595396846722,0.2679770529347739,0.5926501373106905,-0.02379707264675202,0.30455781434896106,0.541603652024703,-0.03649443862493734,0.1633785271657752,0.5611554001809281,0.001259913922802071,0.20921550704835806,0.5002066204620226,-0.023858952560257933,0.2469184340667619,0.46499852486839494,-0.03996002475620204,0.27787589112513933,0.4391952361481673,-0.04932185482793536,0.12825230192384465,0.5610821137183087,-0.014322035439670353,0.18664731146579622,0.4818804800862069,-0.04356557855272437,0.23990446715637925,0.45938354590701247,-0.05348047301339306,0.27778251805226245,0.44571861082607345,-0.05441029627438391,0.10454337297523285,0.5804700366756393,-0.03227614238246525,0.19156734494020866,0.5617183825927149,-0.0663059213936365,0.20312976794797244,0.6344386064467197,-0.06164929203412886,0.19304306816916436,0.6772674078068288,-0.04876220301897291,0.09712496586402658,0.6123444495903226,-0.05117617549804913,0.17655734819881413,0.6149520315128565,-0.07290040766005312,0.18317304483649666,0.6703723456158942,-0.06669029516520425,0.16840728949013833,0.6987883249902671,-0.056116141782363155,0.0,0.0,0.0,0.0,0.0,0.0,0.0,0.0,0.0,0.0,0.0,0.0,0.0,0.0,0.0,0.0,0.0,0.0,0.0,0.0,0.0,0.0,0.0,0.0,0.0,0.0,0.0,0.0,0.0,0.0,0.0,0.0,0.0,0.0,0.0,0.0,0.0,0.0,0.0,0.0,0.0,0.0,0.0,0.0,0.0,0.0,0.0,0.0,0.0,0.0,0.0,0.0,0.0,0.0,0.0,0.0,0.0,0.0,0.0,0.0,0.0,0.0,0.0,0.4418234685964764,0.4026615154779324,0.021663788370061422,0.4942320061009261,0.4090111008461151,0.005633203783434146,0.5792488711592401,0.4080756868214161,-0.0028653508572962193,0.6338386885282892,0.3938584200587195,0.0028072283133670603,0.5323801049370235,0.5161853115425435,-0.0682049842775025,0.5347940226567148,0.5325579547553527,-0.032632731236659065,0.5315009437410558,0.4989719394422256,-0.07405508783124606,0.5312777499351863,0.47505711349580027,-0.07088002918187242,0.5186625044450257,0.4997567394143295,-0.07154294765036953,0.5448431840210615,0.4984728429736252,-0.07347662262004832,0.48826098009545726,0.5937931608690203,0.018899813694553708,0.5956328557841605,0.5944999420974366,0.007569396521542255,0.539433959435226,0.5737651099263603,-0.03076459337473705,0.540870177529996,0.6310959811984105,-0.010916583059177896,0.4751750340124897,0.5990992165140683,0.022037001739083923,0.6086915421078315,0.5943874397550133,0.008983074357734223,no,2025-11-18T07:30:20.516775
0.14459278938108855,0.8254302958521308,6.767811288308379e-07,0.20037482999954281,0.7564569643533929,-0.0014064815169700833,0.23788742985537428,0.6585332295751216,-0.009901458609268164,0.26864638626963305,0.5934106518653367,-0.023832049309082337,0.3052881430333978,0.5430742936255717,-0.03654233230976214,0.16208008945054048,0.5619452404499612,0.00028949031189665704,0.20812958485781627,0.5006557856834344,-0.02457832695952655,0.24634669431209036,0.4660219011127482,-0.040577358505134255,0.2776645227253123,0.4405149025627616,-0.04992664715555055,0.1271442866883742,0.5620856528159568,-0.015310818541973963,0.18637593866231858,0.4830728441652653,-0.04401932646465373,0.24030038162611367,0.46089780260705543,-0.05363431044005949,0.27838602085073905,0.4475953998878292,-0.054586214370111644,0.10406757145446671,0.5816353317152001,-0.03311653993717951,0.19132255687142574,0.5618175457694714,-0.06659336433708848,0.20361122467795045,0.6345228117434862,-0.06155541132997451,0.19394853717019545,0.6779940006296412,-0.04864465296820285,0.09756032470743062,0.6137581496589766,-0.05187324808194273,0.1771867429351424,0.6155253369310498,-0.07332193883659738,0.18442864682077137,0.6716796947367343,-0.06673224231870137,0.17023613219709935,0.7015707095456096,-0.05595333894399797,0.0,0.0,0.0,0.0,0.0,0.0,0.0,0.0,0.0,0.0,0.0,0.0,0.0,0.0,0.0,0.0,0.0,0.0,0.0,0.0,0.0,0.0,0.0,0.0,0.0,0.0,0.0,0.0,0.0,0.0,0.0,0.0,0.0,0.0,0.0,0.0,0.0,0.0,0.0,0.0,0.0,0.0,0.0,0.0,0.0,0.0,0.0,0.0,0.0,0.0,0.0,0.0,0.0,0.0,0.0,0.0,0.0,0.0,0.0,0.0,0.0,0.0,0.0,0.44346507687903347,0.4028205788153593,0.020930205303812278,0.4958571827551292,0.4090276534942703,0.0052858949663994285,0.580617768442474,0.40837760097239173,-0.0026143129476873233,0.6353967066584775,0.3943351890666446,0.0033653839256517545,0.5346230868885251,0.5170023878746195,-0.06806543107331584,0.5368841538912237,0.5331724238231415,-0.03253312053165961,0.5337930958672625,0.49978286045673903,-0.07390781356226762,0.5335696806507291,0.47580785469578374,-0.07074865876646569,0.5209437569432007,0.5005040098610496,-0.07146643060466475,0.5470965440407126,0.4992966817826805,-0.07326999436757078,0.4896272697279807,0.5940471029049844,0.018607535599568056,0.5981052839215908,0.5947425347732361,0.008080022236155362,0.5416896955722578,0.5744692439585415,-0.03056180598438181,0.5431172489040819,0.6314062652974627,-0.0107958059784999,0.4768820459674265,0.5991853463914183,0.021655191873579817,0.6102640771662051,0.594845904840733,0.009523404131644021,no,2025-11-18T07:30:20.637901
0.14518356202510085,0.8260763396756381,6.733837531596115e-07,0.20110609542923003,0.7565561200875394,-0.001225555329329215,0.23865544183160253,0.658343977801782,-0.009575783846609343,0.2693587675710043,0.5933229232742059,-0.023448900363776837,0.3057141637179318,0.542970798260082,-0.03613610498024995,0.16274398326906678,0.5623084509134572,0.0010023825944057876,0.20880888405889014,0.5015631693023648,-0.024131763549703367,0.2467871219325039,0.4666934786945348,-0.04036585936993582,0.27803409616051533,0.4410062930439235,-0.04986187870754174,0.12778757992198403,0.5625242712436412,-0.014750208811923928,0.18702450037421198,0.48362441212818014,-0.043981278263688445,0.24069212101172627,0.46172592008900437,-0.05394730638754169,0.2785719157216952,0.448429933325186,-0.05497480807035169,0.10456996038219399,0.5820251284068096,-0.0327557129770126,0.19195789433432203,0.5624014531959387,-0.0666420834556231,0.2046060486568959,0.63549555151307,-0.061676051299328495,0.19518725576962226,0.6790687380810865,-0.04863265827574075,0.09774186881323756,0.6141076996501975,-0.051704498013625706,0.17727700646398536,0.61654083523646,-0.07320644722582051,0.18427108211218698,0.6723012721959428,-0.06665479372576456,0.1697456646226433,0.7014341453707205,-0.05586932609631615,0.0,0.0,0.0,0.0,0.0,0.0,0.0,0.0,0.0,0.0,0.0,0.0,0.0,0.0,0.0,0.0,0.0,0.0,0.0,0.0,0.0,0.0,0.0,0.0,0.0,0.0,0.0,0.0,0.0,0.0,0.0,0.0,0.0,0.0,0.0,0.0,0.0,0.0,0.0,0.0,0.0,0.0,0.0,0.0,0.0,0.0,0.0,0.0,0.0,0.0,0.0,0.0,0.0,0.0,0.0,0.0,0.0,0.0,0.0,0.0,0.0,0.0,0.0,0.4444372917192027,0.4031978505858871,0.020841171415341024,0.49673788429004784,0.40940741576691053,0.005434448133545993,0.582074454861801,0.40907589259969074,-0.00204626774785882,0.6365889547257995,0.3948695255330782,0.0042209587873842545,0.5358718933855162,0.5172409335937581,-0.06844201502949392,0.5380286400559634,0.5334221398748276,-0.03282476597469115,0.5350651761494211,0.49997517475427894,-0.07426886565154472,0.5348339910307021,0.47602954962038335,-0.07103139623508717,0.5221832076933258,0.5006603861542034,-0.07187131398926588,0.5483930376835033,0.49951758320186423,-0.0735731205887651,0.49057136367906906,0.5948353278521046,0.018171274668921315,0.5987914663283186,0.5956406584464935,0.008253842039876625,0.5432052024480705,0.5748512027039869,-0.03086599116325576,0.5442698716577752,0.632798650760914,-0.011402622518550877,0.477375495186968,0.599010764969696,0.02111736741913835,0.6114934158223299,0.5949356029101736,0.009680726715829497,no,2025-11-18T07:30:20.763309
0.1460874000115548,0.8266294951208696,6.71333403513216e-07,0.20171022867956176,0.7573203278431471,-0.0013623748741703444,0.2388819499964783,0.658960077699414,-0.009689959051873559,0.2691902883360545,0.5933053744293088,-0.023532309125827627,0.30556179758772567,0.5428298820287532,-0.03612365167296914,0.16321231305615663,0.5622910958409448,0.0013808529429431644,0.20896905662342777,0.5018308946201308,-0.023908187546858195,0.2469099268519865,0.4671465396240237,-0.040222696711869156,0.2782469119623225,0.4416957150625349,-0.04973372844583478,0.12834801764692036,0.5623438717096196,-0.014315585193268988,0.18739779114932523,0.4836674995764344,-0.043869917255222976,0.2409482510004005,0.46217592043077843,-0.053938744198738536,0.2788981110333406,0.4492599920112563,-0.05488788089319567,0.1051431205106828,0.5816588788243765,-0.032345203216354354,0.19264701176142981,0.5629767375881122,-0.06649134319499181,0.2049512229330317,0.636204932176289,-0.061708856289861044,0.1953942924885213,0.6797184317598883,-0.04864968508619935,0.09820661903391331,0.6135639108507183,-0.051347634757941046,0.17796761927842136,0.6172457267517597,-0.07294183605015848,0.1847443207249015,0.6727236110182442,-0.0666670723787724,0.1701000833641781,0.7013125171262019,-0.0560364388433794,0.0,0.0,0.0,0.0,0.0,0.0,0.0,0.0,0.0,0.0,0.0,0.0,0.0,0.0,0.0,0.0,0.0,0.0,0.0,0.0,0.0,0.0,0.0,0.0,0.0,0.0,0.0,0.0,0.0,0.0,0.0,0.0,0.0,0.0,0.0,0.0,0.0,0.0,0.0,0.0,0.0,0.0,0.0,0.0,0.0,0.0,0.0,0.0,0.0,0.0,0.0,0.0,0.0,0.0,0.0,0.0,0.0,0.0,0.0,0.0,0.0,0.0,0.0,0.44491563563430536,0.4036069640521751,0.020767447263842883,0.4974120342766386,0.4102591319776554,0.005364085664668619,0.5826971786409225,0.4095241162341181,-0.001992828393810569,0.6369257091477203,0.3950970864798417,0.004409694805459491,0.536857679595285,0.5176678856296579,-0.06857323183492023,0.5389652463318453,0.5338579553324638,-0.03289026957472694,0.5360239158373143,0.5004457980838503,-0.07440798509451588,0.5357267079253242,0.47656977404248385,-0.07115217901520861,0.5231199403716262,0.5011702907428884,-0.07201734733586715,0.5493535234365545,0.49996338454412365,-0.07369536193942305,0.4915606895642965,0.5956325465382807,0.0179359352250642,0.5998459091647543,0.5960289533477737,0.008212732340630614,0.5443502966700496,0.5751424072868995,-0.031043195934594665,0.5453462958066098,0.6333665146924382,-0.011389819766139748,0.47819566118296153,0.5998345312542266,0.020905216508872705,0.6123059427687241,0.5954793428216639,0.009689018205506864,no,2025-11-18T07:30:20.899561
0.14528829946733288,0.8269808468703561,6.634890363680908e-07,0.20165941345591554,0.7556705689852027,0.00031485402380887603,0.23828783850646362,0.6568307149094299,-0.007084129288254318,0.268309238926061,0.5923565751541076,-0.020295953621947208,0.3049216651760802,0.5436490530386838,-0.032338943163340225,0.16190114557751298,0.5621406784594128,0.002645274418234621,0.20844208449982043,0.5018595848833076,-0.022098668341104688,0.24654866532504494,0.4674020826496126,-0.03823383512608762,0.27803342173471657,0.4423910503947318,-0.047781240332755874,0.12718538687331066,0.5626645267590457,-0.01381599090855943,0.1865914976607298,0.4844448450974747,-0.0429925494698585,0.24043590879010962,0.4628423973043556,-0.05302999801012824,0.2786804393171769,0.4503114797512031,-0.05410615976236512,0.10450537409549224,0.582425345431399,-0.03240910614802455,0.19229394281137135,0.5632869997468912,-0.06576744100190722,0.20480593850051243,0.6353913714703009,-0.06074628602230422,0.1951600164248675,0.6785577222352298,-0.047855059430692945,0.09828934550767168,0.6147614497586263,-0.051890568343492885,0.1781563368332338,0.6174552107689157,-0.07293774750381993,0.18504963438436237,0.6726556816802342,-0.06634558732468779,0.170409741706217,0.701608943442404,-0.055678740168993664,0.0,0.0,0.0,0.0,0.0,0.0,0.0,0.0,0.0,0.0,0.0,0.0,0.0,0.0,0.0,0.0,0.0,0.0,0.0,0.0,0.0,0.0,0.0,0.0,0.0,0.0,0.0,0.0,0.0,0.0,0.0,0.0,0.0,0.0,0.0,0.0,0.0,0.0,0.0,0.0,0.0,0.0,0.0,0.0,0.0,0.0,0.0,0.0,0.0,0.0,0.0,0.0,0.0,0.0,0.0,0.0,0.0,0.0,0.0,0.0,0.0,0.0,0.0,0.445137075210036,0.40431017324351004,0.01978875077557865,0.49822637856181173,0.41153848389272785,0.004704158113186032,0.5830689200356407,0.4098246114036115,-0.002174416181859165,0.6377554892994308,0.39532506945261314,0.004488441042461153,0.5381477848240401,0.5180797855100652,-0.0680858320686976,0.5401438580215745,0.5342905589917629,-0.03254603317241138,0.5373016302933825,0.5008802786691529,-0.07393653953240732,0.5369218795249484,0.4770647447759493,-0.07077119801070755,0.5244711707091896,0.5016474491529537,-0.07161237201097213,0.5505355514006656,0.500367751556272,-0.07317944259810089,0.49295152324226943,0.5957496729464169,0.01799511062153908,0.6008080060712535,0.596570029633329,0.00888850502830581,0.5454630704789609,0.5760036527458514,-0.030606243678182855,0.5464693784578856,0.6339819080877962,-0.010741382767784477,0.47925229066399816,0.6001932470533523,0.02090322752732406,0.61307940065606,0.5954322087185713,0.010408013165346414,no,2025-11-18T07:30:21.034692
0.14433280177224067,0.828131833547559,6.679848799597535e-07,0.20101969802329545,0.7561490941258564,0.00037660170175055134,0.23734149446475677,0.6570301288208343,-0.006997729606657295,0.2670444713907878,0.5925920668357818,-0.020265952805918176,0.303697023979985,0.5433176335998016,-0.03231116189548618,0.16052845090631784,0.5634326513081824,0.0032171748014240436,0.20751852915119348,0.5026287632363315,-0.0217847248784028,0.24614342190831867,0.46852565406150826,-0.038148004499636866,0.27801729058213337,0.44393955793795886,-0.047913294354395786,0.12606233977130346,0.5636291295580353,-0.013355271554796034,0.18620352774910803,0.48464106936117635,-0.0431934308661968,0.24094351160311603,0.4638256094912586,-0.05359891559468185,0.27980558351871876,0.45208570251064184,-0.05478503865789498,0.10365792689802879,0.582929009919679,-0.03210612421370554,0.19220786583536936,0.5626185734494191,-0.06580117161441607,0.2047461410852019,0.6355979825166904,-0.06071228904408153,0.1950219869650468,0.6793229125263827,-0.04768865127150931,0.097553404572035,0.6147653946600444,-0.05178067344312496,0.1779875783568597,0.6182366145073064,-0.0730608208306148,0.1844755094286047,0.6735102136485736,-0.0666992589590892,0.16947642103163635,0.7020335433383285,-0.05616568030187735,0.0,0.0,0.0,0.0,0.0,0.0,0.0,0.0,0.0,0.0,0.0,0.0,0.0,0.0,0.0,0.0,0.0,0.0,0.0,0.0,0.0,0.0,0.0,0.0,0.0,0.0,0.0,0.0,0.0,0.0,0.0,0.0,0.0,0.0,0.0,0.0,0.0,0.0,0.0,0.0,0.0,0.0,0.0,0.0,0.0,0.0,0.0,0.0,0.0,0.0,0.0,0.0,0.0,0.0,0.0,0.0,0.0,0.0,0.0,0.0,0.0,0.0,0.0,0.4450201350571817,0.40563315473508205,0.01899176433330925,0.49826620727864757,0.41306977083029794,0.0041230620410464556,0.5826674763657055,0.41084469937188783,-0.0024541937034784703,0.6371503054846,0.396034898770496,0.004393361682001827,0.5388998277757896,0.519930167994977,-0.0679210636364301,0.5408824436992791,0.5359290574480757,-0.03227984766592714,0.538003549235589,0.502752292912381,-0.07383640614234616,0.537524650928856,0.4788397183743409,-0.07077712716473374,0.5251783167350574,0.5035597267832792,-0.07155296529830796,0.5512244958140871,0.5021516933230732,-0.07304723382675468,0.4935606474567823,0.5966771526620207,0.018199542025967103,0.6014764217253545,0.597108878084563,0.009496024158655783,0.5453719423248992,0.5768852144153757,-0.030192214023694642,0.5466435193948058,0.6349912110591264,-0.010069220757746637,0.4802614360739196,0.60190253697501,0.02110442223617618,0.6136806169139523,0.5964064830252097,0.011079036183829919,no,2025-11-18T07:30:21.160551
0.14432901415878727,0.828325708147986,6.011830829239919e-07,0.20102167558645012,0.7543195092783518,-0.00013841714912134177,0.23602302427285995,0.6565665122787643,-0.007455340564116373,0.264471405092748,0.5913683803436264,-0.02063303959133313,0.3002157232126411,0.5419025509212234,-0.03255576543007914,0.1594133375585285,0.560537197960915,0.00413774146670843,0.20645987801467985,0.50354302908864,-0.020389074565039203,0.24562708605334146,0.4767453402200699,-0.03709675554810106,0.2779494564482933,0.46011775298326163,-0.04697045128510233,0.12579670857812608,0.5617084995057328,-0.01165614632855263,0.18627238437559543,0.4893605084163975,-0.040344935489393795,0.23913833761107872,0.47346995582480716,-0.051141933256320535,0.27659428753553583,0.46764950399198474,-0.05288867435252232,0.10355431376935359,0.5819487843539892,-0.02972468099314475,0.1910563970213834,0.5646085242144099,-0.062235091827157946,0.20280042243459542,0.6347583723618608,-0.05830219200691549,0.19308909774010702,0.677518076813347,-0.046460473630749774,0.09679231539489086,0.6146662180285696,-0.04872158670368108,0.1761394902291882,0.616267419478232,-0.0691900453630842,0.18296047950964384,0.6699290970739206,-0.06295066325654311,0.16864352740510422,0.699109089250341,-0.052590154117689775,0.0,0.0,0.0,0.0,0.0,0.0,0.0,0.0,0.0,0.0,0.0,0.0,0.0,0.0,0.0,0.0,0.0,0.0,0.0,0.0,0.0,0.0,0.0,0.0,0.0,0.0,0.0,0.0,0.0,0.0,0.0,0.0,0.0,0.0,0.0,0.0,0.0,0.0,0.0,0.0,0.0,0.0,0.0,0.0,0.0,0.0,0.0,0.0,0.0,0.0,0.0,0.0,0.0,0.0,0.0,0.0,0.0,0.0,0.0,0.0,0.0,0.0,0.0,0.4439477899731251,0.40685552518820445,0.018385787343711414,0.49870089545889623,0.41434051896007085,0.003845827028350152,0.5825387569416265,0.4115565050785907,-0.0022453791106223538,0.6370783835524654,0.396637068397127,0.004891811025293707,0.5403168741749889,0.5214948872735505,-0.06776291819149653,0.542174386636932,0.5372999774659507,-0.03217716259474622,0.5393781588760648,0.5043390635456528,-0.07367983339768255,0.5387649587976342,0.48035515500740666,-0.07063632906383888,0.5265198665374659,0.5052191706044692,-0.0714534201994603,0.5525789985288392,0.5036188192262339,-0.07283810809594303,0.4945236024702277,0.5979333362721114,0.01778609745713257,0.6025720192847659,0.5979943461162561,0.009750567516713927,0.5463774465538376,0.5774534597829899,-0.030055185293965163,0.5477765321697845,0.6363252909791635,-0.010113430890572041,0.4812996938670379,0.6032760403686085,0.02066665553782972,0.6145433266454527,0.596622121021577,0.0114018486441055,no,2025-11-18T07:30:21.307271
0.1463875188114951,0.8300508357272065,5.050500573575629e-07,0.20169797009217144,0.7557244998269352,-0.0013079348868552732,0.2338706704735462,0.6593667028804863,-0.00885073792927689,0.2606062856037776,0.5937035695491784,-0.022440005822788107,0.2953155349175541,0.5449321612047066,-0.03453856471674951,0.15848164252937869,0.5579863085217782,0.007879522661540631,0.20738973375516936,0.5073584367130517,-0.017676011711888574,0.24792887801431113,0.4915530547459602,-0.03654928783266812,0.28063678943859366,0.4852727927933581,-0.04779773300372479,0.12609557962132317,0.5607106931580177,-0.007362930951468183,0.1903763794155237,0.49937867973958605,-0.03769949480031805,0.2425692094559071,0.4979065572733655,-0.05018678153749922,0.27830005009024716,0.5037957352628228,-0.052707378598032206,0.10416549711943326,0.5819366114152759,-0.025533009873422503,0.19068512144713123,0.5641623486932035,-0.058754625271679864,0.20183679437865176,0.6342770850933602,-0.05596208664993926,0.19214124977680705,0.6777523791373405,-0.04478207868532518,0.09644362576366095,0.6153250607183101,-0.044808701321196125,0.17538721185043393,0.6121615353330644,-0.0655435964049775,0.1823175619303247,0.6648441900698583,-0.05964460223312042,0.1679412167154954,0.6954697429512813,-0.04944083281176599,0.0,0.0,0.0,0.0,0.0,0.0,0.0,0.0,0.0,0.0,0.0,0.0,0.0,0.0,0.0,0.0,0.0,0.0,0.0,0.0,0.0,0.0,0.0,0.0,0.0,0.0,0.0,0.0,0.0,0.0,0.0,0.0,0.0,0.0,0.0,0.0,0.0,0.0,0.0,0.0,0.0,0.0,0.0,0.0,0.0,0.0,0.0,0.0,0.0,0.0,0.0,0.0,0.0,0.0,0.0,0.0,0.0,0.0,0.0,0.0,0.0,0.0,0.0,0.4460324038595484,0.4085311301611646,0.016310577205434818,0.500432391241411,0.4152027781052948,0.0024866797976238614,0.5847080812925448,0.4119700158211176,-0.0024806876721843816,0.6383890107211637,0.39678361326770106,0.005282575773523271,0.5442197592997137,0.5233658959473374,-0.06759474025038084,0.545759463139633,0.5387998753410992,-0.03195266111550265,0.5432606004818099,0.5062172831995232,-0.07358964099755687,0.5424696530991497,0.4820668009600861,-0.0707183986947269,0.53036247280807,0.5071665690115699,-0.07149833707884277,0.5564382438475495,0.5052987251229131,-0.07263786114922122,0.49658542262736394,0.5990959625315024,0.018192109058361168,0.606167999598285,0.5978236887327191,0.011656493949904834,0.5498311948288139,0.5790115125395815,-0.02935287518342963,0.5513955712301559,0.6371594921654545,-0.008908966198256596,0.48385151996437226,0.6044010948207637,0.02088585794585244,0.6177054385092651,0.5961406288968664,0.013358459696217332,no,2025-11-18T07:30:21.443011
0.14693804153217424,0.8301049519174057,4.6283121181367104e-07,0.20154919955128134,0.7563677182819979,-0.0019444458377944375,0.23261475576756915,0.6604769109914821,-0.009912785835530492,0.2586663795868238,0.594697029182243,-0.02419230937153619,0.2929054652889772,0.5455044380986149,-0.03685419702776925,0.1569219752773694,0.5577540642950688,0.011062547580735745,0.20671451417782805,0.5101119900392651,-0.01617393691864265,0.24807492164026942,0.501759731022501,-0.03684675832435026,0.2815506766425909,0.5021516222839777,-0.048832165551597466,0.12543020847297123,0.5602650169319446,-0.003965309022374219,0.19252711202955827,0.5048952095444756,-0.03549170322286525,0.24304351276132452,0.5120977121350654,-0.04886790101824512,0.27697089472934294,0.522976722430682,-0.05136594587662707,0.10375427961111396,0.581017441392605,-0.02247562659610933,0.1906431755573974,0.5643155450550673,-0.0564447876567254,0.2011092825543352,0.6367158192533757,-0.053942118303082806,0.19156343489931354,0.6809194999724941,-0.042370166094085476,0.09561352927267863,0.6138278381193937,-0.042251365579521444,0.17470580747283965,0.6113658936373727,-0.06282207591244969,0.18133138469154936,0.6647188837274035,-0.05672690272030662,0.16695995086844792,0.6955339342045225,-0.04602796863922135,0.0,0.0,0.0,0.0,0.0,0.0,0.0,0.0,0.0,0.0,0.0,0.0,0.0,0.0,0.0,0.0,0.0,0.0,0.0,0.0,0.0,0.0,0.0,0.0,0.0,0.0,0.0,0.0,0.0,0.0,0.0,0.0,0.0,0.0,0.0,0.0,0.0,0.0,0.0,0.0,0.0,0.0,0.0,0.0,0.0,0.0,0.0,0.0,0.0,0.0,0.0,0.0,0.0,0.0,0.0,0.0,0.0,0.0,0.0,0.0,0.0,0.0,0.0,0.449712901787486,0.4111155871581427,0.0133751192684548,0.5048978424445886,0.41775431311346894,0.0006784275647274199,0.5887997977969224,0.4132738989876004,-0.002363103840456145,0.6427226163415694,0.3975399251297917,0.0066002628516783415,0.5505862669122012,0.525531729559362,-0.06762070380582015,0.5515561222177047,0.5409134295395224,-0.031712560275482804,0.5497011076978752,0.5085121006718747,-0.07375659949715338,0.5487493438568564,0.484452973191034,-0.07107436955200289,0.5366982747493719,0.5095460139598255,-0.07187913491763337,0.5628516855147782,0.5075070219013613,-0.07258881885643281,0.5012447803577951,0.6020657529866374,0.017918839288284836,0.6110446590646608,0.5988770471747397,0.013990738929815488,0.5559926247352688,0.5812690619338532,-0.028806521435780483,0.5574883997431908,0.6394667454513949,-0.007656444616462282,0.4880418468228157,0.6070186411870847,0.020424278083529552,0.6224708129836517,0.5978581040316393,0.015902618356070892,no,2025-11-18T07:30:21.579173
0.14679925177700098,0.8295373940762261,4.4624861417868855e-07,0.20110996679958554,0.7561867113424607,-0.002290359614669628,0.23210671550928813,0.6604137956713697,-0.010233867328597174,0.25770264036256474,0.5949403796538351,-0.024555825810584034,0.2911862212042115,0.5457223590296236,-0.037231572316331944,0.15560931337997574,0.5571165505515414,0.012857315138646394,0.20646296604563247,0.5120793593251287,-0.014695281408859557,0.248152741627153,0.5069100972254992,-0.03605898725412555,0.2818017756038577,0.5097362468185636,-0.04838694562634557,0.12467022837627138,0.5596071543190149,-0.002031547211038531,0.19357398731637293,0.5081731971470395,-0.03377652454906423,0.24336848440752917,0.5189356186865512,-0.04766549597232694,0.2766235180672243,0.531407726859796,-0.05027606357683187,0.10336904853463336,0.58043367010388,-0.020624239135929076,0.19066945419467618,0.5652156410082161,-0.05469132273170399,0.20027359941658715,0.6384144672820223,-0.05247226194347065,0.19049445167206888,0.6823983052268782,-0.04085610035110558,0.09510010728627599,0.6133887835425764,-0.040543428782302035,0.17406367714483276,0.6112157896932133,-0.060958738614665435,0.18021765525785735,0.6648313192002038,-0.05467649921624576,0.16566726294366535,0.6955946400606352,-0.043656793889446335,0.0,0.0,0.0,0.0,0.0,0.0,0.0,0.0,0.0,0.0,0.0,0.0,0.0,0.0,0.0,0.0,0.0,0.0,0.0,0.0,0.0,0.0,0.0,0.0,0.0,0.0,0.0,0.0,0.0,0.0,0.0,0.0,0.0,0.0,0.0,0.0,0.0,0.0,0.0,0.0,0.0,0.0,0.0,0.0,0.0,0.0,0.0,0.0,0.0,0.0,0.0,0.0,0.0,0.0,0.0,0.0,0.0,0.0,0.0,0.0,0.0,0.0,0.0,0.4522484836362433,0.4133729638671573,0.011378919686902408,0.5073319125362286,0.41980520922053755,-0.000610960682014796,0.5914326127885369,0.4144028118394957,-0.0024203336462158644,0.6455339241757285,0.39839974619526697,0.007318315223437056,0.5544115521496431,0.5275330347320736,-0.06768806364602645,0.5550817608406791,0.5429189933742686,-0.03155631866022332,0.5535555845286404,0.5105396911974486,-0.07393760684696536,0.5524784109516367,0.4864445529302414,-0.07139340192192124,0.5404497945993412,0.5116243820829096,-0.0721982873203241,0.5667082161857337,0.5094419994341096,-0.07263040298638482,0.5036370441000249,0.6043190116900046,0.01794747876998308,0.6141771146885804,0.5996679537860392,0.015612186648700335,0.5597050595161481,0.5828076483661423,-0.028351891259453275,0.56087733209091,0.6408077988998613,-0.00682030027165785,0.4905478948707966,0.6088754194743102,0.020323359222753086,0.6255533481574753,0.5988042220082666,0.01764663236216802,no,2025-11-18T07:30:21.712091
0.14708272384706525,0.8294514131693234,4.2631315417038154e-07,0.20123467155544386,0.7557918069518242,-0.0014935493400652445,0.23244169357865682,0.6602309614228736,-0.009259458804494672,0.2579449671844562,0.5955545978717326,-0.023594316651896936,0.290575299542154,0.5462959973057969,-0.036347735845170065,0.15393909997306893,0.5566299470000902,0.014174093496386424,0.205553100328095,0.5130600339334994,-0.013295136049456032,0.24770966611119918,0.5098132846871972,-0.034991325226536724,0.2814660000350908,0.5149404739112959,-0.0475203819827275,0.12315105200523241,0.559714230989082,-0.0010648850934161457,0.19395822576248792,0.5106769649370451,-0.03191787985977391,0.2429792174845263,0.5249627222060533,-0.045592280378188466,0.27447733322661294,0.5390845005987823,-0.048351153828449275,0.10236509829700075,0.5810452418627006,-0.02005256253686951,0.18980203174430693,0.5653561620644718,-0.05326178326593363,0.1998192947062718,0.6380187098716326,-0.05100963369411787,0.18985252268623892,0.6811504889972586,-0.039793742686753696,0.09464972962632853,0.6146577034434989,-0.04031500181738431,0.17382409153023726,0.6113372244326357,-0.0601982116647298,0.1802095183513942,0.6651590360935559,-0.05368829332216936,0.16534379734202234,0.696394876382933,-0.04269696469458107,0.0,0.0,0.0,0.0,0.0,0.0,0.0,0.0,0.0,0.0,0.0,0.0,0.0,0.0,0.0,0.0,0.0,0.0,0.0,0.0,0.0,0.0,0.0,0.0,0.0,0.0,0.0,0.0,0.0,0.0,0.0,0.0,0.0,0.0,0.0,0.0,0.0,0.0,0.0,0.0,0.0,0.0,0.0,0.0,0.0,0.0,0.0,0.0,0.0,0.0,0.0,0.0,0.0,0.0,0.0,0.0,0.0,0.0,0.0,0.0,0.0,0.0,0.0,0.4450574664961612,0.4121216834592668,0.015644128424936954,0.49900816620330257,0.4185231826608822,0.0014294463735544816,0.5828467218338742,0.41545750156755973,-0.004003077495832179,0.6381929540998882,0.4005730031807176,0.0036101423447231166,0.5419227589163133,0.5283454558502287,-0.0679564368549327,0.5436129450584773,0.5437402493459783,-0.03163330403946034,0.5410387399686354,0.5113745533166199,-0.07423517705782107,0.5404205213747136,0.4872344087521462,-0.0716631419962313,0.5280065220936769,0.5122688343844266,-0.07207736406335648,0.5544000313258991,0.5104696888917069,-0.07332774502246449,0.49460543616019614,0.6037747142323772,0.02002700259475173,0.6037178073938813,0.6025692459626912,0.012638678200917294,0.5475966536937735,0.5834111512628442,-0.028342354779492606,0.5488358780739584,0.6411940412708382,-0.007125051996632291,0.48207573564626716,0.6081249841931793,0.022844213434330244,0.6164289010036339,0.601115547846098,0.014404669040819499,no,2025-11-18T07:30:21.843563
0.14740475648196233,0.8283316052033598,4.346051503417571e-07,0.20145613853260091,0.7562084316093045,-0.0018263923202807325,0.23283717037960705,0.6608227923416858,-0.00937170078325596,0.25827924700279636,0.5962080099668263,-0.023490696492531053,0.2902878542150086,0.546325950227224,-0.035967107948224566,0.15456119272392307,0.5562249378230889,0.015492606444450326,0.2063409317634738,0.5129893425187364,-0.011856824453953222,0.24879063885317648,0.5104549407025158,-0.033634393183942304,0.28281423089637536,0.5165114867076926,-0.046172090632519945,0.12376520187017373,0.5591418907516517,0.00037778667753792243,0.19397047306877446,0.5096072777203688,-0.030542510812564986,0.24367468998577818,0.5238665039062188,-0.044594959492606806,0.27608226259490437,0.5386012825011581,-0.04736609389272691,0.10282583132356446,0.5807351925522914,-0.01860509117795729,0.18984674465099258,0.5640161766972139,-0.05208612806790334,0.2000821744875544,0.6375439377891335,-0.05007835343680064,0.1904107937589863,0.6813569927934596,-0.038724464297416425,0.09487558404453138,0.6145195679883815,-0.0388947015562847,0.17435509203691962,0.6108891267522218,-0.05907925665118967,0.18079852356425835,0.6649055130151922,-0.05267589073590615,0.16620054400763912,0.696381129693084,-0.041529165930311696,0.0,0.0,0.0,0.0,0.0,0.0,0.0,0.0,0.0,0.0,0.0,0.0,0.0,0.0,0.0,0.0,0.0,0.0,0.0,0.0,0.0,0.0,0.0,0.0,0.0,0.0,0.0,0.0,0.0,0.0,0.0,0.0,0.0,0.0,0.0,0.0,0.0,0.0,0.0,0.0,0.0,0.0,0.0,0.0,0.0,0.0,0.0,0.0,0.0,0.0,0.0,0.0,0.0,0.0,0.0,0.0,0.0,0.0,0.0,0.0,0.0,0.0,0.0,0.4336429759210008,0.4097901434206887,0.025385705283788057,0.4843707171129199,0.41599599529829845,0.006346002852754004,0.5668040915459044,0.4139664543455627,-0.006784976800898181,0.6244623673144551,0.4003589242139931,-0.0037937314127932135,0.5187131965653573,0.5256876002376601,-0.06817983298616309,0.5227399706733884,0.5415403130999605,-0.03208276144157942,0.5175898761994132,0.5085975032417908,-0.07434163541487779,0.5177501981835422,0.48454147333702585,-0.07158916108338367,0.5049438020758149,0.5093790258328841,-0.07129681127076057,0.5312567971933297,0.5080103347298195,-0.07428097477659021,0.4790870319972581,0.6014267741446158,0.024196029778263278,0.5870511847047073,0.6029260574124217,0.0062364065204872626,0.5260539454191219,0.5819499761326733,-0.029167950021749135,0.5280916117130656,0.6392465510461858,-0.0088771136137465,0.4674813671498395,0.6060621802450882,0.027784850169356473,0.6011423713201458,0.6025956984511709,0.007203181167436014,no,2025-11-18T07:30:21.967674
0.14714637961761004,0.8290649133957473,4.141030035689703e-07,0.2013657361473849,0.7563599407115736,-0.0010774233419531146,0.23231554032228796,0.6616073168766382,-0.008256757908032967,0.2572382752681752,0.5977047849936366,-0.022254361444581622,0.2894155392748627,0.5485929689814861,-0.03462148275800587,0.155226253436413,0.5563286818994442,0.016899146839127993,0.20601047223320784,0.5127350987534173,-0.010568835454078176,0.24804602673106593,0.5112871169577032,-0.03255892483818316,0.2816692870742787,0.517918639748576,-0.045149043581287976,0.12460734769879307,0.5593918346103687,0.0014614214218326232,0.19451230091741717,0.5100512317862098,-0.029676549727759904,0.2432701262123715,0.5252037194728696,-0.0438944851731871,0.2748521939910481,0.5399516539096519,-0.04663880916877271,0.10360238499924561,0.5806417692974623,-0.017889061261483548,0.19027225947101556,0.5644038684351242,-0.05145384657975664,0.2002363237478551,0.6383943067127125,-0.049540230334804855,0.190447710920154,0.6821046901108716,-0.038100406959713805,0.09547016893748214,0.6141182639708448,-0.038484446607986826,0.1742800560534978,0.6101676175467194,-0.05838825031985181,0.18052866704221524,0.6645286205842105,-0.05178524320926357,0.1657175474206706,0.6959529111142422,-0.040467589337011584,0.0,0.0,0.0,0.0,0.0,0.0,0.0,0.0,0.0,0.0,0.0,0.0,0.0,0.0,0.0,0.0,0.0,0.0,0.0,0.0,0.0,0.0,0.0,0.0,0.0,0.0,0.0,0.0,0.0,0.0,0.0,0.0,0.0,0.0,0.0,0.0,0.0,0.0,0.0,0.0,0.0,0.0,0.0,0.0,0.0,0.0,0.0,0.0,0.0,0.0,0.0,0.0,0.0,0.0,0.0,0.0,0.0,0.0,0.0,0.0,0.0,0.0,0.0,0.42627116661993947,0.4085356220853291,0.029091384957982705,0.47604373529786925,0.41497491801543646,0.00796162880874485,0.5594071350559418,0.4132944381627334,-0.008531596216370396,0.6158958083482371,0.398818795355135,-0.007572046987218169,0.5078378570326405,0.5246784811529182,-0.06751456588067958,0.5130231201595397,0.5405279638047715,-0.03181517254060058,0.5065186963203792,0.5076473405643769,-0.0735954694494204,0.50685094025636,0.4837142961959101,-0.07083694841726786,0.4941842924144028,0.5084253532370292,-0.07018445440533115,0.5201240491265263,0.5071110461948658,-0.07391745473496335,0.47117242570569845,0.6003606289031337,0.026061558699081992,0.5773965873970619,0.602893850124973,0.003488896478672273,0.5143459042891507,0.5789594784609289,-0.02912769366926223,0.5175355982034872,0.6382412154721285,-0.008541429957132507,0.46153105415845397,0.6047136219561928,0.03005876750704438,0.5932051363703695,0.6016910729880977,0.004159685578348672,no,2025-11-18T07:30:22.100419
0.14732580913491966,0.8295907118934913,4.260127917728138e-07,0.20153927655052198,0.7563201218564888,-0.0018268751466688294,0.23254770785998508,0.6616112250810804,-0.00965553396218351,0.25751588069324594,0.5974244857451856,-0.024186577950352964,0.28975184309991764,0.5471799593175558,-0.03696895672295511,0.15449478872935304,0.5565908093220671,0.016235040850513208,0.20563772889728935,0.5127139539291683,-0.011884251450196733,0.2477695276859065,0.5114613294367985,-0.03428446284645688,0.28143988459739633,0.5183938708748831,-0.04706092756559497,0.12397753857164842,0.5594674240915307,0.0010387469330389212,0.19420625678147393,0.5102678145987781,-0.03069746523849276,0.24328513305819688,0.5254751815080565,-0.04516711671529285,0.27517904718702185,0.5405098654985272,-0.048013113451220994,0.10310762275002908,0.5805826897062567,-0.018170809963975607,0.19039030510047894,0.56427382266437,-0.05210326755343194,0.2001624123622088,0.6383552902009912,-0.05014464691331307,0.19027486094275065,0.6822080826939093,-0.03863012812289661,0.09515573891462768,0.6139555503184759,-0.03870812239893265,0.1743506161839259,0.610595462196669,-0.05883916392857501,0.1802842152464189,0.6648827852524324,-0.052319493843148594,0.16517952347000936,0.6959995721457136,-0.04102247356791318,0.0,0.0,0.0,0.0,0.0,0.0,0.0,0.0,0.0,0.0,0.0,0.0,0.0,0.0,0.0,0.0,0.0,0.0,0.0,0.0,0.0,0.0,0.0,0.0,0.0,0.0,0.0,0.0,0.0,0.0,0.0,0.0,0.0,0.0,0.0,0.0,0.0,0.0,0.0,0.0,0.0,0.0,0.0,0.0,0.0,0.0,0.0,0.0,0.0,0.0,0.0,0.0,0.0,0.0,0.0,0.0,0.0,0.0,0.0,0.0,0.0,0.0,0.0,0.43030465951426966,0.41013989971339515,0.027626859372235142,0.48014223791775634,0.4138451020159504,0.007521006902266593,0.5623702805273147,0.4124605673746712,-0.007610084574202564,0.6185695532009893,0.4000934533635645,-0.0059226716605337995,0.5121348923568049,0.5251812401072513,-0.06757439538617109,0.5168363064500854,0.5406078816292534,-0.031949721926180265,0.5108801596225919,0.5082109297655258,-0.07359388359112523,0.5111307711745514,0.484211913632356,-0.07078230110935452,0.49845008902679677,0.5089535108546597,-0.07035228241683222,0.5244905507263644,0.5075923370718134,-0.07377411735828826,0.47449974892462654,0.5994106217921888,0.025060324731206226,0.5818853159076984,0.6015755340045184,0.004389472337792043,0.5214505891494277,0.5790103741105304,-0.029318612501652387,0.5240579402073955,0.6372602800154221,-0.008735519639095152,0.46380776722204925,0.6043720559388813,0.02888023380665377,0.5959923179505808,0.6008134215114438,0.005139784365968125,no,2025-11-18T07:30:22.236644
0.1464687264630592,0.8292767275879047,4.216566165430434e-07,0.20057859942829137,0.7565162792662571,-0.0021498731813414285,0.23188688978767,0.6625716516736121,-0.010263613261398333,0.25649583500089695,0.5979896080802649,-0.025017792510208754,0.2887290942098328,0.5480659117800548,-0.038011924840082825,0.15448160294850832,0.5566811332586745,0.015425966761794203,0.20551161752519803,0.512574099042526,-0.012692078402735705,0.2475840042294393,0.5114372134091951,-0.035064927149384674,0.2812821786077497,0.5181369168980128,-0.047898351309548046,0.1239121017982029,0.5597586279793744,0.0003072363884680053,0.19444244559330504,0.5107702715209619,-0.03148942455526246,0.24338536640721886,0.5267854816555938,-0.04592180544822451,0.275020251075353,0.5421087075352591,-0.04882821627568126,0.10291369209062314,0.5810490307528628,-0.018788250458555547,0.18973142722179404,0.5640551688070843,-0.052783283190420846,0.1992560707712724,0.6378721472157453,-0.05081992812479695,0.1892592516960648,0.6816176283449404,-0.03937464590744707,0.09462076456577523,0.6146562064317447,-0.03922917039517555,0.17379070661815466,0.610650359329383,-0.05941897220877145,0.17980305762826393,0.6645941764969132,-0.05292345432094259,0.1648120371709292,0.6959830271540945,-0.04168443083474547,0.0,0.0,0.0,0.0,0.0,0.0,0.0,0.0,0.0,0.0,0.0,0.0,0.0,0.0,0.0,0.0,0.0,0.0,0.0,0.0,0.0,0.0,0.0,0.0,0.0,0.0,0.0,0.0,0.0,0.0,0.0,0.0,0.0,0.0,0.0,0.0,0.0,0.0,0.0,0.0,0.0,0.0,0.0,0.0,0.0,0.0,0.0,0.0,0.0,0.0,0.0,0.0,0.0,0.0,0.0,0.0,0.0,0.0,0.0,0.0,0.0,0.0,0.0,0.44394498224488965,0.4114577826175084,0.01612924173182587,0.4982816885790106,0.41247283420156344,0.0017279398951476075,0.5811760326739357,0.40932975799821053,-0.004195319385732768,0.6372067631803897,0.4002268996020093,0.002983806528274589,0.5397383186282774,0.5263963372834688,-0.06727591834852684,0.5416626140461944,0.5409279823719387,-0.03127927272455282,0.5387779411108107,0.5094838900040703,-0.07354844678304087,0.5381712422443039,0.4852981080050284,-0.07108210637237669,0.5257803740746319,0.5103107388486555,-0.07134365106225599,0.5521808641998521,0.5085047566592282,-0.07269778630522941,0.49192401110095463,0.6000497184545356,0.02058903164552417,0.6020241568151621,0.5984004340859994,0.012751389310871424,0.5458694746341468,0.5785415206162088,-0.027604067914501502,0.5476106184534597,0.6361852099311119,-0.0076680196406645005,0.48047223964816455,0.6042264856949655,0.02332006344809331,0.6147855476319066,0.5969563886045378,0.014279351308979699,no,2025-11-18T07:30:22.373860
0.1471392351721424,0.8286248678718637,4.2247458921690954e-07,0.201105989145813,0.756346137069652,-0.0018929718649490868,0.23214079253482622,0.6629367385984943,-0.010007078677473791,0.256715119687033,0.5988722390090808,-0.024813193903474643,0.2887024992419098,0.5490188355496801,-0.037971853051121086,0.15468059392849687,0.5568007712306251,0.015661381039662418,0.20561182641177275,0.5133571140659408,-0.012578923913885114,0.24791526994413782,0.5122988402785111,-0.035122552344485844,0.28158732853689183,0.5198398224226239,-0.04797041001809151,0.12414352884538288,0.5600908222637655,0.0003875049867913167,0.19439714876673003,0.5110953799392529,-0.03146320216296143,0.24377488683024212,0.5270838979303818,-0.046070456105912906,0.27530824114875285,0.5425569379866084,-0.04899975378369749,0.1030992602277361,0.5815319447377748,-0.01882723826781766,0.18962193687225337,0.564755719989327,-0.0529457473985809,0.1998884570193566,0.6385004161066519,-0.05111224126083235,0.18987594830105442,0.6819713467404481,-0.0396597106549965,0.0947148838700401,0.615007607371985,-0.03931215078296261,0.17344163279907138,0.61079326209267,-0.05949130076898801,0.17973231480389332,0.6648505941459786,-0.05278353503670058,0.16459116032769405,0.6959777348905238,-0.04135199300800517,0.0,0.0,0.0,0.0,0.0,0.0,0.0,0.0,0.0,0.0,0.0,0.0,0.0,0.0,0.0,0.0,0.0,0.0,0.0,0.0,0.0,0.0,0.0,0.0,0.0,0.0,0.0,0.0,0.0,0.0,0.0,0.0,0.0,0.0,0.0,0.0,0.0,0.0,0.0,0.0,0.0,0.0,0.0,0.0,0.0,0.0,0.0,0.0,0.0,0.0,0.0,0.0,0.0,0.0,0.0,0.0,0.0,0.0,0.0,0.0,0.0,0.0,0.0,0.46149280247803565,0.41113996785446955,0.004242665570633313,0.5188789522091983,0.4096124271610921,-0.0039343469148603455,0.6020100365338825,0.4053745348800333,0.0004185361836574683,0.6569535882037355,0.39737759958604646,0.01388086279115298,0.570954452607138,0.5222215966049912,-0.06756994094644779,0.5695450507097732,0.5373270988672438,-0.03135793066986594,0.5704539088622138,0.5054321369862118,-0.07392637590001767,0.5689227335489098,0.48172796316122085,-0.0715412341756922,0.5569419832352072,0.5065313426489677,-0.072874925109747,0.583341557674038,0.5043117743581328,-0.07190470288886654,0.5146194812603925,0.6001230996027866,0.014580340307885242,0.6227986906798436,0.5955413084374241,0.020870878369169864,0.5731266463918567,0.5774339454277333,-0.027396034557529127,0.5738111624028468,0.6334597671931865,-0.0067791083806357,0.4996676309877938,0.6031819064445897,0.016154986090283582,0.635414896199071,0.5921126983820877,0.023364566601831768,no,2025-11-18T07:30:22.501099
0.14776505471938342,0.8271766421573674,4.2545385021361703e-07,0.20196771975734712,0.7541496906394708,-0.0013197134251478658,0.23291142191791436,0.6614638822615885,-0.009398537181346778,0.2579382662014724,0.5983407172637872,-0.02426390912438861,0.2897775229669022,0.5485192713762957,-0.03753824287828557,0.1539189364119375,0.5555529239148731,0.015951670633575943,0.20598962229087403,0.5124886091894187,-0.012375118074590442,0.24860447745177472,0.5116134673327828,-0.03521881877347068,0.28243537049670214,0.5195727344210745,-0.04831311085766808,0.12355620930913744,0.5591984601240397,0.00028295387837635555,0.19459578259717117,0.5102699275566016,-0.03163003738938782,0.2443638498105564,0.5268126251012077,-0.04656253548882662,0.27602628851928457,0.5431711060076932,-0.04973242851125926,0.10304037282708102,0.5812808587481293,-0.019214815068323694,0.19000066647661207,0.5650080651490825,-0.0529554744180271,0.20045282898308223,0.6381124674412959,-0.051045331712874675,0.19021857672487566,0.6810977932833253,-0.03971395178605252,0.09521604523368414,0.6153792283094819,-0.039948124665329834,0.17387373706289247,0.6110471930942933,-0.0597061672247135,0.18029167108669625,0.6645788558040684,-0.05261205192072074,0.16502724434460264,0.6952986952498273,-0.04099553469496347,0.0,0.0,0.0,0.0,0.0,0.0,0.0,0.0,0.0,0.0,0.0,0.0,0.0,0.0,0.0,0.0,0.0,0.0,0.0,0.0,0.0,0.0,0.0,0.0,0.0,0.0,0.0,0.0,0.0,0.0,0.0,0.0,0.0,0.0,0.0,0.0,0.0,0.0,0.0,0.0,0.0,0.0,0.0,0.0,0.0,0.0,0.0,0.0,0.0,0.0,0.0,0.0,0.0,0.0,0.0,0.0,0.0,0.0,0.0,0.0,0.0,0.0,0.0,0.4705728718524974,0.41062060138367096,-0.0006120526378816859,0.5294250625093996,0.40879521270888775,-0.0059318117949231156,0.6130682354300272,0.4051146248752431,0.0031708713179688756,0.6668925956269838,0.3978587037866298,0.01955146479050924,0.5857616417870437,0.521767840567434,-0.06767384318607447,0.5827445786443001,0.537185573588285,-0.0314411025840451,0.5856240822978519,0.5051568190920134,-0.07402351205264898,0.5838533815163525,0.48178202185618413,-0.07156813110924273,0.5718028531135753,0.5063047035453243,-0.07349510444849876,0.5983431731126843,0.5041379502341048,-0.07144536396212392,0.5240612386141288,0.5994486769624193,0.010729139063846982,0.6323675858394182,0.5951861789398577,0.023547358349242525,0.5859966439566553,0.5776256629280238,-0.027836147749874907,0.5854726378573072,0.6328680915090383,-0.007448531779329042,0.508662932315186,0.6043529847774707,0.01189330789785633,0.6449858535274682,0.5928741287320595,0.026591698806742357,no,2025-11-18T07:30:22.633313
0.14792678476211174,0.8271308301576632,4.1996151726013547e-07,0.2024542483507538,0.7544276790675992,-0.0003840331920774453,0.23332422180128048,0.6621923574477804,-0.007942725185319365,0.2578541340448738,0.5997485952117887,-0.022403006460792976,0.28939108832957383,0.550400981189094,-0.03536950302211817,0.15474990733484448,0.5558775485739527,0.01645720560194136,0.20666600426830078,0.5121590225073833,-0.011690167642024397,0.2496901308529244,0.5108577206716252,-0.03444191567085304,0.2834916179437399,0.5187438128320278,-0.0475457197872115,0.12425766398670106,0.5594069168677449,0.000319453847350414,0.19532065770989004,0.5085323093212085,-0.03147779127567517,0.2454784688610811,0.5255211950197811,-0.046425300550571376,0.27684443188209407,0.5421842327848068,-0.04960601055139169,0.10392100637079682,0.5813804722989456,-0.019495825552979747,0.19091071103877066,0.5643038258179495,-0.05320963994245872,0.2016746374863455,0.6379305034445402,-0.05116253512914623,0.1908531382359806,0.6807849346112519,-0.03975834093475905,0.09629339076731472,0.6155563961047379,-0.04041518841103215,0.17489044348690963,0.6105355246286591,-0.06006989111188468,0.1813215332872408,0.6643445197599444,-0.05261924890509685,0.16545236033958724,0.6949757157184042,-0.04078401448169042,0.0,0.0,0.0,0.0,0.0,0.0,0.0,0.0,0.0,0.0,0.0,0.0,0.0,0.0,0.0,0.0,0.0,0.0,0.0,0.0,0.0,0.0,0.0,0.0,0.0,0.0,0.0,0.0,0.0,0.0,0.0,0.0,0.0,0.0,0.0,0.0,0.0,0.0,0.0,0.0,0.0,0.0,0.0,0.0,0.0,0.0,0.0,0.0,0.0,0.0,0.0,0.0,0.0,0.0,0.0,0.0,0.0,0.0,0.0,0.0,0.0,0.0,0.0,0.46885456784992424,0.40925861965011795,0.0004947491033081464,0.5275124499062807,0.4083799744660543,-0.00587886661119082,0.6121325853034383,0.40652002591761727,0.0014162655117107483,0.6659022607098389,0.39981771740044075,0.016597995751552828,0.5807501551144081,0.523670785518092,-0.06741901664980947,0.5782904228193881,0.5388850092939899,-0.031086002866348113,0.5807444370839845,0.5070149322682509,-0.07386402266579555,0.579484352291532,0.48343558745378024,-0.07158197073149934,0.5670676224262334,0.507836829817172,-0.07313552103266194,0.5935646789502173,0.5061944510005363,-0.07150829369995501,0.5192938625054592,0.5997484008763054,0.012946036806499917,0.62912740048845,0.597542616256733,0.023265434198219935,0.580487080542323,0.5789266381885603,-0.02717551591716901,0.5797921689576453,0.6347931227312953,-0.006094284401675095,0.5046903159214633,0.6041699816541772,0.014312031732703494,0.6411125356428234,0.5956942832037677,0.026107180481781327,no,2025-11-18T07:30:22.763726
0.14889163881955914,0.827166187698079,4.0496945937137313e-07,0.2033440069764328,0.7542474308042464,-0.0002563961753099125,0.23393823555684065,0.6617823605075663,-0.0077197329271657174,0.258686125378722,0.5994138934482558,-0.022117487630013206,0.29068020872415123,0.550523166299503,-0.035055303335628785,0.15640406672169777,0.5542403370730786,0.016305571403806812,0.2079922838051976,0.5110008879588613,-0.011647113564802825,0.25053194935285383,0.5104342497877932,-0.034283256788959694,0.2840007575878978,0.5184960364266187,-0.047359693743155046,0.12580611313463166,0.5578575037772715,0.00023354064055618415,0.19657964598121913,0.5090561031240441,-0.031301779216078456,0.2460296242067704,0.5255994677968321,-0.046157361424024546,0.2771602371955865,0.5415269132025535,-0.04942357738074593,0.10510369154275162,0.5801091123205848,-0.01949589759560408,0.1920648734513235,0.565266972046319,-0.05282616421868973,0.2021637992510234,0.6384114876174269,-0.050961232646384066,0.19114703161903934,0.6805720298742906,-0.03987047519278808,0.09722615081893339,0.6145111804494484,-0.04034699412144968,0.1757243796204232,0.6111622265687089,-0.059786887117641255,0.18155026523504342,0.6643299909361855,-0.05267604640539209,0.16521864346048498,0.6939461737085063,-0.04119457029719496,0.0,0.0,0.0,0.0,0.0,0.0,0.0,0.0,0.0,0.0,0.0,0.0,0.0,0.0,0.0,0.0,0.0,0.0,0.0,0.0,0.0,0.0,0.0,0.0,0.0,0.0,0.0,0.0,0.0,0.0,0.0,0.0,0.0,0.0,0.0,0.0,0.0,0.0,0.0,0.0,0.0,0.0,0.0,0.0,0.0,0.0,0.0,0.0,0.0,0.0,0.0,0.0,0.0,0.0,0.0,0.0,0.0,0.0,0.0,0.0,0.0,0.0,0.0,0.45874964765920745,0.4091861624041758,0.007824520023822995,0.5153887365688935,0.40835501377855177,-0.00249679652422328,0.5996156812987986,0.408681237195297,-0.0017602448287361338,0.6574789304380799,0.4016432823376105,0.009378646026838843,0.560668879580138,0.525436159417829,-0.06757407724384815,0.5603535274974168,0.5403623938586496,-0.03114753934488718,0.5604119259642487,0.5086990604963844,-0.0740105707315489,0.5598265870516039,0.4848397604465175,-0.07170534684264787,0.5470222529188205,0.5092224832355361,-0.07253735314719416,0.573621774575664,0.5080761206876461,-0.07240594816790773,0.5058586388447401,0.5997873683916439,0.017037626902657727,0.6150059786293873,0.6005034906311131,0.018276515767047485,0.5630119483312354,0.5808024483037986,-0.027409978224449832,0.5625998513016376,0.6371799509339765,-0.00589593269370001,0.49266911874182906,0.6044429028906873,0.019194586695087577,0.6279848662253424,0.5994446772120828,0.020601948066616936,no,2025-11-18T07:30:22.899056
0.14965954974501516,0.825472348895884,4.2224597710764336e-07,0.20353754840341567,0.7537269015326469,-0.0010764883118420322,0.23480350698816765,0.6609791996248159,-0.009131751076321946,0.26028303807025854,0.5975417901212684,-0.024024440678836693,0.2920858457294157,0.547612937510332,-0.03741307991765036,0.15718054952229069,0.5536552027162268,0.015194650730344358,0.2085859767119021,0.5096007070981745,-0.013260503282494156,0.25138637808543113,0.5086762804534364,-0.03598963780200014,0.28493097586082816,0.5169146954498663,-0.048919623691521905,0.12644811970532394,0.5572674226192266,-0.0006585724286879759,0.19709156995506422,0.5074836670824994,-0.03262745659328875,0.24727922373163153,0.5240957975599914,-0.04739671454134367,0.2787747134578702,0.5408979056064037,-0.05039570765821602,0.10546310128003708,0.579606767921767,-0.02023475833461673,0.1924627830954051,0.5638990428354459,-0.054171672986400986,0.20314008675262504,0.6378635592651039,-0.052135658867199335,0.1924946095714406,0.6811850353705712,-0.040667731667520024,0.09710436338597006,0.6141352894549184,-0.0409868206181017,0.17617196212285274,0.6103878225739052,-0.06103122663916006,0.18265452279763264,0.6644562707309254,-0.053865232574024396,0.16702055539380145,0.6953424766266683,-0.04210052874395919,0.0,0.0,0.0,0.0,0.0,0.0,0.0,0.0,0.0,0.0,0.0,0.0,0.0,0.0,0.0,0.0,0.0,0.0,0.0,0.0,0.0,0.0,0.0,0.0,0.0,0.0,0.0,0.0,0.0,0.0,0.0,0.0,0.0,0.0,0.0,0.0,0.0,0.0,0.0,0.0,0.0,0.0,0.0,0.0,0.0,0.0,0.0,0.0,0.0,0.0,0.0,0.0,0.0,0.0,0.0,0.0,0.0,0.0,0.0,0.0,0.0,0.0,0.0,0.44800752188868576,0.4098562339206319,0.015105829761505232,0.5034016715700456,0.4081410101308149,0.0009653659751283168,0.5871882081668707,0.4097980973593215,-0.004483384542676482,0.6462551066699219,0.40251107820055115,0.0029662495905106384,0.5418862967846979,0.5262449664104983,-0.06799868166210428,0.5436146309133203,0.5413493692887914,-0.03155071461074563,0.5412601211928787,0.5094933514876636,-0.07438594345588904,0.5410745910855401,0.48568714816568737,-0.07198927826684777,0.5281572191126848,0.5099729774385383,-0.07220679050143827,0.5547943238723047,0.5089892691737028,-0.0734767498701153,0.49360307006133186,0.6000207434170897,0.021131115307608236,0.6024861974941675,0.6025724044761706,0.013644799299572746,0.5466041585127703,0.5816027262366313,-0.02793090046128307,0.5468084581749277,0.6386253436711051,-0.006307083193545547,0.48128162985030754,0.6048929137427832,0.023905502878552986,0.6167067809520267,0.6018352159749685,0.015371370266658507,no,2025-11-18T07:30:23.032168
0.1497971368591447,0.8251146644191029,4.3649976890332827e-07,0.20319260399563788,0.7523851106173977,-0.0017372593392953018,0.23455046577149624,0.6597965301159816,-0.010073719107082062,0.2601688727987096,0.5952840352622029,-0.02504925278717368,0.29162974132135766,0.5442681770624322,-0.03839278252433784,0.15601454765600464,0.5543850042073108,0.014545671637283118,0.20734810787041638,0.5090090971213224,-0.01411265506488423,0.24995203508725597,0.5075249621642792,-0.03664727850752835,0.28368109545433223,0.5144565552215763,-0.049378060722690235,0.12540326392919052,0.5577282881452457,-0.0008074519915112933,0.19617846134052344,0.5063855975602621,-0.032875063249356434,0.2458459719675156,0.5226122856246307,-0.04733140334637355,0.277946072310829,0.5390500127168372,-0.05006810047789646,0.10473561600461777,0.5795147103215861,-0.019987819866468463,0.19209588867285132,0.5653031481457809,-0.053725480549759105,0.20091874491296796,0.6380883667564228,-0.05183771692566033,0.1897149203305163,0.6802621029132518,-0.04051244835305284,0.09681909170952174,0.6135577381970789,-0.0404116974819644,0.1760692689323103,0.6103638512817646,-0.05999729810864157,0.18155116982319375,0.6630686335744623,-0.05308901382340918,0.16558310193663156,0.6929367758137156,-0.04164800724242962,0.0,0.0,0.0,0.0,0.0,0.0,0.0,0.0,0.0,0.0,0.0,0.0,0.0,0.0,0.0,0.0,0.0,0.0,0.0,0.0,0.0,0.0,0.0,0.0,0.0,0.0,0.0,0.0,0.0,0.0,0.0,0.0,0.0,0.0,0.0,0.0,0.0,0.0,0.0,0.0,0.0,0.0,0.0,0.0,0.0,0.0,0.0,0.0,0.0,0.0,0.0,0.0,0.0,0.0,0.0,0.0,0.0,0.0,0.0,0.0,0.0,0.0,0.0,0.44521054519269493,0.41034008757570295,0.015773664787948186,0.49956804748450856,0.40841722146936865,0.001231553823669356,0.5833224773725436,0.4088553546603431,-0.004943606907756464,0.6439321492822265,0.4012968630004984,0.0020464782699729065,0.5382644965826566,0.5266203722471499,-0.06790377408147938,0.5402773345587567,0.5414478272206134,-0.03140194800433026,0.5374687601756782,0.5098144414565698,-0.07431227090129963,0.5371547724829251,0.4858305809855384,-0.07194712150594623,0.524373076767112,0.5103500424817051,-0.07205719637600715,0.551029420112956,0.5091620359006331,-0.07348588641133595,0.4911311663592487,0.5999639814135161,0.021503823014695937,0.6012812278383466,0.6015648360710169,0.013183551695215127,0.544832022007316,0.5822748411971579,-0.027880913581354787,0.545488822860352,0.6387945811106075,-0.006286388734521969,0.47884948136897854,0.6053958258250964,0.024392579805317678,0.6140820942132723,0.6011970762854426,0.014875806005439382,no,2025-11-18T07:30:23.154603
0.14986455205879903,0.8251132354058863,4.4684708606416563e-07,0.20299704989305972,0.7521028076413863,-0.0018703788573555518,0.23383411249962446,0.6606583864035108,-0.010499722570414628,0.2586605660742663,0.5966571522040842,-0.025686414156824794,0.29007313138760754,0.5459353854806027,-0.03921937958156589,0.1550952424158777,0.5543464411123682,0.013905314726345912,0.20640180983940587,0.5086779167762221,-0.014816027596058153,0.24906808234150624,0.5066679988986832,-0.0374398192713547,0.2829118077025995,0.5126489922275637,-0.05031663039045603,0.12467366147175545,0.5576847779608675,-0.0014424893186230996,0.19589378447704348,0.506342874454188,-0.03378940111840113,0.24613555444565277,0.5215785265021957,-0.04841501422301626,0.27871122334928505,0.5371697395489551,-0.051315829870920544,0.10418786637790589,0.5793434223605001,-0.020559540093506353,0.19155969372321308,0.5649922496653129,-0.0543481910046073,0.2003525326208402,0.6375752197551645,-0.05252243425871907,0.18909428110146115,0.6798740100023107,-0.04129872573041951,0.09647476492924856,0.6132459849775983,-0.04093478143458286,0.17551040368793785,0.6099774888618601,-0.060601532601865266,0.18114588979412327,0.6627812888712765,-0.05374329841561084,0.1653418084126975,0.6928799141100133,-0.0423501782410087,0.0,0.0,0.0,0.0,0.0,0.0,0.0,0.0,0.0,0.0,0.0,0.0,0.0,0.0,0.0,0.0,0.0,0.0,0.0,0.0,0.0,0.0,0.0,0.0,0.0,0.0,0.0,0.0,0.0,0.0,0.0,0.0,0.0,0.0,0.0,0.0,0.0,0.0,0.0,0.0,0.0,0.0,0.0,0.0,0.0,0.0,0.0,0.0,0.0,0.0,0.0,0.0,0.0,0.0,0.0,0.0,0.0,0.0,0.0,0.0,0.0,0.0,0.0,0.44829536921309243,0.4103183830593969,0.012824204564362791,0.5043156754775601,0.4083640111300777,1.2064515138468122e-05,0.5874292314211809,0.4062056123582477,-0.0033582506576894902,0.6459865497902679,0.39895102830772905,0.005342635004956775,0.5475373185961989,0.5242911498305451,-0.06785174190939013,0.5486917955218711,0.5390557691458139,-0.03150391435591631,0.5467527950620518,0.5075737537216016,-0.07420286224370058,0.5460407627635268,0.4837570368230304,-0.07178676569710687,0.5335365049095875,0.5083495944239123,-0.0722727670656052,0.5601603568670096,0.5066979365141593,-0.07305900646073962,0.4981952805024698,0.6000233086465163,0.019403493100205806,0.6079124521073447,0.599005466484071,0.014978357052439164,0.5532844816724507,0.5809154147544627,-0.028093161528757897,0.5541004778955538,0.6369507511532957,-0.006447103575886539,0.4852120483045378,0.6047324101735956,0.022001550128789325,0.6205499153241044,0.597588515502493,0.01691512813500624,no,2025-11-18T07:30:23.298960
0.1487310442517315,0.8255605094094098,4.299147085318387e-07,0.2025905431335759,0.7537388580443259,-0.0017085637109670723,0.23383933048172295,0.6609800592334021,-0.009766864247736973,0.2585230823668908,0.5970043814323186,-0.024305273400977476,0.28940087798494907,0.546392258532385,-0.03715241521972181,0.15539817907165115,0.5540432030371869,0.014150333589669653,0.20697959501941912,0.5084650303180427,-0.014181658856303346,0.2497748439356457,0.5066698031965187,-0.03662115700294019,0.283558681809216,0.5132818780775117,-0.04947112616756097,0.12456627780266163,0.557081549756572,-0.0011337623813091238,0.19550472006883637,0.5055348806017278,-0.03321190420013837,0.24603343344373932,0.5206543386009056,-0.04790637534149336,0.27874326395258897,0.5367654487215447,-0.05087381450723666,0.1039785433948417,0.5788163761830729,-0.020137270018738995,0.19089802677894205,0.5644057694363858,-0.05339478037338119,0.20061594146272188,0.6365110629224736,-0.0515851948232749,0.1900007456065396,0.6786122357426563,-0.040545732292652306,0.09657540082237803,0.6129484281272268,-0.0404348070186611,0.17537917056440502,0.6107417072586125,-0.05976304605282949,0.18093781830633288,0.6631576968476713,-0.053145223887895374,0.16513468276174198,0.6926975840653521,-0.04204531834983537,0.0,0.0,0.0,0.0,0.0,0.0,0.0,0.0,0.0,0.0,0.0,0.0,0.0,0.0,0.0,0.0,0.0,0.0,0.0,0.0,0.0,0.0,0.0,0.0,0.0,0.0,0.0,0.0,0.0,0.0,0.0,0.0,0.0,0.0,0.0,0.0,0.0,0.0,0.0,0.0,0.0,0.0,0.0,0.0,0.0,0.0,0.0,0.0,0.0,0.0,0.0,0.0,0.0,0.0,0.0,0.0,0.0,0.0,0.0,0.0,0.0,0.0,0.0,0.4560614747133196,0.408807416002698,0.008934598788753165,0.5123634344241896,0.40710715119110696,-0.0013724303923126056,0.5940929681142312,0.40395159420211885,-0.0007075565804898333,0.650537904468956,0.3963034175437953,0.010338137697050599,0.5596064288064613,0.5211572607635087,-0.06768666818708452,0.5596505335241039,0.5360961876811223,-0.03161249610765901,0.5589376908945971,0.5044614524280463,-0.07393995516541033,0.5578345007207526,0.4807945578783731,-0.07140837457900502,0.5456120427475336,0.5054472967732659,-0.07246000167659952,0.5721581370173365,0.5034391798869472,-0.07234811357072664,0.507450009321288,0.5983761743961952,0.016167766448755935,0.6159833526043468,0.5956129162426,0.017244969691154216,0.5644182341833933,0.578032117815769,-0.028293284821237965,0.5643347621964494,0.6335014800268737,-0.007515706006944801,0.49316779792927695,0.603035159936041,0.01826163733662743,0.6287947883657876,0.5935167254121505,0.01948544501181474,no,2025-11-18T07:30:23.430260
0.14792181120267087,0.8257210846969992,4.2487597897101596e-07,0.20248260503141047,0.7525188812316357,-0.0009989919649362532,0.23388750722370297,0.6602684922650928,-0.009073106866388342,0.25944526773259396,0.5968037086795688,-0.023934930839754752,0.2909896832866411,0.5462243837751647,-0.03721040584334613,0.15424187678968224,0.5529017594661337,0.01497002085614035,0.20740609983305092,0.5068103862432346,-0.0135761146655832,0.2509652229569739,0.5056728639872516,-0.03621970858300448,0.28499231497611066,0.5132171492991471,-0.049073862492335515,0.12387481999430834,0.5566838827693688,-0.0007518316676325361,0.196770665574503,0.5050943460282504,-0.03268183516076292,0.24725036490283125,0.5217916458858409,-0.047275460716524956,0.27896155261628625,0.5384279452126706,-0.050171296290512174,0.10397331362666584,0.5788976957667074,-0.020165977552673464,0.19217959580552862,0.5635758192980421,-0.05362194817056587,0.20242892900000337,0.6365378376555422,-0.051537957592373035,0.19157572237259046,0.6788010912924249,-0.04017075176692018,0.09728074401270193,0.6131863944396663,-0.040769269429755006,0.1766173311012943,0.6094561679031405,-0.060122384725399845,0.18234948397559228,0.6626735604428023,-0.052916259334551706,0.16611710911349123,0.6927610632938912,-0.04127093069982384,0.0,0.0,0.0,0.0,0.0,0.0,0.0,0.0,0.0,0.0,0.0,0.0,0.0,0.0,0.0,0.0,0.0,0.0,0.0,0.0,0.0,0.0,0.0,0.0,0.0,0.0,0.0,0.0,0.0,0.0,0.0,0.0,0.0,0.0,0.0,0.0,0.0,0.0,0.0,0.0,0.0,0.0,0.0,0.0,0.0,0.0,0.0,0.0,0.0,0.0,0.0,0.0,0.0,0.0,0.0,0.0,0.0,0.0,0.0,0.0,0.0,0.0,0.0,0.4580984524054498,0.4071813768350816,0.008252735901691026,0.514846265609159,0.40616594584816273,-0.0015922648193104065,0.5961375549475423,0.4030927315197377,-0.0002400009541624954,0.6501695495683861,0.394652039935304,0.011160882109587206,0.5628114024124927,0.518237439805201,-0.06754612483069436,0.5626258815958838,0.5333928328008273,-0.0315964460521148,0.5621819010579553,0.5015850290971713,-0.073775298113835,0.5610128316534824,0.47811612931340836,-0.07123226969006288,0.5488764671497526,0.502651392656004,-0.07237544952299214,0.5752887323766187,0.5005334426112822,-0.07211009945179855,0.509581757056274,0.5965460338323902,0.01583735599959884,0.6174320208742407,0.593457059508324,0.01783329956745945,0.5672892519603185,0.5760583488801898,-0.0282683704285452,0.5672982395195504,0.6313075472930236,-0.007810386305928541,0.4951255819232414,0.6005324761224242,0.01778656234175751,0.6311880643393727,0.5901379377201896,0.020046214232425048,no,2025-11-18T07:30:23.561298
0.1487864755886325,0.8250920770679668,4.1616194630084615e-07,0.2033050030724603,0.7514691297561377,-0.00030757768468092964,0.23453225876073913,0.6589500043608484,-0.008186497872724543,0.2606181739845145,0.5956407108938158,-0.02307300749104103,0.29275139481638573,0.5451991400439391,-0.036532395073219544,0.1551057780726518,0.552655108134251,0.015138886170177805,0.20787803639819202,0.5060577786280565,-0.013337381707437548,0.25176484149805634,0.504938926233433,-0.03583809917730451,0.28578290720862876,0.5131616285054695,-0.04844129021430645,0.1247701082231292,0.5565729363244885,-0.0008967608940530201,0.1973248037340403,0.504336236229381,-0.03233623006250007,0.24761241012971458,0.5222728297121008,-0.046482005817909657,0.2784434623700023,0.539971051730786,-0.04910658821064,0.10481903302521456,0.5787148381406169,-0.02054704330868584,0.19294618337220096,0.5622161404115027,-0.05405383949871029,0.2038827945733583,0.6363564072406281,-0.0517071488268996,0.19311677737834998,0.6797109106078366,-0.040053850167274516,0.09776808485215327,0.6127801116638029,-0.041268220972573655,0.1771951202520708,0.6079101196361558,-0.06076024241665405,0.1839099952622369,0.6622865933489188,-0.05318165422283978,0.16823316725768478,0.6937434671900059,-0.04113541189944672,0.0,0.0,0.0,0.0,0.0,0.0,0.0,0.0,0.0,0.0,0.0,0.0,0.0,0.0,0.0,0.0,0.0,0.0,0.0,0.0,0.0,0.0,0.0,0.0,0.0,0.0,0.0,0.0,0.0,0.0,0.0,0.0,0.0,0.0,0.0,0.0,0.0,0.0,0.0,0.0,0.0,0.0,0.0,0.0,0.0,0.0,0.0,0.0,0.0,0.0,0.0,0.0,0.0,0.0,0.0,0.0,0.0,0.0,0.0,0.0,0.0,0.0,0.0,0.45380138412928434,0.4054145935279,0.011706983530927452,0.5088426174199054,0.40490283981975705,0.00025938214670057113,0.5907358087619181,0.4027127869348719,-0.001173252268826672,0.6442621937314129,0.393509388531304,0.00846876223282755,0.5538263161640558,0.5164628466039555,-0.06776238758109578,0.5544847232915332,0.5318248799071122,-0.03185419441010586,0.5531428809565289,0.4996245168307283,-0.0739182937717498,0.5522819297141466,0.4760014288000758,-0.07126481979371423,0.5399498953428359,0.5005643512991247,-0.07220772802067804,0.5663439430430152,0.4987020397756423,-0.07257296038521248,0.5027226867613981,0.5944544572695887,0.01736897766513126,0.6111436301327837,0.5927144370703699,0.015581184814452344,0.5589569602792468,0.5732749804188699,-0.02858826593749867,0.5593465298664342,0.6294684136916778,-0.008392977266699232,0.4888807337001537,0.5984110852158294,0.01956807630673443,0.625070765377389,0.5897546902574947,0.017482488711466466,no,2025-11-18T07:30:23.715196
0.14944815155354782,0.8247429727571585,4.3422934606754627e-07,0.20311014206490904,0.7510715397373064,-0.00082878763748845,0.23476051134457626,0.658409045826283,-0.008827731086887126,0.2609076916713649,0.5947204192000359,-0.023664247779453203,0.29256564036416366,0.5436376254418914,-0.0369752182257396,0.1559869614712281,0.5524368918738272,0.01491290109683531,0.20772582943166285,0.5060980218804803,-0.013228431140039222,0.2512429841464357,0.5040307173796407,-0.03553081023475707,0.28533300946197276,0.5105621363028294,-0.04816435617935973,0.12546158003815455,0.5559344998738226,-0.0007547130473295043,0.19682798100720644,0.5039771488859459,-0.03212303605330757,0.24749838975151806,0.5195082150403003,-0.04641046082139989,0.27968979215530754,0.5356135955045989,-0.049241977555542014,0.10513889589831704,0.5777455521193197,-0.020072230026160987,0.1926467208507962,0.5622206814995441,-0.053272033211564845,0.2025582546961564,0.6353719799894089,-0.05118332444468263,0.19184203110040698,0.6782500077731719,-0.03985156963431837,0.09788794524880956,0.6116189448203964,-0.04055954090334768,0.1772080006186654,0.6079242642438897,-0.05997111346532604,0.18325677409987226,0.6612904438531093,-0.052945916731175637,0.16765363322038368,0.6919241844903123,-0.04139136159974301,0.0,0.0,0.0,0.0,0.0,0.0,0.0,0.0,0.0,0.0,0.0,0.0,0.0,0.0,0.0,0.0,0.0,0.0,0.0,0.0,0.0,0.0,0.0,0.0,0.0,0.0,0.0,0.0,0.0,0.0,0.0,0.0,0.0,0.0,0.0,0.0,0.0,0.0,0.0,0.0,0.0,0.0,0.0,0.0,0.0,0.0,0.0,0.0,0.0,0.0,0.0,0.0,0.0,0.0,0.0,0.0,0.0,0.0,0.0,0.0,0.0,0.0,0.0,0.4485884708951704,0.40348305419593394,0.015935210441255943,0.5023797602194284,0.403028202136441,0.002452054274879073,0.5846336562196431,0.4030459646096326,-0.0022188503207369193,0.6386368866224814,0.3923150452797893,0.005520244108931425,0.5442625502577023,0.5148802022173831,-0.0681894485093284,0.5459076455641474,0.5305079485289956,-0.03231718615068015,0.5433910367688528,0.49792955630316627,-0.07425400781512562,0.5427024432334618,0.4742648240115491,-0.07142881750703511,0.5303403444094703,0.49885199200049923,-0.07217125668740773,0.5567186076260913,0.4970759105967445,-0.07326790264672497,0.496366295334587,0.5926252851419049,0.01894152246377119,0.6042925921011514,0.5921535234763623,0.012648998667835799,0.5500675039681299,0.5719190887773976,-0.02932906747456961,0.551037178946126,0.6285676521564316,-0.009074521585896689,0.48298883937376613,0.5967861721950882,0.021472278025822814,0.6191392316228681,0.5890885539490904,0.014255249554807978,no,2025-11-18T07:30:23.853893
0.14725355563803338,0.8219464122780848,5.696302719674512e-07,0.20178010240833955,0.7530979649312906,-0.001089683361158473,0.2348875345915081,0.6581816011125281,-0.008956801183063391,0.26162775454616216,0.5935739854732022,-0.023062185651761494,0.29549486763977684,0.5433046778370652,-0.0359366341775766,0.15841327446062778,0.5567296165626002,0.010276463406555143,0.2076881187902142,0.5062536248642666,-0.016557349721418747,0.24803834597794197,0.4883554344210978,-0.03673581638823539,0.2808225015304554,0.4791061652354601,-0.04877084105080524,0.12616714918617628,0.5589839871595828,-0.005452563969435254,0.19258950061207414,0.49617810505401116,-0.03683887576884415,0.24449068142513647,0.49373115710930726,-0.04998334909558783,0.27977098691417873,0.4944008286093856,-0.052459353021278396,0.1045007174160355,0.580051449565443,-0.02430329419674243,0.19118613443987106,0.5621425155754404,-0.05838357382862559,0.20196781580509038,0.6348737164923546,-0.054593723336056485,0.192265702594824,0.6773413384679611,-0.042103088027060045,0.0970880784462527,0.6133565946502647,-0.04429014745641646,0.17622569660268672,0.6097170022982601,-0.06529312802458655,0.18207620032241234,0.6631125991123762,-0.05827011410346471,0.16660932355294086,0.6922179907208031,-0.04679553215482813,0.0,0.0,0.0,0.0,0.0,0.0,0.0,0.0,0.0,0.0,0.0,0.0,0.0,0.0,0.0,0.0,0.0,0.0,0.0,0.0,0.0,0.0,0.0,0.0,0.0,0.0,0.0,0.0,0.0,0.0,0.0,0.0,0.0,0.0,0.0,0.0,0.0,0.0,0.0,0.0,0.0,0.0,0.0,0.0,0.0,0.0,0.0,0.0,0.0,0.0,0.0,0.0,0.0,0.0,0.0,0.0,0.0,0.0,0.0,0.0,0.0,0.0,0.0,0.4469908824955817,0.4023647860462931,0.017646213027191347,0.49903488907902116,0.4022609502474884,0.0037534864291807885,0.5826616922398418,0.4030557634289313,-0.0015853289878326677,0.6367385385165477,0.3907056824776174,0.00577266792694539,0.5417851318831541,0.5140885521985505,-0.06842682083135487,0.543604328801666,0.5296519530471516,-0.032683394106095116,0.5408621965746577,0.4970311140681023,-0.07436859691083582,0.5402065251426555,0.47323633413445193,-0.07134232893407672,0.5278119895360492,0.49792304998107695,-0.0722101259957577,0.554244081120556,0.4961894428872547,-0.07345087985906233,0.49449764346921915,0.5914363388981619,0.018286408334777994,0.604008446481255,0.5910223593868018,0.011241225014149947,0.5481867888168743,0.570722224919247,-0.030013251307589674,0.5492893390420022,0.6280465802801048,-0.010700458362497427,0.48107242833861646,0.5959273432710823,0.02086555816833028,0.6172153539362815,0.5884710822323425,0.012748836846349159,no,2025-11-18T07:30:24.001045
0.1446404668601544,0.8229490071301008,6.535877253379194e-07,0.20001215823313095,0.7575247653368916,-0.0014630951801281188,0.23556665043679487,0.6588668492165424,-0.009684056062022151,0.26456813066053225,0.5931109477956527,-0.023648799065104226,0.30107424322616894,0.5435194353426354,-0.03657712188095406,0.16151100316325534,0.5600411603053785,0.005100826656381261,0.2094680869453276,0.5041966263988844,-0.021067002271526518,0.24721820374592135,0.47380911135842185,-0.03935158555155292,0.2776558776449198,0.45173551503083126,-0.050526223996610234,0.1275452454090328,0.5609241751765474,-0.010893370947809,0.19099612984361947,0.4892255885291647,-0.04186193163606716,0.24337325907518573,0.4736197074876065,-0.05372760837316756,0.27966708773351756,0.46197740710254437,-0.05583027256602765,0.10458478654157488,0.58154396594979,-0.02963987711817903,0.19205279122897256,0.5615988494930424,-0.06444806840940709,0.2028379714730446,0.6351829014514385,-0.059943543781437285,0.1922784960813857,0.6769771856429008,-0.04715892231753469,0.09714696297400373,0.6148288271865825,-0.04944431395972221,0.17761706789296094,0.6137863053807737,-0.07186028099608843,0.18305293444598858,0.668218919862203,-0.06564324470336658,0.16673215803091457,0.6955220326605114,-0.055027678632631805,0.0,0.0,0.0,0.0,0.0,0.0,0.0,0.0,0.0,0.0,0.0,0.0,0.0,0.0,0.0,0.0,0.0,0.0,0.0,0.0,0.0,0.0,0.0,0.0,0.0,0.0,0.0,0.0,0.0,0.0,0.0,0.0,0.0,0.0,0.0,0.0,0.0,0.0,0.0,0.0,0.0,0.0,0.0,0.0,0.0,0.0,0.0,0.0,0.0,0.0,0.0,0.0,0.0,0.0,0.0,0.0,0.0,0.0,0.0,0.0,0.0,0.0,0.0,0.44731571035560946,0.4011054166046514,0.018178675771927926,0.5000504292730921,0.40191670807204743,0.004284040473787033,0.5832952578554556,0.4033580006090427,-0.0009983718082241353,0.6371034680669438,0.3903703578518153,0.0064399312200139475,0.5422506983039428,0.5138052607584702,-0.06841605315449656,0.5439449025046996,0.5294362670509196,-0.03281315378937377,0.5413823097398129,0.49665781436685297,-0.07427008864253834,0.5407949852027822,0.47278178324764586,-0.07111996523946687,0.5283793734263194,0.49753908994529616,-0.07212138194495565,0.554725994637045,0.49587538719889923,-0.07334245821194466,0.4953402959100628,0.5912636580450434,0.01737526871254357,0.6036834768188135,0.5908473367769123,0.010524936230242154,0.5484199274875845,0.5701006663879987,-0.030455676467708182,0.5494684841515095,0.6275066177672344,-0.01143452743058281,0.48150736218337686,0.5960153865326969,0.019970280344803377,0.6169012281747295,0.5890281634439758,0.012057105698286254,no,2025-11-18T07:30:24.135746
0.14485829636018432,0.8234766498090995,6.977197944164386e-07,0.20078708771775414,0.7587432448091014,-0.0016209868422692524,0.23747621705456382,0.6584099365635324,-0.009995962967981548,0.2676284216287128,0.5926736439207908,-0.02387048240917479,0.3050545636010758,0.5435258140248486,-0.03673952145740665,0.1639468516840523,0.5604502116243232,0.001468952008490747,0.21090110658969108,0.5008752258886512,-0.024070690127667518,0.24757706234983598,0.46431928289020946,-0.04102952929559,0.276986170796108,0.4358131382031293,-0.05140208448933104,0.12899504995347116,0.5612535192536943,-0.014483523550913225,0.18994452284426838,0.4845291188800609,-0.04445830491887129,0.24225934553528877,0.4610086272471068,-0.05518569620967033,0.27908918675768896,0.4420785530233181,-0.05704116201934577,0.10531138417488023,0.5817763426970324,-0.03291988546029172,0.19226094072614247,0.5602947236089785,-0.06782842545173762,0.20368672789350473,0.6337332647191732,-0.06307637786348552,0.19355638655759577,0.6752786180556728,-0.050321066410794854,0.09811888505693861,0.6150590490322103,-0.05232656926733478,0.178681534925904,0.6145347780947448,-0.0753569440869114,0.18445696296197744,0.6694768117015025,-0.06956684649971834,0.16836894838305677,0.69678343459083,-0.05942375586623694,0.0,0.0,0.0,0.0,0.0,0.0,0.0,0.0,0.0,0.0,0.0,0.0,0.0,0.0,0.0,0.0,0.0,0.0,0.0,0.0,0.0,0.0,0.0,0.0,0.0,0.0,0.0,0.0,0.0,0.0,0.0,0.0,0.0,0.0,0.0,0.0,0.0,0.0,0.0,0.0,0.0,0.0,0.0,0.0,0.0,0.0,0.0,0.0,0.0,0.0,0.0,0.0,0.0,0.0,0.0,0.0,0.0,0.0,0.0,0.0,0.0,0.0,0.0,0.44921661295978715,0.4012656275375552,0.017949268445956755,0.5019330699088391,0.4031835474173332,0.004076631824678701,0.5850288430695735,0.4039128661616457,-0.0012206863921101956,0.6386263816984957,0.3906086627744794,0.00617531547071986,0.5442013171790863,0.5152646852040642,-0.06780792107106656,0.5457743740505065,0.5307218018337179,-0.032427875139282414,0.5433842524613066,0.49807493179203854,-0.07364226712271608,0.5428181969661677,0.47403194303545165,-0.07054428439542733,0.5304833614205724,0.49891006292270607,-0.07150657484260264,0.5565929959070846,0.49728877783177994,-0.0727265928206673,0.49766299539765835,0.5919163258067319,0.017353508956682244,0.6045840408271619,0.5917526004353464,0.010495756857722948,0.5501386696745021,0.5699361569206534,-0.03006143756284884,0.5514131022632853,0.6284570714148977,-0.011116579333269979,0.48334974112930135,0.5964885318035646,0.019946858865777274,0.6177679942772604,0.5895654776150848,0.012020465761720518,no,2025-11-18T07:30:24.266005
0.1456305213995822,0.8239180333853847,7.197317708643616e-07,0.20235154302870356,0.7579670937866918,-0.0004691863403181487,0.23985475416145624,0.6563266134939396,-0.008370339875052198,0.27101929001224,0.5911165398826062,-0.02195417663165706,0.3095917047655876,0.5430199796995734,-0.03464308417521555,0.166484273768166,0.5592880027790958,0.001171705206607151,0.21349683165235134,0.4980274842316715,-0.024117778391866254,0.24975679372813303,0.45704258686346255,-0.04069151246161584,0.2786092703479289,0.4244966255209372,-0.05094228869163264,0.13140828359127568,0.5596352375531014,-0.0154963084475624,0.19166392200515345,0.4800143297237295,-0.04522378994875449,0.24411560201836155,0.4517800306435882,-0.05580292181432308,0.2811098715513375,0.4288040808749098,-0.05776882420747161,0.10792255295994721,0.58010024920458,-0.03442449768074076,0.19489664825575617,0.557789045621399,-0.0692797309083849,0.20703310460455876,0.6309032102995737,-0.06422522338966474,0.1972434686260307,0.6725126277000166,-0.051367920652754605,0.10126027400134299,0.613644496153831,-0.0542444055568289,0.18187021334956394,0.6135468993070007,-0.07760558956998692,0.18807953775874064,0.6689175986321996,-0.07187816530956681,0.17245804413304908,0.696455156426198,-0.06182117947039378,0.0,0.0,0.0,0.0,0.0,0.0,0.0,0.0,0.0,0.0,0.0,0.0,0.0,0.0,0.0,0.0,0.0,0.0,0.0,0.0,0.0,0.0,0.0,0.0,0.0,0.0,0.0,0.0,0.0,0.0,0.0,0.0,0.0,0.0,0.0,0.0,0.0,0.0,0.0,0.0,0.0,0.0,0.0,0.0,0.0,0.0,0.0,0.0,0.0,0.0,0.0,0.0,0.0,0.0,0.0,0.0,0.0,0.0,0.0,0.0,0.0,0.0,0.0,0.45189901132627575,0.40214488227883316,0.0170925549420655,0.5047042826236395,0.4055797893603695,0.0034320214023846,0.5885496516945463,0.40575568082252206,-0.0014939505062980486,0.6420148238257799,0.3921617837798178,0.006181814240899943,0.5475066019832504,0.5175808048498807,-0.06772839690209136,0.5488822627279205,0.5329410822771037,-0.03220851058163557,0.5467387430233321,0.5003834281820148,-0.0736286073102804,0.5461742621431334,0.4762096494199475,-0.07060979893408756,0.5337953251290026,0.5011650291153142,-0.07153691356046529,0.5599707340127311,0.49961516976534676,-0.07266439517427636,0.5008762648401713,0.5927721575494383,0.01733314635229685,0.6064642978641425,0.5932147561331242,0.010999603249445534,0.5528420594656995,0.5709435048957973,-0.029793323390556233,0.5540507054895528,0.6302084932880152,-0.010404424821001483,0.4862401637575141,0.5981794875738404,0.01994821271934093,0.6202465617023813,0.5917427350309921,0.012639709670245339,no,2025-11-18T07:30:24.414123
0.14754830937723556,0.8227270785689893,7.315102043072225e-07,0.2041669948496179,0.7569765941307421,-0.0014100675456454482,0.24160420951824338,0.6559124398570162,-0.009910643568699471,0.2728572240085004,0.5908002814883917,-0.023863617172880856,0.31172510691465416,0.5424889174620914,-0.03686283919554273,0.16911527131830617,0.5588435718069521,-0.001542066044298625,0.2143765750511627,0.4950949900415941,-0.026795846112682604,0.24954219686521092,0.45222920778414827,-0.04293119479522767,0.27761161053864947,0.4171372824202739,-0.05281540657323236,0.13394546234607957,0.5587642568838505,-0.01770702958933649,0.19272080120109358,0.4777902988454768,-0.046747326249148936,0.2444887588629749,0.44619384880644375,-0.05665713318318159,0.28133201702681315,0.41979788799643014,-0.05856212539359272,0.10990596882344704,0.5788367743062695,-0.036064089708962646,0.19640542314835918,0.5561814695842285,-0.07067341386889964,0.20796940818730822,0.6291776726928167,-0.0653798601167398,0.19798331790352286,0.6709752564922202,-0.05259015821701661,0.10257863593517887,0.612175174331188,-0.05538159746880885,0.18250427703057878,0.6122378067911805,-0.07869465243884974,0.188576281969504,0.6678332399861132,-0.07293266073114602,0.1730729671525269,0.6959257004760537,-0.06299015973060018,0.0,0.0,0.0,0.0,0.0,0.0,0.0,0.0,0.0,0.0,0.0,0.0,0.0,0.0,0.0,0.0,0.0,0.0,0.0,0.0,0.0,0.0,0.0,0.0,0.0,0.0,0.0,0.0,0.0,0.0,0.0,0.0,0.0,0.0,0.0,0.0,0.0,0.0,0.0,0.0,0.0,0.0,0.0,0.0,0.0,0.0,0.0,0.0,0.0,0.0,0.0,0.0,0.0,0.0,0.0,0.0,0.0,0.0,0.0,0.0,0.0,0.0,0.0,0.4541637397768311,0.4027253107215928,0.016653455384221687,0.5074749817163302,0.4064894387523359,0.00325516665848134,0.5907675216556838,0.4068312257643494,-0.0011441783940411127,0.6441220156707482,0.39395379881320297,0.006890946765734386,0.549803689804644,0.5179212975627272,-0.0679706877219712,0.5510585391627274,0.5334952966164571,-0.03236701567668872,0.5491005476495903,0.5006999330946847,-0.07387408386539678,0.548596011686801,0.47659652380951445,-0.07082947264414301,0.536108567401156,0.5014326556060885,-0.07183699312142298,0.5623489903870266,0.5000204926738111,-0.0728488602742014,0.5027731145768393,0.5936711587307739,0.016979712145391,0.6087557828889805,0.594188037456058,0.011344577677704382,0.5555065764647986,0.5719634743164137,-0.029948415886795948,0.5563172507569376,0.6311694388666028,-0.010569424873671032,0.48795051143274265,0.5987325450717103,0.019531766097436253,0.622221813766306,0.5929208005084312,0.013028758538961255,no,2025-11-18T07:30:24.549235
0.14753529002835472,0.8234873386085303,6.24860337198965e-07,0.2044550112683453,0.7525302418075739,0.000816455926548435,0.2409381273268707,0.652938207404857,-0.006330938545274194,0.27156181884858,0.5877670328435763,-0.019499813593200785,0.3096582726040556,0.5404121800025605,-0.03174609700014849,0.16760044353621684,0.555710563493274,0.0027727723088424323,0.21590017095129393,0.5000598606004021,-0.021690566409684312,0.25490416103369495,0.46910749675344043,-0.038170845902490924,0.2859876291190028,0.44829300906711633,-0.04801303101202664,0.1339781717658056,0.5557458588725283,-0.013846127432247685,0.1947401243282499,0.4830490662585233,-0.042271502015126985,0.24668580940413606,0.46102756498149183,-0.05296031643018142,0.2826018189601458,0.4469187809008335,-0.055112631682973805,0.11074957411409131,0.5758408186220983,-0.03252455194713603,0.19708999120388693,0.555709053588272,-0.06640540078091398,0.20937708564253565,0.6278294240577426,-0.06229842186654594,0.1996004026789686,0.6710273566492015,-0.05013680477085896,0.1028696539124804,0.6092614868161677,-0.05186365241286932,0.18222477068501292,0.6075027861565918,-0.07425750961934056,0.18933986917374354,0.6626955723532097,-0.06805134944740399,0.1749438584947243,0.6932241856109517,-0.05752086686118785,0.0,0.0,0.0,0.0,0.0,0.0,0.0,0.0,0.0,0.0,0.0,0.0,0.0,0.0,0.0,0.0,0.0,0.0,0.0,0.0,0.0,0.0,0.0,0.0,0.0,0.0,0.0,0.0,0.0,0.0,0.0,0.0,0.0,0.0,0.0,0.0,0.0,0.0,0.0,0.0,0.0,0.0,0.0,0.0,0.0,0.0,0.0,0.0,0.0,0.0,0.0,0.0,0.0,0.0,0.0,0.0,0.0,0.0,0.0,0.0,0.0,0.0,0.0,0.4546476799727585,0.40317763467560047,0.01662833129994423,0.5084529037133134,0.40727746831377476,0.0032957405016299985,0.5912211631715919,0.4076638922152893,-0.0009474525324996072,0.6448828335780956,0.3944553725930944,0.007209490402288055,0.5504277724459621,0.5178071701589271,-0.06817185236752209,0.5517478328996163,0.5334273226952067,-0.03251546362886407,0.5497048048268398,0.5006877758716068,-0.0740723337773048,0.5491829748394486,0.47675233557228347,-0.07099137788167234,0.536725051246278,0.5014353386329697,-0.07204392926063025,0.5629457676143965,0.5000311377648994,-0.07302597356361437,0.5030224365666026,0.594341613739624,0.01684269359800363,0.609562345170305,0.59478145983864,0.011359451118934893,0.5562213308444751,0.5735258386348762,-0.030174532299953913,0.557049950375417,0.6315873267788825,-0.010771045248250712,0.4886673130875109,0.5988599429994171,0.019387438965683134,0.6231959393462267,0.5928838354653972,0.013066824506074113,no,2025-11-18T07:30:24.687673
0.15031000758494,0.826698629650487,5.077814308771368e-07,0.2072858255008299,0.7516496900718778,0.0007366961803230115,0.24096794440741576,0.6548943322981622,-0.006288690260255067,0.27063939846085006,0.590924008718007,-0.01979117999562221,0.3075339414377547,0.5451817176620316,-0.03201555465246568,0.16541720458575826,0.5524929212691895,0.008442936742879992,0.21805926568766784,0.5055241374439846,-0.017188924988884274,0.2591123780298556,0.49024709463869837,-0.03610294205274597,0.2911135621982038,0.48376976383951215,-0.0475089696676573,0.13366860082745619,0.5545836781087494,-0.008283218543249213,0.20085778473978946,0.4955742813115584,-0.03857597879923048,0.2529414775522954,0.494036377657906,-0.05118579732410618,0.2873362379874963,0.4972730851659166,-0.054100165920665716,0.1118970931118762,0.576091581453078,-0.027692017020890764,0.19938075106935832,0.5590923972489242,-0.061682075335620715,0.21071107957587598,0.6313893156818253,-0.05863398924810184,0.19975200502371893,0.6743084163788763,-0.04728578971894179,0.10403943146869328,0.6106442977427243,-0.047935931357134275,0.18419206405678182,0.6079883713707611,-0.06963476251082881,0.1907467732590329,0.6624304878596493,-0.06335384588749937,0.1751245678019352,0.6929604380851695,-0.05286358133963914,0.0,0.0,0.0,0.0,0.0,0.0,0.0,0.0,0.0,0.0,0.0,0.0,0.0,0.0,0.0,0.0,0.0,0.0,0.0,0.0,0.0,0.0,0.0,0.0,0.0,0.0,0.0,0.0,0.0,0.0,0.0,0.0,0.0,0.0,0.0,0.0,0.0,0.0,0.0,0.0,0.0,0.0,0.0,0.0,0.0,0.0,0.0,0.0,0.0,0.0,0.0,0.0,0.0,0.0,0.0,0.0,0.0,0.0,0.0,0.0,0.0,0.0,0.0,0.45468864830737843,0.4028718550003063,0.01631665266122595,0.5089580473728615,0.40721211009721026,0.00316545712652191,0.5909837531537128,0.40782036409069977,-0.0007424141386987397,0.6449188170919348,0.3951757844792254,0.007619082170847464,0.5507864842034803,0.5178532224924884,-0.06830193898946135,0.5520850589897861,0.533528131638741,-0.032605896343040355,0.5500981285219709,0.5007408846723299,-0.07419962192791517,0.5496047256113289,0.476846230399629,-0.07110160755689261,0.5370997523477636,0.5014857645713829,-0.07220559381527644,0.5633593124017875,0.5001078666748844,-0.07311546898147607,0.502386065456992,0.5947410354464722,0.016581071794495705,0.6111687460657587,0.5945580907019432,0.011543637963050973,0.5561614457185633,0.5736059211599369,-0.03027573849544834,0.5571416419815318,0.6316664816210239,-0.010754038938900107,0.4887955207767724,0.599270660205153,0.019116424991610127,0.6234281922797723,0.593239610508425,0.01329149677373465,no,2025-11-18T07:30:24.821079
0.15151562435073188,0.8259616040155359,4.7133276558185896e-07,0.20747873390214835,0.7517098548015639,0.0001195498918620233,0.2401840165972473,0.6566288670939816,-0.006734291673925384,0.26806606787704673,0.5930746416404213,-0.020240860855026032,0.30330647119380716,0.5470341872116005,-0.032185452081686904,0.16419744257484248,0.5522037469924743,0.012401730892349305,0.21724305752645112,0.5075255825254743,-0.013917090217659148,0.25904972357989975,0.5002016842402781,-0.034188104258608895,0.29170671443726715,0.5016244596899893,-0.046061273546568596,0.13307858969271216,0.5540495263846207,-0.0035889578574425695,0.20261665254416916,0.5016956258299583,-0.03424443483281464,0.2537091614083651,0.5088878279872019,-0.04784871795292948,0.28742894915770384,0.5194784987215691,-0.05086647664865397,0.11169425996869979,0.5749692588394846,-0.022736059905146384,0.199227941838886,0.5611253354729118,-0.05597224090200607,0.2089404030334252,0.6331989744092873,-0.05363490179351217,0.1981267939423328,0.6764030740322573,-0.04251935244635539,0.10337596056662393,0.6087885583161712,-0.04296043253063604,0.18355024737615777,0.6080303857319198,-0.06342780818798772,0.18980617273657974,0.6613522881211851,-0.05726960768953826,0.17484383138774967,0.6918239876392339,-0.04663501598443673,0.0,0.0,0.0,0.0,0.0,0.0,0.0,0.0,0.0,0.0,0.0,0.0,0.0,0.0,0.0,0.0,0.0,0.0,0.0,0.0,0.0,0.0,0.0,0.0,0.0,0.0,0.0,0.0,0.0,0.0,0.0,0.0,0.0,0.0,0.0,0.0,0.0,0.0,0.0,0.0,0.0,0.0,0.0,0.0,0.0,0.0,0.0,0.0,0.0,0.0,0.0,0.0,0.0,0.0,0.0,0.0,0.0,0.0,0.0,0.0,0.0,0.0,0.0,0.4540486087024487,0.403014127363587,0.01614907774610408,0.5087904958639362,0.4075175830399,0.0031000136904536907,0.5907352292284525,0.4082411181196068,-0.0006268954830941623,0.6444067149405444,0.3954916892700616,0.007847372529716993,0.5505409185696357,0.5179039350167673,-0.06814582299128219,0.5518390025211687,0.5334431143575785,-0.032554992759847586,0.5498720146241447,0.5008077318125597,-0.07403184724458961,0.5493919013798831,0.4769360186517341,-0.07093683713463603,0.5369097756947558,0.5014882979732525,-0.07206038292786947,0.5630928239159664,0.5001915604622286,-0.0729296994520284,0.5024897913802294,0.5947773103639221,0.016522240951888624,0.6102466900704617,0.5948351774291424,0.011667636168208904,0.5563541265038434,0.5743532907420168,-0.030172717140545004,0.5568967661296972,0.631994038883327,-0.010989794687191782,0.4884301433534741,0.598374554774894,0.018986338301957884,0.623317165445306,0.5926532472746288,0.013384358021207134,no,2025-11-18T07:30:24.951161
0.1523623498412099,0.8244639706097576,4.4236647627670823e-07,0.20712594044455485,0.7513570369283699,-7.848031227619776e-05,0.2392678521931053,0.6565033893308347,-0.006823630130527846,0.26692144045364485,0.5933212449229939,-0.020231305087826147,0.3013310188477123,0.5474796509216266,-0.031996958900454966,0.16317835333125974,0.552330986836615,0.014015996432447941,0.2158907264656334,0.5090760983096274,-0.012317086493168906,0.2575947245133004,0.5057168811578435,-0.03312774627736811,0.2904898988236293,0.5104164156646205,-0.04526125075000129,0.13230722380429522,0.5544309192553902,-0.0016442561317745207,0.20271757527978645,0.505613383078706,-0.032066164500655386,0.25259081727644817,0.517664790448908,-0.045845643473248945,0.28547725274180813,0.5316665166737882,-0.04883241440038156,0.11104528532788246,0.5752701893123967,-0.020647618189978015,0.19808351139624203,0.5621496127933712,-0.05303015561750503,0.20734973319825023,0.633529334206673,-0.050848903731362256,0.1970962812709215,0.6762033842832795,-0.03993012898184755,0.10262264146309293,0.6087411088108718,-0.04083806704044066,0.18261778047928906,0.6079063748117607,-0.06031347925592776,0.1883548694293174,0.6608148869843291,-0.054028273103912006,0.17340499089538622,0.6913804851354586,-0.04335391294462525,0.0,0.0,0.0,0.0,0.0,0.0,0.0,0.0,0.0,0.0,0.0,0.0,0.0,0.0,0.0,0.0,0.0,0.0,0.0,0.0,0.0,0.0,0.0,0.0,0.0,0.0,0.0,0.0,0.0,0.0,0.0,0.0,0.0,0.0,0.0,0.0,0.0,0.0,0.0,0.0,0.0,0.0,0.0,0.0,0.0,0.0,0.0,0.0,0.0,0.0,0.0,0.0,0.0,0.0,0.0,0.0,0.0,0.0,0.0,0.0,0.0,0.0,0.0,0.4530487830251593,0.4036482741186145,0.017177676872825065,0.5076706423716654,0.4080338035362464,0.003792206456145606,0.5898792606465596,0.4081804728142666,-0.0004201825982192005,0.6437121226909143,0.3951623736944409,0.007774304409355772,0.5487613352442142,0.517016088516303,-0.0684676525539907,0.5501340372121988,0.5327223942664205,-0.03289659754664895,0.5480904150517116,0.49993348095087364,-0.07428882023994579,0.5476720213324129,0.476175803038483,-0.07107092109217077,0.5351359331411859,0.5006421356370931,-0.07225262699793514,0.5613397936489621,0.4993444785848817,-0.07324056537514216,0.5014639725619867,0.5946322801075745,0.016316139668341906,0.6087380210339186,0.5949170963802053,0.010808810098572168,0.5561663613571616,0.5747739439931397,-0.030777473159844457,0.55623425051747,0.631801262529432,-0.011447849773248104,0.486935586212641,0.5981859610784718,0.01885172422948541,0.6217144942636381,0.5927232665606694,0.01249902788305654,no,2025-11-18T07:30:25.081535
0.15238358985047173,0.8234696125727163,4.3030974980162535e-07,0.20771699077014424,0.7500928432246219,0.0010122584208606118,0.23991891557275657,0.6557951023440215,-0.005307297949983891,0.2680027980065923,0.5939795876581064,-0.018597154145549483,0.30235144766295374,0.5487052011226633,-0.03045507381308244,0.1614495211947818,0.5517784437433197,0.01550730298019673,0.21536980868312264,0.5099104840093212,-0.010460545736151256,0.2577691773659031,0.5082766518006168,-0.03159455429430606,0.2910655372852735,0.5151397125587202,-0.04400415808746021,0.13109467542544015,0.5547265198655796,-0.0005945791126251026,0.2036973401148688,0.5088541191936193,-0.030276440065176116,0.2533819884378762,0.5228343607472201,-0.04422997908919119,0.2852864424090358,0.5379278954924269,-0.0475823756813023,0.11074148081921086,0.5764626927511385,-0.019970737032854263,0.19834993352690977,0.563268496935092,-0.05164475739921615,0.2081779915514414,0.6347653711534006,-0.04954034213019223,0.19799717169043435,0.6776724230662461,-0.03891851265240659,0.10285624779215055,0.6106289646208137,-0.04042463404714923,0.18251990373556662,0.6076129543183406,-0.059542820429450846,0.18890432504020496,0.6608743993923568,-0.052849341421464746,0.1743516545811274,0.6923835795313829,-0.041902500001107866,0.0,0.0,0.0,0.0,0.0,0.0,0.0,0.0,0.0,0.0,0.0,0.0,0.0,0.0,0.0,0.0,0.0,0.0,0.0,0.0,0.0,0.0,0.0,0.0,0.0,0.0,0.0,0.0,0.0,0.0,0.0,0.0,0.0,0.0,0.0,0.0,0.0,0.0,0.0,0.0,0.0,0.0,0.0,0.0,0.0,0.0,0.0,0.0,0.0,0.0,0.0,0.0,0.0,0.0,0.0,0.0,0.0,0.0,0.0,0.0,0.0,0.0,0.0,0.452544980983443,0.4045049930487634,0.016498103783237655,0.5072956688382679,0.40862599781838566,0.0032353428784787463,0.5893058410223613,0.40907311318478223,-0.000816487767465852,0.6430766679109325,0.3962082117362128,0.007482022185266441,0.5487800673794924,0.5183477876339297,-0.06822273048494022,0.5501168540495961,0.5340550147487193,-0.03260769911721943,0.5480892145887678,0.5012441276176183,-0.07411072652193136,0.5476066708281785,0.47740256194919606,-0.07101307271368221,0.535125796189047,0.5019671990956309,-0.07210201188062994,0.5613095154596587,0.5006295494921784,-0.07304550067367796,0.5005779976812161,0.594834065554657,0.01670328600710453,0.6092777927606879,0.5953614302892543,0.011426600381038383,0.5551468484527813,0.5747065129740478,-0.03026550364157298,0.5555238773682626,0.6320561543264683,-0.010931435086021854,0.48686833703446686,0.5991320931071376,0.019218204896763274,0.6216528523144668,0.5934411368165591,0.013130756559493015,no,2025-11-18T07:30:25.220502
0.15158568029930508,0.823318140493893,4.427422105446878e-07,0.20704170528115978,0.7516995862374788,0.0007063728917502952,0.23935861048251095,0.6584271813561844,-0.005894441055751948,0.26668744774940517,0.5970269394436772,-0.019396003435110422,0.30066491798621625,0.550976713882636,-0.03142749634856068,0.1605584618503282,0.5534034411557175,0.01534736286256326,0.21468670815692614,0.5103549757864752,-0.01138397839794423,0.2578030278328081,0.5093148700897615,-0.03293775131759943,0.2917789187786307,0.5172538229160177,-0.045486465547426545,0.13003742504306143,0.5562223686192369,-0.0007693623301584176,0.20345572452940403,0.5081292232930987,-0.031442509954706245,0.25400508494769786,0.5237296820425401,-0.04574664981230628,0.2862719674756513,0.540598645660337,-0.04897950536305773,0.10978069138120883,0.5777760777541245,-0.0202233053782402,0.19779414470096252,0.5620463859759384,-0.05262629315716766,0.2076426410885068,0.6346261424172155,-0.050512646008495546,0.19703100820897526,0.6780159657903252,-0.03962261172140116,0.10220672521467307,0.6118116985350772,-0.040759243209063316,0.18249768314572595,0.608173631995825,-0.06021232000273793,0.18877750380437752,0.6617122753702354,-0.05350207363026324,0.17382937278941166,0.6930539568856713,-0.042421196951227993,0.0,0.0,0.0,0.0,0.0,0.0,0.0,0.0,0.0,0.0,0.0,0.0,0.0,0.0,0.0,0.0,0.0,0.0,0.0,0.0,0.0,0.0,0.0,0.0,0.0,0.0,0.0,0.0,0.0,0.0,0.0,0.0,0.0,0.0,0.0,0.0,0.0,0.0,0.0,0.0,0.0,0.0,0.0,0.0,0.0,0.0,0.0,0.0,0.0,0.0,0.0,0.0,0.0,0.0,0.0,0.0,0.0,0.0,0.0,0.0,0.0,0.0,0.0,0.45274398910031066,0.4042535019355298,0.015842221700006584,0.5075542930353907,0.40818523253841954,0.002665209916235497,0.5895429666308706,0.40891656219045935,-0.0013684938613849095,0.6432309795052404,0.39620397237754396,0.006883625708714339,0.5493814565813631,0.518719369061487,-0.06825722338126977,0.5506940271148248,0.5342006486154333,-0.0324254046783626,0.5486638587840231,0.5016450285247668,-0.07424141963646921,0.5481324910976066,0.4777208090059472,-0.07128169863644697,0.5356293043445235,0.5023800171656133,-0.0722391837047307,0.5619343514359603,0.5009619917813828,-0.07317757286520125,0.5007775185091872,0.5950311899771881,0.01756064630302698,0.6092510859116702,0.5952921007285047,0.012241080745707848,0.5550068494144552,0.5747649462453247,-0.029746568335397735,0.5559859002758518,0.6328605003733783,-0.010020035341476417,0.48730055254662186,0.5992083113965558,0.020076718358256078,0.6224853152124854,0.5930947403805543,0.013943908502669071,no,2025-11-18T07:30:25.349132
0.15294974895979124,0.822987326377165,4.224138290742913e-07,0.20801359148354406,0.7505213417237047,0.0013163459916655518,0.23995369254126997,0.6577547205055916,-0.005225724489737108,0.2676075969749834,0.5965971625109163,-0.018869814512657807,0.3016948632203649,0.5512709122830386,-0.031232506620258504,0.16070242956551062,0.5525554736677636,0.015546010524797503,0.21468273625009393,0.5098564525081057,-0.011544646103580126,0.2581781173767159,0.5100404497238358,-0.03363273347644956,0.2923469079910381,0.5187922452058726,-0.04651024028854768,0.13025555664394053,0.5559560007559228,-0.0009290054494986261,0.2041306238432619,0.5093447189062997,-0.03134112338996699,0.2539481274862848,0.5264374316107934,-0.04568865113489097,0.285159591826319,0.543202079759566,-0.049157518626725016,0.1100228129903042,0.5780693905387444,-0.0207019163314908,0.19823330161521743,0.5638091450791862,-0.05290304497114193,0.20765333444930179,0.6361526808315631,-0.050910020554544556,0.19639254460989686,0.6784577759955197,-0.04027283907932279,0.10226811261711169,0.612517446805533,-0.04148120626255836,0.18226306288347852,0.6085782763212462,-0.060605363131971804,0.18839014939269016,0.6619238786023235,-0.05354349414237829,0.17288577361203677,0.6927148382164715,-0.042314746133366034,0.0,0.0,0.0,0.0,0.0,0.0,0.0,0.0,0.0,0.0,0.0,0.0,0.0,0.0,0.0,0.0,0.0,0.0,0.0,0.0,0.0,0.0,0.0,0.0,0.0,0.0,0.0,0.0,0.0,0.0,0.0,0.0,0.0,0.0,0.0,0.0,0.0,0.0,0.0,0.0,0.0,0.0,0.0,0.0,0.0,0.0,0.0,0.0,0.0,0.0,0.0,0.0,0.0,0.0,0.0,0.0,0.0,0.0,0.0,0.0,0.0,0.0,0.0,0.4527349978040921,0.40428511264112,0.015614302374598314,0.5073120297784223,0.40854440076074877,0.0024837719308219803,0.5896019247903499,0.40868152647753864,-0.0014116274401807394,0.6429813528374133,0.3965135700892236,0.006953033071108268,0.549344967706804,0.5183713107743348,-0.0683232711323444,0.5506605101470731,0.533852507745064,-0.03248061480153501,0.5486404916707591,0.5012865364219599,-0.07430522392355458,0.5481247961450405,0.4774083405848599,-0.07134342059107351,0.5356336991464439,0.5019992608449222,-0.07232005189889512,0.5619024929958885,0.5006215138407494,-0.07322612989888252,0.5008217571965644,0.5946410239036178,0.01767190750317231,0.6093727966122224,0.5949626909797157,0.012561114210462023,0.5554483471544323,0.5748985306139649,-0.029757415196947107,0.5562382203901537,0.6324384603688791,-0.009749599743681657,0.48704822739940956,0.5986174425272727,0.020140970214236605,0.6225573000355945,0.5926151146837617,0.014241349300995933,no,2025-11-18T07:30:25.481339
0.15245237873328307,0.8230699938503562,4.259561924530167e-07,0.20715778187677797,0.7503885228248955,0.0009668776747333158,0.23955505131967292,0.6571867770237309,-0.005715454903120078,0.2669400411155892,0.5961155730614884,-0.0194326318117617,0.3000564690333163,0.5495427599516389,-0.03168626531331262,0.1581582091017174,0.5534153739722485,0.016081368409478696,0.2125981193047421,0.5091455230928132,-0.011382490566322867,0.25625606005497326,0.5095818577335457,-0.033539064502859865,0.2906275606840185,0.5188509987873998,-0.046239615530755125,0.12788917449163273,0.5572253737204754,-0.0001268457008295668,0.20317707414725883,0.5095881035193883,-0.0307778413383999,0.2525497999081891,0.5278456956332775,-0.044951816837153165,0.2833017428678867,0.5452815182142099,-0.04815253974570599,0.10818980257111607,0.579358012320306,-0.019819780905763768,0.19699502496694482,0.5630533638527645,-0.05223070271428114,0.2068482069723659,0.6356898526933847,-0.05011925209784608,0.19611385886996613,0.6781075791942015,-0.03926879711946963,0.10132847995429063,0.6136300715453904,-0.04055460452757759,0.1815736524706394,0.6082508025988708,-0.059635567084655984,0.18784031953315233,0.6617283191343832,-0.05256603148941443,0.1726637398367,0.692756785963857,-0.041297978114028175,0.0,0.0,0.0,0.0,0.0,0.0,0.0,0.0,0.0,0.0,0.0,0.0,0.0,0.0,0.0,0.0,0.0,0.0,0.0,0.0,0.0,0.0,0.0,0.0,0.0,0.0,0.0,0.0,0.0,0.0,0.0,0.0,0.0,0.0,0.0,0.0,0.0,0.0,0.0,0.0,0.0,0.0,0.0,0.0,0.0,0.0,0.0,0.0,0.0,0.0,0.0,0.0,0.0,0.0,0.0,0.0,0.0,0.0,0.0,0.0,0.0,0.0,0.0,0.45209994461890396,0.4045050490011096,0.016209047060547734,0.5069406778511709,0.40818228295903347,0.0030667734348218865,0.5890158965058164,0.4080904348171766,-0.0008488317619441627,0.6424372506298273,0.39581846631521117,0.007503952091608249,0.5489783937254571,0.5179900362808747,-0.06854702614587267,0.5503050482692611,0.5335430751615945,-0.032787743295376,0.5482556234331883,0.5008593946529355,-0.07447421302479038,0.5477154284680281,0.47698616535048965,-0.07140735842094684,0.5352352043229015,0.501590908498633,-0.07248127853390496,0.5615339426973613,0.5001852742419612,-0.0733936868058923,0.5010243892069552,0.5950017839816857,0.017418524341664986,0.6087701032545365,0.5951580279620868,0.012242016235279762,0.5555371015385656,0.5748538323102326,-0.030083132568325524,0.5561492374819879,0.6316773490999974,-0.010909935465106123,0.48635352592161335,0.5980333726003062,0.019792228050047572,0.6227922825537318,0.5919133658383561,0.013825467030830913,no,2025-11-18T07:30:25.609756
0.15194857828980973,0.8233977577074199,4.174767293649363e-07,0.20733155616008012,0.7498873272941768,0.002260793698044973,0.23901098489407413,0.657232150747507,-0.003969446626801926,0.2662690499080754,0.5967333534424416,-0.017617026123535554,0.2997376082291978,0.5501737768931626,-0.029902631562791868,0.156652582772752,0.5533807059184668,0.01768665194903018,0.21127129551081145,0.5090875153649186,-0.009312070991073878,0.255140759672262,0.5093373327516606,-0.03116231704808511,0.28929982665624876,0.5193588220617755,-0.043677090257895984,0.12680552317225374,0.5572477714892965,0.0007386840138699407,0.20241287825156978,0.5091074610881549,-0.029266942058445936,0.2518413377945563,0.5275711491796301,-0.04324867101518379,0.28152841428729874,0.5450212899413029,-0.046421073310443595,0.10756917481818705,0.5794510398515593,-0.019614789495726655,0.19639636083828885,0.5610533924366361,-0.05163182411400321,0.20772487066948678,0.6343854358090489,-0.049090225792050864,0.19706350776120835,0.6774418451600738,-0.03806405786673783,0.10098277539446365,0.6138113514903923,-0.040906669123582456,0.18146986923840197,0.606957676928479,-0.05972949535434734,0.18858939749946343,0.6613998396228099,-0.05213496206881725,0.17343139972114924,0.6932213972086131,-0.04052426216549645,0.0,0.0,0.0,0.0,0.0,0.0,0.0,0.0,0.0,0.0,0.0,0.0,0.0,0.0,0.0,0.0,0.0,0.0,0.0,0.0,0.0,0.0,0.0,0.0,0.0,0.0,0.0,0.0,0.0,0.0,0.0,0.0,0.0,0.0,0.0,0.0,0.0,0.0,0.0,0.0,0.0,0.0,0.0,0.0,0.0,0.0,0.0,0.0,0.0,0.0,0.0,0.0,0.0,0.0,0.0,0.0,0.0,0.0,0.0,0.0,0.0,0.0,0.0,0.4516148693698463,0.40461080015248657,0.01635777100738807,0.5064205304233882,0.4084267416172273,0.003114248347329161,0.5885529495212951,0.4081529936928061,-0.0010147237518518507,0.6416129326898679,0.3959648283171362,0.007164102143632275,0.5486264255900692,0.5180002666870377,-0.06836335402151802,0.5499570864648765,0.5335234825995656,-0.03264052574095354,0.5478915577397723,0.5008794441736204,-0.0742890561624444,0.5473364010435539,0.47698575035026314,-0.07124321687870157,0.5348484108963445,0.5016450588559449,-0.07227472412346264,0.5611664130677358,0.500171076833505,-0.07323704247411505,0.5006054162679063,0.595107330389204,0.017386234411042072,0.608384237189402,0.5949509975091807,0.012001307607585054,0.5546145423807636,0.574275759252803,-0.029960037970704796,0.5554265345773282,0.6318942704247851,-0.010697855616931495,0.4862154321893605,0.598500969032163,0.019836611602214185,0.6220232143264112,0.5920111951815223,0.013608896260772017,no,2025-11-18T07:30:25.774088
0.15194588508787896,0.8235830079011037,4.171311414950841e-07,0.2078943714891015,0.7507210274242491,0.0020925070271019426,0.23991172522129472,0.656465225077733,-0.003772846242102304,0.26722204281158923,0.5955124904247577,-0.016962850356167514,0.3002841948445031,0.5489611712834954,-0.028834302051287196,0.15808968151022015,0.5524061809011279,0.017639127524665007,0.2123814123685573,0.5088994267040657,-0.008994632443028108,0.2561525891848096,0.5086901321541811,-0.030822822427040528,0.2901341819934381,0.5182243329058878,-0.0434573248776262,0.12806153751176316,0.5562014349637797,0.0007722816292254028,0.20283351330781843,0.5087150288190714,-0.029253072919667722,0.2529744363399814,0.5254767574416064,-0.043730081478794744,0.2836553906391709,0.5421497495753725,-0.04723146740737996,0.10852115693290487,0.5788350181881851,-0.019433797267506634,0.1973464389860008,0.5621594176424208,-0.051242582965929526,0.20824109088760745,0.635194763059096,-0.04912965026801849,0.19721189246855583,0.6781887758877609,-0.03843923235436558,0.10151259854651695,0.613797653532214,-0.040605165771450805,0.182101143708957,0.6080347016062531,-0.05938143715652471,0.18882740459318037,0.6620097151910436,-0.05204395449997049,0.1733299882502574,0.6934222017762273,-0.04062802678618317,0.0,0.0,0.0,0.0,0.0,0.0,0.0,0.0,0.0,0.0,0.0,0.0,0.0,0.0,0.0,0.0,0.0,0.0,0.0,0.0,0.0,0.0,0.0,0.0,0.0,0.0,0.0,0.0,0.0,0.0,0.0,0.0,0.0,0.0,0.0,0.0,0.0,0.0,0.0,0.0,0.0,0.0,0.0,0.0,0.0,0.0,0.0,0.0,0.0,0.0,0.0,0.0,0.0,0.0,0.0,0.0,0.0,0.0,0.0,0.0,0.0,0.0,0.0,0.45142971611707494,0.40528839201006595,0.016681007518455006,0.5062624402567075,0.4091865320291642,0.0033457630550722587,0.5880924153791626,0.40813104618283647,-0.0008649641623112976,0.6416546928921751,0.3959005759084079,0.007309851983108571,0.5482954098413145,0.5179448831756721,-0.06838916635225643,0.5496712872490856,0.5335192593528376,-0.032718798911855744,0.5475427808993051,0.5007955618161193,-0.0742839549980599,0.5469800837329128,0.4769012171789539,-0.07119091117706364,0.5345223044414736,0.5015697034525544,-0.07225805619239042,0.5608232356304713,0.5000786689814422,-0.07323857190577396,0.5004614055006676,0.5952881045676184,0.017131167021116188,0.6083528923488208,0.5951811192818578,0.011645352431085637,0.5549066655118234,0.5748691694899879,-0.03017953495391357,0.5556150955776961,0.6316410501026819,-0.01102214912092903,0.4861705848090128,0.5986572216052386,0.01959747892047326,0.6218737609317451,0.5920930116170215,0.013259957588123216,no,2025-11-18T07:30:25.974547
0.15166446371169462,0.823070765062765,4.1088484141770135e-07,0.20724196808507733,0.7508600602399871,0.001163666609273412,0.2395345519474241,0.656920339990191,-0.005184393285618384,0.2668771425548577,0.5949476266668466,-0.01869021350595651,0.2996020703998898,0.5472874088953793,-0.030813265628328573,0.1585368285795501,0.5514087622378259,0.016770437807823724,0.2128717699555265,0.5078593970564091,-0.010182055200257608,0.256906459263349,0.5076994664734376,-0.03195012806618521,0.2908656549539334,0.5173658898358937,-0.04440711963934029,0.1284872614183114,0.5550323609679129,0.0003591353266761525,0.20352623357785177,0.5083397901339467,-0.02947793429455209,0.2530707645700609,0.5272977668815088,-0.04336800307534155,0.28255581135504687,0.5447613731912355,-0.046520256420689035,0.10899116144875415,0.5776677765997382,-0.019535053952251927,0.19727535795268286,0.5609872930115791,-0.051739031681934604,0.208284594473154,0.6342105192515634,-0.049439175190061455,0.19720318221192762,0.6767778570009636,-0.03853121002266943,0.10179734356809261,0.6127730850459074,-0.04042627511511555,0.18216960793293158,0.606696263681163,-0.05959140353099826,0.1891639501923078,0.660952239807207,-0.05219675723135998,0.17365032142853826,0.69253263051496,-0.040646061108874705,0.0,0.0,0.0,0.0,0.0,0.0,0.0,0.0,0.0,0.0,0.0,0.0,0.0,0.0,0.0,0.0,0.0,0.0,0.0,0.0,0.0,0.0,0.0,0.0,0.0,0.0,0.0,0.0,0.0,0.0,0.0,0.0,0.0,0.0,0.0,0.0,0.0,0.0,0.0,0.0,0.0,0.0,0.0,0.0,0.0,0.0,0.0,0.0,0.0,0.0,0.0,0.0,0.0,0.0,0.0,0.0,0.0,0.0,0.0,0.0,0.0,0.0,0.0,0.4526527481113329,0.4049163131429419,0.016508475616119612,0.5068821404240691,0.40891228115988393,0.003246878029510891,0.5890608275168518,0.4084595655833311,-0.0008176511082960129,0.6426257902403381,0.39556634356199966,0.0074498724665087715,0.5491955138062317,0.5182219797710483,-0.06844849336003478,0.5505002711765753,0.5337931768394284,-0.0327970473201504,0.5484554917928075,0.501015851272058,-0.0743338155250767,0.5478709343816389,0.477041340806312,-0.07123165708942446,0.5354024219045748,0.5017887131535843,-0.07232761432170486,0.5617214310762677,0.5002860679177688,-0.07327434317453806,0.5006399482413617,0.5952470932174182,0.01721362980292269,0.6089495384443079,0.595203286329314,0.011903762798978354,0.5551161464193943,0.5747631260238331,-0.030110235749225556,0.5558720073511496,0.632499287487254,-0.01104689226555933,0.486595628088329,0.5984649514207528,0.019619843346006475,0.6226754013265445,0.5918153926130915,0.013478944565557904,no,2025-11-18T07:30:26.168938
0.1520980735783357,0.8176980617267866,6.259169985313112e-07,0.20651849397505667,0.7529165868884109,-0.0004201785160372366,0.24082039050713644,0.6549742650630734,-0.0074091706903806126,0.2700312425525677,0.5912397456549718,-0.020749880904720713,0.3060614660127806,0.5449402056073576,-0.032826002705450184,0.16599187603694454,0.5544573935376599,0.00971914512619898,0.2140375648393088,0.5021464765681368,-0.016582364459891474,0.25228547778297683,0.47934075033991397,-0.03665771930796062,0.28285759449433123,0.46552480115917305,-0.049011925999136396,0.13349442297409406,0.5564614774867488,-0.006648423792455304,0.1977709109306953,0.4942261117837397,-0.03737866642753804,0.24763834865322884,0.4855435648944592,-0.05126379370938747,0.2810677999007366,0.4787225641753068,-0.05512758762673398,0.11074431263555948,0.5776821692065464,-0.025918944022911318,0.1960026112750017,0.5558038052353428,-0.059110907022913106,0.2084649691268358,0.6283989212201726,-0.054314646006390514,0.19931331675818167,0.6707411793149196,-0.04194436954831153,0.1019388555368215,0.6122228624463546,-0.046473086988381096,0.1822570371903809,0.6063911098889061,-0.06797028254815103,0.1891796947058913,0.6616410461941156,-0.060796175765099776,0.17364981624710604,0.6923946299909852,-0.049472778939389894,0.0,0.0,0.0,0.0,0.0,0.0,0.0,0.0,0.0,0.0,0.0,0.0,0.0,0.0,0.0,0.0,0.0,0.0,0.0,0.0,0.0,0.0,0.0,0.0,0.0,0.0,0.0,0.0,0.0,0.0,0.0,0.0,0.0,0.0,0.0,0.0,0.0,0.0,0.0,0.0,0.0,0.0,0.0,0.0,0.0,0.0,0.0,0.0,0.0,0.0,0.0,0.0,0.0,0.0,0.0,0.0,0.0,0.0,0.0,0.0,0.0,0.0,0.0,0.4529154875295587,0.4046425654745929,0.01607246357924854,0.5073052691351455,0.4089475770614178,0.0029101994529890595,0.5896702927466919,0.4084085184054885,-0.0009519629843613982,0.6430074182162536,0.3956846293291413,0.0074603742224893105,0.5497591722416321,0.5181857970525774,-0.06854783469366638,0.5510078059908146,0.533725900267401,-0.03277554242469026,0.5490293577967333,0.5009943293397185,-0.07447755647207395,0.5484460296107108,0.47704467522016497,-0.07141805505833643,0.5359734022383744,0.5017623790186562,-0.07249229798435974,0.5623040432034628,0.5002727038635932,-0.07339078136376592,0.5015367433391257,0.595481397398733,0.017434960353305086,0.6094217282408612,0.5950793355303033,0.012442225581146014,0.5559108702410998,0.5741291974227747,-0.029978820800056427,0.556569270362968,0.6314600457554984,-0.010684948065668888,0.48682972660939583,0.5981807040695988,0.01980111579454283,0.6232039244753755,0.5915850601790738,0.014017651101302837,no,2025-11-18T07:30:26.361909
0.1502899597170243,0.8182395995966086,7.045182794208041e-07,0.20572217945498897,0.7551413836541664,-0.00035686479355927355,0.24175504472084575,0.6538748955549132,-0.00761622770289733,0.27222940275230467,0.5889672017287768,-0.02082755089291259,0.3096113599709594,0.5417503278422072,-0.03295010887998111,0.1681580560957504,0.5579593018942572,0.004330642400554197,0.21483210347363618,0.4976826131648591,-0.021129781502018052,0.25136963887298713,0.46281398254796297,-0.03893989994815069,0.2803946870586814,0.43673143215192844,-0.05004425105641863,0.1340705236504,0.5583599032006956,-0.01221403604822045,0.1950995189309429,0.4846501419018491,-0.04214840450724226,0.24645769790525823,0.4619534839881766,-0.05422052711373075,0.281944802092893,0.44297030160555195,-0.057366593038220504,0.11062681313926907,0.5782539407052629,-0.031213744651207093,0.19652341741099177,0.5531515924351,-0.06476240471241862,0.20889159487111136,0.6263750921332186,-0.05936407440938804,0.19913979819203714,0.668761004372273,-0.046809719812746196,0.10271882856291682,0.6113105774939293,-0.051343843894924496,0.1840831989187912,0.6079972872461651,-0.07377501538072109,0.19004147800489649,0.6639201863546567,-0.06751263358548415,0.17372858451420092,0.6930402894198548,-0.057188473593783234,0.0,0.0,0.0,0.0,0.0,0.0,0.0,0.0,0.0,0.0,0.0,0.0,0.0,0.0,0.0,0.0,0.0,0.0,0.0,0.0,0.0,0.0,0.0,0.0,0.0,0.0,0.0,0.0,0.0,0.0,0.0,0.0,0.0,0.0,0.0,0.0,0.0,0.0,0.0,0.0,0.0,0.0,0.0,0.0,0.0,0.0,0.0,0.0,0.0,0.0,0.0,0.0,0.0,0.0,0.0,0.0,0.0,0.0,0.0,0.0,0.0,0.0,0.0,0.4529864926346753,0.40431322824243865,0.01589555310074049,0.5074402713244697,0.40866872170674956,0.002967387958828488,0.5903145930228973,0.4082643666723029,-0.0004347471888275776,0.6435740692918426,0.3957692382971924,0.008303994231567836,0.5504976326429565,0.5173453404093759,-0.06876130637490555,0.5516460233567354,0.5329487238401367,-0.03298165030110455,0.5498132147221887,0.5001637213858245,-0.07464916414273329,0.5492403061128047,0.47631970220263464,-0.07150227236788281,0.5367536407592324,0.5009215120515187,-0.07271323551595116,0.5630740043669291,0.49948865805934484,-0.07350281972732173,0.5018182478826365,0.5950923570436353,0.01669499749835836,0.6099190106925436,0.5946437880196682,0.012333205430823928,0.5562448724145562,0.5744626390060346,-0.03040697319769381,0.5570057591152762,0.6316636080446804,-0.010853489686444673,0.48731632466753666,0.5978585445644777,0.019044706686617632,0.6233874515584428,0.5914234321414625,0.013983871909654009,no,2025-11-18T07:30:26.500631
0.14994824280750202,0.8196754605229442,7.297107243648111e-07,0.20537452223024105,0.7549231977494006,-0.00045495324505386773,0.24200140250835683,0.6535419630915588,-0.008254373551210533,0.2731634077884677,0.5885787594413537,-0.021751731860082966,0.3113009829010528,0.5405216595017768,-0.03421952669033292,0.16907670436079864,0.5580848970141757,0.0011587312306569897,0.21542468231056763,0.4950335234555985,-0.02384747570878748,0.2513280429605872,0.45553341963968885,-0.040553245319381745,0.2798278996359081,0.424153032040663,-0.05087401038502942,0.13458265765058605,0.557870259932791,-0.015190205231689837,0.19467638494373912,0.48045656428092637,-0.04404331405381492,0.24656604327616885,0.4515152091628963,-0.054781302661327046,0.28301390542953364,0.42708746885125315,-0.05735902220268016,0.11090529529539214,0.5773657341618356,-0.03371615480429369,0.1968945212054959,0.5532418414064538,-0.06706738032518819,0.2091341140191891,0.6267762249034319,-0.061286077618788945,0.19951723243189504,0.669778252325373,-0.04850147195750244,0.10323783678016141,0.6101671934634563,-0.053274911174041914,0.18343921274636765,0.608733678327291,-0.07565297166841269,0.19004775361559978,0.6651616803774931,-0.0692714463589347,0.17490334772375238,0.6946999321073121,-0.05890421753207438,0.0,0.0,0.0,0.0,0.0,0.0,0.0,0.0,0.0,0.0,0.0,0.0,0.0,0.0,0.0,0.0,0.0,0.0,0.0,0.0,0.0,0.0,0.0,0.0,0.0,0.0,0.0,0.0,0.0,0.0,0.0,0.0,0.0,0.0,0.0,0.0,0.0,0.0,0.0,0.0,0.0,0.0,0.0,0.0,0.0,0.0,0.0,0.0,0.0,0.0,0.0,0.0,0.0,0.0,0.0,0.0,0.0,0.0,0.0,0.0,0.0,0.0,0.0,0.4537221709494101,0.4038693714702336,0.015476519325691251,0.5080835234853397,0.408425641552151,0.0027772554007489876,0.5914631615608108,0.40803904726399265,-0.0002476865526017945,0.6443171850594345,0.3950578122457108,0.008715079590999115,0.5518086460333923,0.516762212593604,-0.06869619084876678,0.5527801063477098,0.5325167732474304,-0.03295435074383307,0.5511375982477826,0.49965035286706083,-0.07458439174419913,0.5505023971665097,0.4759342530044698,-0.07144516536613707,0.5380526712478413,0.5004488201956431,-0.07269191841214848,0.5643622933402334,0.49899244623815325,-0.07339456850809865,0.5023200552901189,0.594792724075025,0.016341788259131247,0.6102432008056377,0.5946592770416792,0.012517097170958105,0.5568668059525326,0.5740723841945609,-0.030482058815476887,0.5577893833494472,0.6310341296048445,-0.0108834564744906,0.48806226966599797,0.5979752522588929,0.018679913177729497,0.6241571583296517,0.5914028784185248,0.01423518086357706,no,2025-11-18T07:30:26.621257
0.14974086160665476,0.8211326673952611,7.320518540618457e-07,0.20581750483374464,0.7534308598057153,0.0007961046289751032,0.24245619929390086,0.651768943066928,-0.00662843492480654,0.273792743556595,0.5875801736163984,-0.019972447418889216,0.31202652547190396,0.5398891161125827,-0.03241304913763644,0.16868494867173614,0.5581030208928759,0.0012068847125076693,0.21521837046312609,0.4948083564715279,-0.023487567932041903,0.251028801906319,0.453745501533559,-0.039834869838483826,0.2797015045588598,0.42043668137792123,-0.04997067745077258,0.13404122940474555,0.55797805937733,-0.015756118424427226,0.19376334578693685,0.47969503872272334,-0.04430016706099178,0.24623127330272293,0.448417073232266,-0.05466610744626697,0.2835704512117761,0.42229757356079656,-0.05712191999087217,0.11051980688317352,0.5775170514891057,-0.034714975188406494,0.19667368863466933,0.5535039864037579,-0.06818642992585398,0.20904740553702605,0.6273910435697274,-0.062288914233541125,0.1995409638950857,0.6709673527290012,-0.049416468928723374,0.10334555766086317,0.6103132307782827,-0.05456536090814217,0.18310313806282769,0.60858808182989,-0.0770976020909202,0.19004046805869634,0.6654466446225692,-0.07059491479981723,0.17534574848069256,0.6954952125593934,-0.0601625805600464,0.0,0.0,0.0,0.0,0.0,0.0,0.0,0.0,0.0,0.0,0.0,0.0,0.0,0.0,0.0,0.0,0.0,0.0,0.0,0.0,0.0,0.0,0.0,0.0,0.0,0.0,0.0,0.0,0.0,0.0,0.0,0.0,0.0,0.0,0.0,0.0,0.0,0.0,0.0,0.0,0.0,0.0,0.0,0.0,0.0,0.0,0.0,0.0,0.0,0.0,0.0,0.0,0.0,0.0,0.0,0.0,0.0,0.0,0.0,0.0,0.0,0.0,0.0,0.45485098260662493,0.4033058488649233,0.015089971520909563,0.5088072723017518,0.4077815624552671,0.0025746683961311674,0.5921824043258613,0.40736221469587724,-0.00012675961198939373,0.6450237806515129,0.3942180648009102,0.00904350097120952,0.5526941074481537,0.5159790891802554,-0.06881182513377021,0.5536137594192773,0.5318615713237274,-0.03301074201074386,0.5520242611028037,0.49891896231552657,-0.07470333428743617,0.5513697155052519,0.47527455581589456,-0.07155631770203712,0.5389172996551401,0.4997521773984273,-0.07284383525416231,0.5652802913673061,0.49826087215262305,-0.07347530958316234,0.5030584057788332,0.5944346489618747,0.015958863092950252,0.6105598209037648,0.5941779356399802,0.012552817234550508,0.5577185954658903,0.5728764948030451,-0.03068496353542685,0.5585944344687604,0.630660471193566,-0.0104754005588331,0.4890244936834781,0.5983739784300903,0.018351280152619307,0.6246132392657627,0.5915616701319614,0.014390977595666017,no,2025-11-18T07:30:26.760803
0.14976862905028326,0.8212985433800952,7.391720490322672e-07,0.20569799051215581,0.7528439842470349,0.0003915746699405755,0.2423921235231406,0.6518415611960159,-0.007375789716107341,0.27364328497295387,0.5877466943883841,-0.020923522357503978,0.3117740874162803,0.539347330244478,-0.03346852515938104,0.16883225947066038,0.5591829100779382,0.00026794952227068153,0.21527956689679284,0.4948790572621769,-0.024593224764184365,0.2512714097441293,0.45289082194140107,-0.040746292937163364,0.28006822042193935,0.4188738470614124,-0.05067851503962102,0.13403735782590412,0.5585709340999809,-0.016498948138302424,0.1932100208148399,0.47888640400110166,-0.04527206448073221,0.2462050693677311,0.447124454251097,-0.055522943809784335,0.284080079531593,0.42159566604809084,-0.05777911216084899,0.11066650367847947,0.5776812230502322,-0.03523530288548876,0.19669839607896186,0.5543558578716787,-0.06877165177866568,0.20902657440108902,0.627691598368726,-0.06304012815659028,0.19954260743010205,0.6712320508266283,-0.05026250587923767,0.10382794196953643,0.6100820273287624,-0.05489798362773232,0.1836217760311926,0.6103795678581518,-0.07747733960632741,0.19053384606128482,0.666899207034948,-0.07132991430455835,0.17604629686302695,0.6966590108893769,-0.06115892854849396,0.0,0.0,0.0,0.0,0.0,0.0,0.0,0.0,0.0,0.0,0.0,0.0,0.0,0.0,0.0,0.0,0.0,0.0,0.0,0.0,0.0,0.0,0.0,0.0,0.0,0.0,0.0,0.0,0.0,0.0,0.0,0.0,0.0,0.0,0.0,0.0,0.0,0.0,0.0,0.0,0.0,0.0,0.0,0.0,0.0,0.0,0.0,0.0,0.0,0.0,0.0,0.0,0.0,0.0,0.0,0.0,0.0,0.0,0.0,0.0,0.0,0.0,0.0,0.45531072267900674,0.40300492466897286,0.01476085211381758,0.5088182541661652,0.4078855918088408,0.0023357866517533707,0.592799487971494,0.40732343096110546,-0.00013441272463510925,0.6452498821356014,0.39407900346120794,0.009242501216089483,0.5531973964746262,0.5162307807999971,-0.06885191734503185,0.5540931708320751,0.5320913929998153,-0.03298941922290695,0.5525317271280925,0.4991537838358715,-0.07477361262621053,0.551858330157106,0.4754730874963796,-0.07164950440084042,0.5394251031413976,0.4999701448286692,-0.07294003690265108,0.5657850071433851,0.49849601913848346,-0.0735161122543688,0.5036775629033784,0.5941473097657426,0.015947223066534233,0.6114955245323115,0.5940735807617321,0.012866730277317063,0.5582908494278152,0.5723654238770475,-0.03056983403670728,0.5589694226825308,0.6308699830733608,-0.010532510794313658,0.4893018770163759,0.5980420555144836,0.01829925972214362,0.6251367697602923,0.5912049090005358,0.014708917836059612,no,2025-11-18T07:30:26.887126
0.14991052119733325,0.821111800157226,7.371925279758167e-07,0.205770533311021,0.7527183335427374,-0.00034037198622981484,0.24257888683815035,0.6523683270800942,-0.008514368861547456,0.2736906110924721,0.5881278587889645,-0.022248948486825033,0.3118279638226574,0.539398630217759,-0.03496041486562401,0.16901294246039733,0.5592357357110425,-0.000863764151566266,0.2153048603002412,0.49539869539630144,-0.025960684761562054,0.25146654891675,0.4536781652011998,-0.04197972216624213,0.2804126748071458,0.41985863473714236,-0.05169758814212592,0.13378213209851036,0.5589145783399685,-0.017239807484719087,0.19301471866890982,0.4787760865506454,-0.04623162424740708,0.24620613095394994,0.44769071185150067,-0.05607025090612813,0.28412508534189207,0.4226879046545233,-0.057867406532489965,0.11013662699397339,0.5782189267354585,-0.03561908304200376,0.19712271475405385,0.5557669391744868,-0.06953615267775828,0.20934595878324333,0.6297312536006381,-0.06356938099118462,0.19965788501674017,0.6734195978296197,-0.050381060103691824,0.10305820209557945,0.6106776580277845,-0.05494440396985199,0.18290155973371686,0.6115805462581775,-0.07740969022156924,0.1897309270704068,0.6680053188399685,-0.07098189382401303,0.175051286771033,0.6972843618404099,-0.060551153260071565,0.0,0.0,0.0,0.0,0.0,0.0,0.0,0.0,0.0,0.0,0.0,0.0,0.0,0.0,0.0,0.0,0.0,0.0,0.0,0.0,0.0,0.0,0.0,0.0,0.0,0.0,0.0,0.0,0.0,0.0,0.0,0.0,0.0,0.0,0.0,0.0,0.0,0.0,0.0,0.0,0.0,0.0,0.0,0.0,0.0,0.0,0.0,0.0,0.0,0.0,0.0,0.0,0.0,0.0,0.0,0.0,0.0,0.0,0.0,0.0,0.0,0.0,0.0,0.4557771188468276,0.4032362899254288,0.014311968941467228,0.5095485375788407,0.40828797748877865,0.0020340516091922846,0.5934144870754229,0.40744257518933874,-0.0002022933629893288,0.6458800031710722,0.3944487143198679,0.009310312622266887,0.554174131491555,0.5172861908474625,-0.06866526944374281,0.5549752357952185,0.5330239007502433,-0.03282728566280788,0.5535202662015279,0.500184650678388,-0.07461153492719713,0.5528259696497047,0.47640042576532543,-0.07153854404764921,0.540403022504613,0.5009750161570867,-0.07280506951104844,0.5667582832099829,0.49950478637893414,-0.07333268060600139,0.5036621471400131,0.5940296277927987,0.01597030944339714,0.6121821551952329,0.5937811369995184,0.013198384287246713,0.5590489855907539,0.5728310748135085,-0.030288380271732508,0.5597475392144954,0.6306644074302351,-0.01044415279831087,0.4897767686816804,0.5982864124313141,0.018287023767784343,0.6257139925900308,0.5913941400814752,0.015052959446961424,no,2025-11-18T07:30:27.013142
0.14949131592512843,0.8212295183952634,7.362691321391115e-07,0.2052858154116331,0.7532702108921573,-0.00037164668020927546,0.24215934072504058,0.6531857053929981,-0.008912938158776038,0.27365718780369763,0.5893701947486387,-0.023009685115108987,0.31231582474389397,0.5405391850849233,-0.03612747398466423,0.16807702608268432,0.5593008021397314,-0.0012683304122689063,0.21485573491772925,0.4957532560462342,-0.026689665861506316,0.25142784738394264,0.4539635053892199,-0.042960913595647576,0.2804881785624398,0.420389205349986,-0.05288389631925479,0.13288984379640942,0.559495794962602,-0.017896266809688473,0.19221964854858914,0.4785695320276878,-0.04733978796093422,0.24618386297043277,0.4485737614013668,-0.0573086615093442,0.28416006051896087,0.42477617493201325,-0.059088307731014346,0.10961287783352501,0.5793519565203477,-0.036519225311804834,0.19684284519955958,0.5558944935855039,-0.0707491391385713,0.20969196764330778,0.6296183545472825,-0.0648010927699625,0.1997725431033675,0.6727199867791134,-0.05161967658008993,0.10322294658807483,0.6119867555828773,-0.056055769574447405,0.18347381724087805,0.6119239904275964,-0.07869765068114862,0.1903990654748816,0.6683256186046309,-0.07219911932273307,0.17506932464944014,0.697192440987191,-0.061740388044515995,0.0,0.0,0.0,0.0,0.0,0.0,0.0,0.0,0.0,0.0,0.0,0.0,0.0,0.0,0.0,0.0,0.0,0.0,0.0,0.0,0.0,0.0,0.0,0.0,0.0,0.0,0.0,0.0,0.0,0.0,0.0,0.0,0.0,0.0,0.0,0.0,0.0,0.0,0.0,0.0,0.0,0.0,0.0,0.0,0.0,0.0,0.0,0.0,0.0,0.0,0.0,0.0,0.0,0.0,0.0,0.0,0.0,0.0,0.0,0.0,0.0,0.0,0.0,0.456230705104795,0.40468148395769427,0.014936233235635967,0.5095493458939888,0.40945965315498045,0.0025726659386252327,0.5931484707353585,0.40868561242663193,0.0002463918204609044,0.6459155477071334,0.3958017462809895,0.009744102627524672,0.5542142720713086,0.5171411382456155,-0.06838721952306845,0.5550264240976367,0.533162120462936,-0.0328751809823105,0.5535608549845378,0.5000077761505801,-0.07422338314548524,0.5528778643376392,0.47629209892621127,-0.07104034664669409,0.5405282150391565,0.5008371191224734,-0.07241139567142349,0.5667263906360583,0.4993617145452868,-0.07295652769165922,0.504061658191436,0.5944114439451511,0.015320960987171936,0.6116304471807463,0.5943366107990298,0.012402084757779364,0.5589616175245334,0.5733244619863747,-0.030618327054649442,0.5597102454563994,0.6313337977817375,-0.011310153489836034,0.49015945613248907,0.5986623278625381,0.017624355971790902,0.625569516655962,0.5918500193739284,0.014233153375414382,no,2025-11-18T07:30:27.153109
0.14891656033397077,0.8219175641445311,7.322602059318785e-07,0.2048580115108817,0.7530772100240968,8.86519454459417e-05,0.24228029894118316,0.6527436872568934,-0.008188426716161604,0.27394519000456335,0.5894349533694976,-0.022058393464033852,0.31222781693775814,0.5410228569696467,-0.03495929754004158,0.16793520960887756,0.5589046289465289,-0.0008652835550272313,0.21474885414700168,0.4957167047080689,-0.025951528225133344,0.2512976319782567,0.4540256794104608,-0.04212058415864456,0.2804993020650334,0.42042766518071506,-0.05200680684953161,0.13271756808694068,0.5589747966283347,-0.017577705982618763,0.1922529433114459,0.47921962767384757,-0.04644496658488491,0.2458786247601912,0.44872623345146156,-0.05630219855347734,0.2838849191039705,0.42457312758231674,-0.05815397730105214,0.10949628212436024,0.5787884865571404,-0.03623365778353265,0.19678867405556363,0.5563263890771453,-0.06964029264872862,0.2090811933462854,0.6294853726567131,-0.0636884512137681,0.19908944834812006,0.672497228554199,-0.05073760155839652,0.1032874709685026,0.6114529963598591,-0.0558202044426421,0.1832393366752486,0.6118324685986554,-0.07790977088124089,0.19020979099482987,0.6679686385888908,-0.07140514164827068,0.1753956340139443,0.6968815677168774,-0.06104496907134838,0.0,0.0,0.0,0.0,0.0,0.0,0.0,0.0,0.0,0.0,0.0,0.0,0.0,0.0,0.0,0.0,0.0,0.0,0.0,0.0,0.0,0.0,0.0,0.0,0.0,0.0,0.0,0.0,0.0,0.0,0.0,0.0,0.0,0.0,0.0,0.0,0.0,0.0,0.0,0.0,0.0,0.0,0.0,0.0,0.0,0.0,0.0,0.0,0.0,0.0,0.0,0.0,0.0,0.0,0.0,0.0,0.0,0.0,0.0,0.0,0.0,0.0,0.0,0.4557588274888828,0.40623902283784064,0.01556292563589345,0.5094257723904301,0.4107588840802368,0.0029505797510417783,0.5933071676968571,0.40903493153375053,0.0003632724763454739,0.6462127167475487,0.39653351576725715,0.009796672746781974,0.5540745125062201,0.5166452103505299,-0.06860468249255229,0.554866618001272,0.5330127494938581,-0.03312373384473668,0.5534271309739431,0.49952947980636153,-0.07440189216382996,0.5527657077196619,0.47600561150248094,-0.07113278628606982,0.5403977518620007,0.5003951647381624,-0.07255354899290016,0.5665900429666497,0.49894654295017177,-0.07315928261557067,0.5045553540228573,0.5944266375285295,0.015109260843973064,0.6111239828028671,0.5943164138818757,0.01185360090305126,0.5588567493235612,0.5730408232459187,-0.031103081227973027,0.5594022180269668,0.6313229350294033,-0.01172803800455132,0.4898908904188065,0.598764335680384,0.017447903811920462,0.6254022092805109,0.5922644619536573,0.013674073883606678,no,2025-11-18T07:30:27.278070
0.14871474500596701,0.8220245393468932,7.310382209105904e-07,0.20500798101569856,0.7542650406733643,-0.00013763203385552673,0.24293365800025468,0.6533288906140728,-0.00847579689598721,0.2747169472237706,0.5898704090902206,-0.022356605917486075,0.3135163046709665,0.5418931046818753,-0.035214710937069245,0.1680674116496269,0.5594499910842111,-0.0011667530134563072,0.21511397247841188,0.49574429481314086,-0.026287856163476668,0.2517635122533953,0.454501446873428,-0.042270239844195784,0.2809659355459902,0.42154587063528703,-0.05203794485285494,0.1327668445345554,0.5595330566641582,-0.017875347325351454,0.19228344132220399,0.47822884335886595,-0.04699692834935774,0.24601368002249824,0.44854220579509724,-0.056811970365243464,0.28413695415704965,0.42554331032169124,-0.05849405827936079,0.1096175767897764,0.5791277723694516,-0.036545314732325335,0.1970456195170816,0.5565788744702133,-0.06993417015883124,0.20908549703086593,0.6295945962042263,-0.06400291331764607,0.1989272066431419,0.6722782034532775,-0.051088054125522225,0.10365990431703023,0.6113773284487893,-0.056178085568498556,0.18371484223298334,0.6125242853609579,-0.07809601514295009,0.19006729122504937,0.6684648433575557,-0.07170672669838765,0.17473469487753185,0.6968048390151464,-0.06152160858581457,0.0,0.0,0.0,0.0,0.0,0.0,0.0,0.0,0.0,0.0,0.0,0.0,0.0,0.0,0.0,0.0,0.0,0.0,0.0,0.0,0.0,0.0,0.0,0.0,0.0,0.0,0.0,0.0,0.0,0.0,0.0,0.0,0.0,0.0,0.0,0.0,0.0,0.0,0.0,0.0,0.0,0.0,0.0,0.0,0.0,0.0,0.0,0.0,0.0,0.0,0.0,0.0,0.0,0.0,0.0,0.0,0.0,0.0,0.0,0.0,0.0,0.0,0.0,0.4557731834854998,0.40772312384186343,0.015111007336089664,0.509546346049341,0.4115564084688751,0.0026561727904440206,0.5929870458483217,0.4093016057576818,0.0003507220134419324,0.6459549764043224,0.3970346583505475,0.009969258803995684,0.5544349186543094,0.5162336912577234,-0.06844008197751547,0.5551981360136518,0.5327819296423301,-0.03311011120497161,0.5537682627621333,0.49914264622566,-0.07420232119087228,0.553040614003111,0.4757844645198943,-0.07092875972995852,0.5407665910989996,0.5000775684168259,-0.0723904129272839,0.5668668906182278,0.49854989121938675,-0.07293419053693039,0.5046341764449461,0.5942089287629677,0.015038014528294754,0.6109826285321709,0.5938800528061875,0.012131486579128683,0.5591389655011666,0.5727093716983378,-0.031130871348895094,0.5596222830628608,0.6314036323649366,-0.011324271521972611,0.49004685237969897,0.5991391120197269,0.01734169109910169,0.6255720243446927,0.5921678187644568,0.013965297971523644,no,2025-11-18T07:30:27.413364
0.1493027627274403,0.8211062626219787,7.250705035584699e-07,0.20557810900283677,0.7530752870030946,3.4969006456498513e-05,0.24355957519830468,0.6524766062758169,-0.008184546892973987,0.27571098692517876,0.58907035783872,-0.022057369731501998,0.31498348006566207,0.5415955384420882,-0.03481135142650524,0.16880166583677253,0.5591026944404209,-0.0006377699942449442,0.21529886367584383,0.4949445162668152,-0.02567561465595899,0.252080345928486,0.4540641887935408,-0.04155555387550232,0.28161109057954414,0.4217779971824964,-0.05118325623847352,0.13364429111464785,0.5588630125163443,-0.017324042525960315,0.1922141858424527,0.47750403292363464,-0.04652518386404807,0.24621446873820835,0.4485159060877799,-0.0562877527833965,0.28473834852799534,0.427030758101405,-0.05779128932861759,0.11049581730957822,0.5779863515091277,-0.035987873049146066,0.19726986946141403,0.5564905106432334,-0.06930996637152034,0.20927568662626136,0.6292061070487227,-0.06349444616912081,0.19920493555452307,0.6723410377331848,-0.050576789500819966,0.10432765574056353,0.6096567063596333,-0.055636374311124774,0.18425800176109922,0.6116935682519207,-0.07737419276811315,0.19041952489070768,0.6675694604341947,-0.07109471760606219,0.17492809053225652,0.6963342515826922,-0.06096996563409762,0.0,0.0,0.0,0.0,0.0,0.0,0.0,0.0,0.0,0.0,0.0,0.0,0.0,0.0,0.0,0.0,0.0,0.0,0.0,0.0,0.0,0.0,0.0,0.0,0.0,0.0,0.0,0.0,0.0,0.0,0.0,0.0,0.0,0.0,0.0,0.0,0.0,0.0,0.0,0.0,0.0,0.0,0.0,0.0,0.0,0.0,0.0,0.0,0.0,0.0,0.0,0.0,0.0,0.0,0.0,0.0,0.0,0.0,0.0,0.0,0.0,0.0,0.0,0.45625752646755763,0.408561733868411,0.014776333505069045,0.5103059741759461,0.41239871862729033,0.0023267439412281536,0.5926812217652558,0.40965179946850155,-4.130667916960409e-05,0.6462004234018988,0.39812601276139437,0.009522907497422017,0.5545800741972261,0.5162394685956281,-0.06848594288213504,0.5553625539153342,0.5328109119685345,-0.0331159342071363,0.5539157914610227,0.49922083290038954,-0.07428607330681805,0.5531977366776114,0.47596836777611384,-0.0710877291143422,0.540871825946915,0.5001596624280175,-0.07247521263391478,0.5670631905540937,0.49863412117255196,-0.07302336151669137,0.5042774551868132,0.5947768851216114,0.015776937431166746,0.6114792684057949,0.5941144801384453,0.012780322938833922,0.5593590497442966,0.5726267049970418,-0.030911749501187337,0.5597005463051425,0.6311582661679724,-0.01076582817336271,0.48999105073494686,0.5990797667623506,0.01804123028740008,0.626385002612715,0.5921499849456592,0.014566070175099791,no,2025-11-18T07:30:27.558985
